"site","year","month","dayl","prcp","srad","swe","tmax","tmin","tave","vp","ET_har","ET_thorn","spei_01","spei_02","spei_03","spei_04","spei_05","spei_06","spei_07","spei_08","spei_09","spei_10","spei_11","spei_12","par","esT","vpd","elevation","seasonLength"
"Almont",1980,1,34682.6321824516,2.03225806451613,288.000000735484,49.9354838709677,0.483870967741935,-14.758064516129,-7.13709677419355,211.612903225806,19.1870940766711,0,-0.653933501469549,NA,NA,NA,NA,NA,NA,NA,NA,NA,NA,NA,662.400001691613,0.358042443394257,0.146429540168451,2475,0.657534246575342
"Almont",1980,2,38004.0828394379,2.58620689655172,389.406896655172,115.172413793103,1.70689655172414,-16.3103448275862,-7.30172413793103,197.241379310345,24.9743744214771,0,0.117711420004391,-0.238252237602546,NA,NA,NA,NA,NA,NA,NA,NA,NA,NA,895.635862306895,0.353523712237395,0.15628233292705,2475,0.657534246575342
"Almont",1980,3,42430.7612147194,1.29032258064516,502.400002754839,183.225806451613,3.14516129032258,-14.1612903225806,-5.50806451612903,215.483870967742,42.1735219010456,0,1.8615612899763,1.29626581934947,0.837222182828362,NA,NA,NA,NA,NA,NA,NA,NA,NA,1155.52000633613,0.405605581555208,0.190121710587466,2475,0.657534246575342
"Almont",1980,4,47059.20013021,0.833333333333333,596.586667886667,206.666666666667,8.71666666666667,-9.18333333333333,-0.233333333333333,300,74.1058501905343,0,1.27498738599802,1.61502426512155,1.47252700307376,1.19312077050768,NA,NA,NA,NA,NA,NA,NA,NA,1372.14933613933,0.60050558187808,0.30050558187808,2475,0.657534246575342
"Almont",1980,5,50903.535534271,1.29032258064516,595.303226593548,164.129032258065,14.758064516129,-1.62903225806452,6.56451612903226,407.741935483871,114.864542963931,48.6908618643877,1.18902283601947,1.40633834533366,1.63739948962046,1.56948872194252,1.39424985721826,NA,NA,NA,NA,NA,NA,NA,1369.19742116516,0.971679792306962,0.563937856823091,2475,0.657534246575342
"Almont",1980,6,52773.1204426833,0,678.933335366667,96.2666666666667,24.6,1.48333333333333,13.0416666666667,249.333333333333,174.644548927529,88.3802308187405,-1.06884779697819,0.110161160042665,0.583544545685688,0.951877744450916,0.941197362893462,0.808267037820129,NA,NA,NA,NA,NA,NA,1561.54667134333,1.50078146363683,1.2514481303035,2475,0.657534246575342
"Almont",1980,7,51773.1097530323,0.419354838709677,535.329035603226,5.93548387096774,26.6129032258065,5.32258064516129,15.9677419354839,325.161290322581,184.388975546386,107.275497003481,-1.02426191641314,-1.29616031593506,-0.34914168139209,0.13606558766831,0.554424549340246,0.569477567563014,0.44490521264423,NA,NA,NA,NA,NA,1231.25678188742,1.81336261289862,1.48820132257604,2475,0.657534246575342
"Almont",1980,8,48305.9611895161,0.774193548387097,481.754841464516,0,24.7903225806452,4.20967741935484,14.5,304.516129032258,155.9661269493,92.7883872808223,-0.728434963435451,-1.08820025467499,-1.34173560424916,-0.590297584487195,-0.10930595547825,0.297842959916878,0.315459238484992,0.202870403546925,NA,NA,NA,NA,1108.03613536839,1.65007981432058,1.34556368528832,2475,0.657534246575342
"Almont",1980,9,43810.56015625,0.733333333333333,448.10666504,0,21.7166666666667,0.4,11.0583333333333,313.333333333333,113.497791649413,64.5738119107151,-0.995367947899532,-1.29019266247973,-1.35665086171278,-1.54196548611826,-0.80317710855389,-0.315759574977256,0.0801387788095571,0.0960130585854498,-0.00548229288497953,NA,NA,NA,1030.645329592,1.31685103137748,1.00351769804415,2475,0.657534246575342
"Almont",1980,10,39208.8772681419,0.870967741935484,344.051611625806,0,14.3387096774194,-6.29032258064516,4.0241935483871,289.032258064516,65.6968715436135,24.8990367951818,-0.176916823605498,-0.730093936129984,-1.11645055849579,-1.26270194418017,-1.4892905206582,-0.813287207476019,-0.339369460176694,0.0551816781989978,0.0799039357011284,-0.0103756553552167,NA,NA,791.318706739354,0.814263677921574,0.525231419857058,2475,0.657534246575342
"Almont",1980,11,35400.9598958367,0.433333333333333,295.89333242,3.2,8.15,-10.9,-1.375,272,34.232595851821,0,-0.977081979245166,-0.719596619646432,-1.07680627316839,-1.47828056889532,-1.51756828551129,-1.67313591691518,-0.961590664997984,-0.469353135638244,-0.07111839466133,-0.038187237235009,-0.122516338260463,NA,680.554664566,0.552411634142504,0.280411634142504,2475,0.657534246575342
"Almont",1980,12,33615.3595052367,0.566666666666667,275.946668496667,18.9333333333333,5.58333333333333,-12.0166666666667,-3.21666666666667,240,25.5998959668986,0,-2.25227754463964,-1.95551913739624,-1.62873216849401,-1.8691900474216,-2.17608263765733,-1.97788932614828,-1.96468927476004,-1.29336536181212,-0.794495474695817,-0.405495619161804,-0.363267201475387,-0.429622432120396,634.677337542334,0.482006758463787,0.242006758463787,2475,0.657534246575342
"Almont",1981,1,34682.6321824516,0.290322580645161,316.490321990323,64.5161290322581,3.2741935483871,-16.7741935483871,-6.75,172.903225806452,22.8042437992975,0,-1.95006031239447,-2.30958307133117,-2.13418718827671,-2.0321957656678,-2.11708150344297,-2.372457957728,-2.17590249443338,-2.11281615022696,-1.52081582146164,-1.01032867980652,-0.621002227844478,-0.578888192626813,727.927740577743,0.368870698057923,0.195967472251471,2475,0.657534246575342
"Almont",1981,2,37929.6000279,0.285714285714286,406.857140678571,77.4285714285714,4.21428571428571,-15.875,-5.83035714285714,175.714285714286,30.0674037665723,0,-1.46719212411811,-1.8996112860236,-2.1515603670667,-2.18735546201407,-2.11029126767999,-2.13621401276018,-2.38212932626136,-2.24102714952999,-2.25596685217228,-1.69990042230565,-1.19806148968192,-0.812361086428867,935.771423560713,0.395772808590766,0.22005852287648,2475,0.657534246575342
"Almont",1981,3,42285.8322832677,0.612903225806452,469.05806166129,92.5161290322581,6.08064516129032,-10.0483870967742,-1.98387096774194,223.225806451613,52.3865666979467,0,-0.00247435853179205,-0.71236435926209,-1.22345172832851,-1.65819464745387,-1.78099560067423,-1.71881457975564,-1.82526886960606,-1.9121010079487,-1.88691722394704,-2.06356504477106,-1.6004395930332,-1.12245787357187,1078.83354182097,0.528186828515233,0.30496102206362,2475,0.657534246575342
"Almont",1981,4,46909.4401041667,0.2,597.43999634,86,14.6666666666667,-4.9,4.88333333333333,154.666666666667,100.046503744348,33.7814725009045,-1.60573838462286,-1.16793923019257,-1.42640158975735,-1.66718818946548,-1.92289977107871,-1.97344846397099,-1.86119524132471,-1.93960235288577,-1.9933279965903,-1.96336686531373,-2.14914280840297,-1.84975100527506,1374.111991582,0.864770835137941,0.710104168471274,2475,0.657534246575342
"Almont",1981,5,50803.1999747968,1.41935483870968,499.922581825806,35.0967741935484,15.5806451612903,-0.129032258064516,7.7258064516129,241.290322580645,117.825772118787,56.0642720765451,0.970818420208092,-0.363471265855344,-0.247411567772991,-0.563752137248888,-0.889488624171299,-1.2370526977621,-1.34715669481426,-1.28339793703191,-1.45380490420542,-1.54332032956461,-1.60396937023782,-1.73365789577919,1149.82193819935,1.05218825465095,0.810897932070304,2475,0.657534246575342
"Almont",1981,6,52750.0804687267,0.466666666666667,547.840001423333,0,24.7333333333333,3.5,14.1166666666667,302.666666666667,173.213288574173,94.6528080409335,-0.89463026119899,0.04969956716485,-0.678644586594342,-0.558400593026159,-0.795897471001692,-1.03906999372218,-1.29994456328308,-1.37471479826567,-1.32800310936207,-1.45877106790729,-1.55650384953878,-1.61326443734158,1260.03200327367,1.60962332315345,1.30695665648678,2475,0.657534246575342
"Almont",1981,7,51851.1484375065,2.74193548387097,435.922580351613,0,25.2741935483871,7.11290322580645,16.1935483870968,720,171.439803925649,108.587507164212,0.807059301821861,-0.165398705275353,0.364515818263314,-0.343710215880668,-0.286486553177707,-0.51332839084082,-0.757442464187691,-1.0080850881015,-1.09190941849155,-1.08176162569334,-1.23248709436128,-1.34102612014781,1002.62193480871,1.83970221628665,1.11970221628665,2475,0.657534246575342
"Almont",1981,8,48439.7419354839,1.45161290322581,454.193551829032,0,24.1129032258065,5.14516129032258,14.6290322580645,732.903225806452,150.328068582601,93.5027511172472,0.30177226307219,0.664924098055231,-0.133305255741789,0.327774259012134,-0.322849927454056,-0.288002192329015,-0.501534696669924,-0.723858975833784,-0.948983539548974,-1.02853782644968,-1.02413584157045,-1.17285677053518,1044.64516920677,1.66389723983274,0.930994014026286,2475,0.657534246575342
"Almont",1981,9,43971.8401041667,0.533333333333333,434.880003863333,0,21.0666666666667,1.83333333333333,11.45,664,109.272195378544,66.5490386365826,-0.291208470569278,0.0663782440127563,0.502792911935967,-0.17970536814997,0.246329779649206,-0.382044859625225,-0.357738235857988,-0.566821400529703,-0.776770839685988,-0.999393805952643,-1.07583010844216,-1.07072315489419,1000.22400888567,1.35151343762083,0.687513437620832,2475,0.657534246575342
"Almont",1981,10,39353.8063256,1.06451612903226,329.496773993548,0,13.1612903225806,-3.87096774193548,4.64516129032258,467.096774193548,61.3939960648661,28.1924630826476,0.656866756722355,0.318895139809353,0.40812657028152,0.641802584036625,0.0372717056297106,0.378895658532899,-0.251085816044821,-0.220151199661928,-0.418403849748599,-0.633583482108295,-0.866981922598382,-0.953086615352735,757.84258018516,0.85049891434785,0.383402140154302,2475,0.657534246575342
"Almont",1981,11,35493.11992188,0.166666666666667,290.453334046667,0.133333333333333,9.2,-9.13333333333333,0.0333333333333333,308,36.4619767088856,0.344513119504126,-1.42557660054164,-0.456690822166808,-0.38694888110201,-0.188362458412966,0.262548149465343,-0.270147176299448,0.112488080539471,-0.465875875219656,-0.42302476591917,-0.606640369236458,-0.808062481069972,-1.02811668854293,668.042668307334,0.612260424306657,0.304260424306657,2475,0.657534246575342
"Almont",1981,12,33638.3994791933,1.76666666666667,256.320000716667,17.4666666666667,1.93333333333333,-14.7666666666667,-6.41666666666667,197.333333333333,19.4649258097667,0,-0.921610302286998,-1.5173498766062,-0.796553317164167,-0.701513774516368,-0.482611591391481,0.0441537317939945,-0.432490198758648,-0.0273813756585043,-0.562911691178441,-0.513766106971466,-0.692152453665076,-0.885347511768212,589.536001648334,0.378427484835265,0.181094151501932,2475,0.657534246575342
"Almont",1982,1,34682.6321824516,1.48387096774194,308.129033241935,60,-1.56451612903226,-19.0161290322581,-10.2903225806452,150.967741935484,14.4594823530335,0,0.45024716199634,-0.276866042576008,-1.09140203007922,-0.595663349960786,-0.648130530223108,-0.472519477391441,0.053506410358498,-0.396371160995092,0.0601560009536358,-0.479249154605935,-0.426602634593569,-0.619560875584887,708.69677645645,0.279848738961955,0.128880997026471,2475,0.657534246575342
"Almont",1982,2,37929.6000279,0.964285714285714,392.457143510714,86.4285714285714,-0.107142857142857,-19.2142857142857,-9.66071428571429,141.428571428571,19.9396099562902,0,0.915034242884525,0.777921507660972,0.254090751100729,-0.448692388138688,-0.0981950590657205,-0.304323794663737,-0.165658946301221,0.259337512982663,-0.198969377291151,0.242919299134694,-0.315651629183365,-0.268139745418289,902.651430074642,0.294118414974433,0.152689843545862,2475,0.657534246575342
"Almont",1982,3,42285.8322832677,1.87096774193548,452.232257964516,110.451612903226,5.33870967741935,-11,-2.83064516129032,270.967741935484,49.9031020797571,0,0.652526752645435,0.927071142224241,0.872030675894683,0.545148824162421,0.00429781039204095,0.261477495077982,0.0247461539829666,0.0657506333033605,0.397209476496193,0.00168588595399266,0.414354548817471,-0.12893831398857,1040.13419331839,0.496065310825342,0.225097568889858,2475,0.657534246575342
"Almont",1982,4,46909.4401041667,0.0666666666666667,597.440003456667,117.6,10.3333333333333,-7.63333333333333,1.35,234.666666666667,80.93551820313,11.0994470962051,0.388244510905883,0.663169932180701,0.823457981627237,0.81409292275258,0.614377388594901,0.217671379999489,0.372096438963432,0.208304020642985,0.227763215237367,0.47988862573636,0.13500866477698,0.513448450799679,1374.11200795033,0.673343481741859,0.438676815075192,2475,0.657534246575342
"Almont",1982,5,50803.1999747968,0.709677419354839,589.316129622581,85.1612903225806,15.258064516129,-1.83870967741935,6.70967741935484,260.645161290323,118.024419238676,49.6215618935223,0.896827645960649,0.780028790122334,0.873504321723009,1.00524201532607,1.00023901427196,0.880478706742041,0.580787768023858,0.671401211535911,0.560554454985518,0.56379582561809,0.757682463843028,0.381583026467445,1355.42709813194,0.981436242272157,0.720791080981834,2475,0.657534246575342
"Almont",1982,6,52750.0804687267,0.5,584.640003456667,21.6,21.3333333333333,1.08333333333333,11.2083333333333,233.333333333333,153.741063667952,77.5176620873367,0.998364453143335,1.1654379384127,1.01271823856102,1.05213489512632,1.14645872393514,1.143988740163,1.02875326999508,0.792882799399676,0.859589341669226,0.774192624980203,0.797502735545842,0.962057476980274,1344.67200795033,1.33003237085566,1.09669903752233,2475,0.657534246575342
"Almont",1982,7,51851.1484375065,0.870967741935484,511.174194335484,0,25.5,4.66129032258065,15.0806451612903,327.741935483871,177.630505976704,102.096630047135,-0.230405017061542,0.638693367862363,0.866161338494452,0.81127535465367,0.905383481630502,1.02021821123466,1.02334652867785,0.901216417759906,0.670168653086167,0.756382511144118,0.674473251286867,0.693548686160369,1175.70064697161,1.71306201742134,1.38532008193747,2475,0.657534246575342
"Almont",1982,8,48439.7419354839,2.29032258064516,420.645161780645,0,24.1935483870968,7.17741935483871,15.6854838709677,572.903225806452,147.022985300448,99.3205246710594,0.870163355416009,0.339198665656164,0.824752475477494,1.0047628740235,0.940384147664193,1.0285817231155,1.14669064473659,1.14854775229351,1.00208832336629,0.765856984638257,0.854095389256328,0.785311677605059,967.483872095483,1.78090393709136,1.20800071128491,2475,0.657534246575342
"Almont",1982,9,43971.8401041667,1.8,400.213335163333,0,18.9666666666667,2.25,10.6083333333333,656,98.9411867950169,62.2927475624263,1.47450623361728,1.47191569596073,0.979250809145189,1.26162951999564,1.38014856124319,1.27753586470388,1.35811245855498,1.45992227241524,1.44771954549451,1.28910471610919,1.05360261575508,1.13365751352286,920.490670875666,1.2779946723129,0.621994672312902,2475,0.657534246575342
"Almont",1982,10,39353.8063256,0.483870967741935,359.122579267742,0,12.6612903225806,-5.74193548387097,3.45967741935484,407.741935483871,60.4464367945274,21.8452438730541,0.721783807716033,1.37861804599326,1.50217809100503,1.10280276040111,1.32770295749839,1.48338102872491,1.3600972600278,1.41932777644488,1.48594962263614,1.46938764800407,1.32109281015398,1.11378165471525,825.981932315807,0.782514887120755,0.374772951636884,2475,0.657534246575342
"Almont",1982,11,35493.11992188,0.666666666666667,287.46666819,3.33333333333333,4.96666666666667,-12.2666666666667,-3.65,252,28.0496888888238,0,0.503271252330839,0.841450324366677,1.38528059334243,1.54244828724707,1.20654403172165,1.38354354238121,1.56167860537273,1.43485975427533,1.48385493471094,1.53769894415218,1.5209362263706,1.37242815836752,661.173336837,0.466647764372406,0.214647764372406,2475,0.657534246575342
"Almont",1982,12,33638.3994791933,0.233333333333333,278.93333181,18.2666666666667,1.43333333333333,-15.7833333333333,-7.175,189.333333333333,18.4471185250578,0,-1.04704186638743,-0.358284724407757,0.270066891596809,1.10350825124817,1.32987909090961,1.00910363355664,1.23133755247287,1.42980100566993,1.31729836170782,1.37601777255366,1.4405991676589,1.42513902122903,641.546663163,0.356997536724264,0.167664203390931,2475,0.657534246575342
"Almont",1983,1,34682.6321824516,0.0967741935483871,334.038709087097,120.903225806452,2.51612903225806,-17.5806451612903,-7.53225806451613,162.58064516129,21.2154280655556,0,-1.64021359111071,-1.49828708044007,-1.0663777814642,-0.529848715664117,0.472582561025538,0.879844052438415,0.577207211794427,0.940135831465401,1.19069652100187,1.11340224453034,1.2070305724178,1.30267914033579,768.289030900323,0.347281266682362,0.184700621521072,2475,0.657534246575342
"Almont",1983,2,37929.6000279,1.32142857142857,395.542858121429,140.285714285714,3.78571428571429,-15.0357142857143,-5.625,201.428571428571,29.6024564833566,0,-1.19056877321192,-1.55993048521251,-1.48087378938422,-1.21013152643655,-0.841318105054319,-0.0708211197628693,0.383034316452985,0.196072186486913,0.67556552240724,0.958203760821517,0.935457504239727,1.0392819591679,909.748573679287,0.402013188931545,0.200584617502974,2475,0.657534246575342
"Almont",1983,3,42285.8322832677,1.25806451612903,450.68387136129,155.354838709677,5.43548387096774,-9.30645161290323,-1.93548387096774,291.612903225806,50.2365337070744,0,0.485012774077232,-0.226725992991833,-0.741022264454783,-0.858515625407094,-0.707515316155905,-0.389015020012844,0.158636103434036,0.478257172897405,0.281575820002158,0.759422814903642,1.02185521724614,1.00158707021406,1036.57290413097,0.530076879758045,0.238463976532239,2475,0.657534246575342
"Almont",1983,4,46909.4401041667,0.7,591.040000406667,162.4,7.41666666666667,-9.41666666666667,-1,213.333333333333,68.7275656887206,0,1.81709332834561,1.45403560245234,0.983043461779377,0.494459015940473,0.283228159010823,0.372407307364853,0.533554643698498,0.973206308261916,1.22374182223924,1.01953810630411,1.22478387468504,1.37504546347228,1359.39200093533,0.567817551306385,0.354484217973052,2475,0.657534246575342
"Almont",1983,5,50803.1999747968,1.29032258064516,588.077420141935,141.41935483871,14.1129032258065,-3.19354838709677,5.45967741935484,303.225806451613,112.68987376577,41.5109445965019,1.34430705249706,1.76337851629314,1.61273831817258,1.33776819942679,1.01417286231158,0.874459855616952,0.929888030470288,1.01128372482441,1.35282812601833,1.54873272234828,1.4600652096673,1.59915915767463,1352.57806632645,0.900186816758314,0.596961010306701,2475,0.657534246575342
"Almont",1983,6,52750.0804687267,0.933333333333333,600.000001016667,74,20.75,1.38333333333333,11.0666666666667,344,149.616215972196,76.6687711373955,1.37314161340205,1.67813470902182,1.85172427892954,1.7278763169519,1.53049255029564,1.29056482795456,1.15748011025573,1.19232285772497,1.2538677658807,1.52877905812425,1.71039511272031,1.67055683660354,1380.00000233833,1.31758029830819,0.973580298308188,2475,0.657534246575342
"Almont",1983,7,51851.1484375065,0.645161290322581,504.774194041935,1.93548387096774,25.5161290322581,6.03225806451613,15.7741935483871,513.548387096774,175.382001701114,106.14893281382,0.0223594994739433,1.06405652622569,1.40057139962857,1.68847415493302,1.65526183591387,1.47327335440485,1.2342285696232,1.09087456070868,1.12260122888245,1.19834318940019,1.47385246783084,1.64562327578615,1160.98064629645,1.79104983286078,1.277501445764,2475,0.657534246575342
"Almont",1983,8,48439.7419354839,2,453.367743706452,0,25.4354838709677,6.83870967741935,16.1370967741935,727.741935483871,155.772851013861,101.791282229207,-0.487796687237036,-0.255597626453672,0.67440932417558,1.15856871362613,1.52846906817818,1.54238086873137,1.34573658379792,1.08011735008774,0.920777195070083,0.960597115225786,1.05239628261197,1.3646967891647,1042.74581052484,1.83308603738642,1.10534410190255,2475,0.657534246575342
"Almont",1983,9,43971.8401041667,0.266666666666667,455.680001323333,0,22.6333333333333,0.783333333333333,11.7083333333333,486.666666666667,117.497038463512,67.8468692632071,-1.70855713621638,-1.70847921950732,-0.913379417215214,0.0797575721031765,0.678208944474729,1.14375009711505,1.19757241559966,0.990753569803299,0.720417140776771,0.571735533742828,0.618158385203591,0.718493718329956,1048.06400304367,1.37481317907317,0.888146512406498,2475,0.657534246575342
"Almont",1983,10,39353.8063256,0.354838709677419,360.464514948387,0,15.741935483871,-4.43548387096774,5.65322580645161,402.58064516129,69.823634649913,33.4172829824314,-1.00515136383579,-1.92994843694734,-1.97315329460956,-1.1736131095083,-0.194555107069278,0.400789465130102,0.903388472130779,0.964005423083395,0.76506971028714,0.522794886316325,0.394322468364413,0.440621004134872,829.06838438129,0.912364538537459,0.509783893376169,2475,0.657534246575342
"Almont",1983,11,35493.11992188,2.13333333333333,261.226667786667,14.4,5.15,-11.0166666666667,-2.93333333333333,257.333333333333,28.5437356462562,0,0.743753577721466,-0.355322441962023,-1.27689826906056,-1.51095733807088,-0.964005442136493,0.00482176801339136,0.560995277175123,1.02456736450942,1.07457227867204,0.876206674475666,0.636555608955706,0.498967969730288,600.821335909334,0.49229039284972,0.234957059516387,2475,0.657534246575342
"Almont",1983,12,33638.3994791933,3.5,237.653335563333,84,-1.16666666666667,-14.8166666666667,-7.99166666666667,220,15.163051372355,0,0.915198894424246,1.18946551407299,0.00928318922353224,-0.862396079943321,-1.07227737157874,-0.756110664064397,0.127374572855293,0.677256726037109,1.1239355900329,1.16921811311036,0.972918408560612,0.732834375075728,546.602671795666,0.335133098175801,0.115133098175801,2475,0.657534246575342
"Almont",1984,1,34682.6321824516,0.129032258064516,322.787097564516,62.1935483870968,-6.17741935483871,-25.1290322580645,-15.6532258064516,85.1612903225806,4.30747863784343,0,2.10178380073155,2.02049539662073,2.40382755313917,1.29046333025172,-0.0138810999005394,-0.290358744297605,-0.18950302373763,0.584784790853803,1.12412966461158,1.46565427397161,1.50398586146211,1.32836728802666,742.410324398387,0.181161050911229,0.0959997605886487,2475,0.657534246575342
"Almont",1984,2,38004.0828394379,0.517241379310345,407.503446910345,71.8620689655172,-1.17241379310345,-21.8275862068966,-11.5,88.2758620689655,16.0467634734916,0,1.62178997268505,1.96909567309339,1.97439648132177,2.16524763428785,1.62207821065847,0.574820567896933,0.272102469141702,0.233948059059229,0.909157198684414,1.37175377999871,1.63650709269641,1.6614269853659,937.257927893794,0.25415212586703,0.165876263798065,2475,0.657534246575342
"Almont",1984,3,42430.7612147194,0.67741935483871,466.580644177419,91.6129032258064,2.75806451612903,-15.0322580645161,-6.13709677419355,107.096774193548,40.5708554930252,0,2.0174995460259,1.96131394697802,2.14341429629556,2.09063229676169,2.33213844393352,1.88856586708094,1.32550840210513,1.01189545857863,0.871738798167284,1.33063315544447,1.66639671670044,1.84053857018293,1073.13548160806,0.386612033614944,0.279515259421396,2475,0.657534246575342
"Almont",1984,4,47059.20013021,0.833333333333333,555.413332113333,106,7.33333333333333,-9.25,-0.958333333333333,122.666666666667,68.3844881797947,0,1.86338694439214,1.95767217350144,2.09863517937949,2.29528662644665,2.29473822758631,2.43325291587299,2.14486692065893,1.80636586084404,1.64183462295533,1.53085608350033,1.69146478880926,1.86883167386614,1277.45066386067,0.569552632793731,0.446885966127064,2475,0.657534246575342
"Almont",1984,5,50903.535534271,0.935483870967742,623.690319432258,90.8387096774194,18.4516129032258,-1.09677419354839,8.67741935483871,247.741935483871,136.335296793755,61.9949953755949,-0.888608133401203,0.488687394188115,1.02734913521147,1.27481515924811,1.54907934009534,1.63222007240449,1.71322439656123,1.46330488643056,1.10292740207344,0.93078142944987,0.881299557104769,1.30016582681164,1434.48773469419,1.1224918804437,0.874749944959829,2475,0.657534246575342
"Almont",1984,6,52773.1204426833,1.5,516.479998273333,14.9333333333333,20.95,2.46666666666667,11.7083333333333,434.666666666667,149.413355448299,80.502373145073,1.4323674717608,0.423023026473614,1.03544248210338,1.33387751866187,1.50516043892745,1.72378204705496,1.74258710060317,1.80221675744844,1.62056899733213,1.35798158275579,1.25756467326345,1.24033661757031,1187.90399602867,1.37481317907317,0.940146512406498,2475,0.657534246575342
"Almont",1984,7,51773.1097530323,1.03225806451613,473.600000196774,0,25.4677419354839,6.40322580645161,15.9354838709677,625.806451612903,174.3177644387,107.087864265825,0.208851774189737,1.19851364832848,0.426007418423521,0.961821376860519,1.29727610765197,1.48832243520215,1.72152959033804,1.7313875622857,1.77577572865792,1.5960531684429,1.34608030501201,1.24561808018421,1089.28000045258,1.80962696090302,1.18382050929012,2475,0.657534246575342
"Almont",1984,8,48305.9611895161,2.06451612903226,428.180642406452,0,24.1451612903226,5.85483870967742,15,703.225806451613,149.307904082505,95.5518643741749,0.538676347886454,0.420278272577995,1.19885130731597,0.462352550482918,0.997153945772012,1.35623554221859,1.57106848733847,1.82850668704627,1.82087262819116,1.87690862638405,1.6767320697463,1.42486814888916,984.81547753484,1.70419015322178,1.00096434677017,2475,0.657534246575342
"Almont",1984,9,43810.56015625,0.7,427.7333313,0,20.5833333333333,0.85,10.7166666666667,554.666666666667,107.908462347997,62.8430607463659,-0.0206194799614683,0.423354014414709,0.406812561201294,1.08097887864273,0.445012195121,0.972647158991511,1.3445240833393,1.55782757696251,1.81247273709907,1.81875582894314,1.88739483769415,1.69081739271627,983.78666199,1.28725548050747,0.732588813840807,2475,0.657534246575342
"Almont",1984,10,39208.8772681419,1.61290322580645,323.199997932258,13.0322580645161,9.53225806451613,-5.12903225806452,2.20161290322581,424.516129032258,50.7595977667899,14.7716752478024,2.26544689337877,1.42964983851698,1.40894401776787,1.19366501271868,1.59954140074433,1.04343088601276,1.43527486869481,1.73243051573223,1.8711384730612,2.0654808677578,2.04544864539605,2.11008486448858,743.359995244193,0.71567129252257,0.291155163490312,2475,0.657534246575342
"Almont",1984,11,35400.9598958367,0.533333333333333,326.506666563333,35.2,5.6,-11.65,-3.025,258.666666666667,29.3027921035131,0,0.158371642234258,1.97309683293883,1.34751825272217,1.39196601990844,1.22205594034703,1.58174419175092,1.08879635989838,1.46328079707465,1.74529831456762,1.86700340789711,2.05261612054854,2.03309833571573,750.965333095666,0.488942212817922,0.230275546151255,2475,0.657534246575342
"Almont",1984,12,33615.3595052367,0.8,273.920002236667,52,0.966666666666667,-15.7833333333333,-7.40833333333333,194.666666666667,17.7958065872965,0,-0.740687645686252,-0.388209177362836,1.66131537408646,1.14536207549089,1.22196650910853,1.08914387587956,1.4931942402816,0.986391717364166,1.38629620884522,1.67653850450624,1.80563965678003,1.9904438576631,630.016005144334,0.350624621803389,0.155957955136722,2475,0.657534246575342
"Almont",1985,1,34682.6321824516,0.741935483870968,310.503227974194,67.6129032258064,-1.66129032258065,-19.9193548387097,-10.7903225806452,141.935483870968,13.8050848077684,0,0.428404848167621,-0.175490013133187,-0.123771653690674,1.7391978565097,1.26181818400032,1.32492194027658,1.14684614790012,1.57547735032664,1.06463247126486,1.43494222743521,1.72471035444254,1.87204203337204,714.157424340646,0.268959512557686,0.127024028686718,2475,0.657534246575342
"Almont",1985,2,37929.6000279,0.392857142857143,412.342855182143,89.5714285714286,-0.125,-19.4821428571429,-9.80357142857143,144.285714285714,19.7173787734199,0,0.836998224632472,0.724602770554204,0.28267734573468,0.317706916989134,1.61804725517205,1.41593437183375,1.48507521286717,1.33787018276898,1.6749062937069,1.17902554916495,1.50570081604182,1.76590437363754,948.388566918929,0.290825002637172,0.146539288351458,2475,0.657534246575342
"Almont",1985,3,42285.8322832677,1.74193548387097,442.012901551613,94.3225806451613,5.88709677419355,-10.5322580645161,-2.32258064516129,187.096774193548,51.7240086955152,0,0.307973309706602,0.682603659403273,0.680725893832645,0.422539831744601,0.438090911763293,1.34518983474212,1.31757899732844,1.45546616495161,1.36803977087878,1.64743483422898,1.18477740094169,1.488831167362,1016.62967356871,0.515123141015761,0.328026366822213,2475,0.657534246575342
"Almont",1985,4,46909.4401041667,0.833333333333333,565.760002643333,124.133333333333,12.0333333333333,-5.63333333333333,3.2,276,88.0102430489752,23.4298736430888,-0.370459496435112,0.00680497844394196,0.250185875109016,0.305695080487398,0.175833086337541,0.192192298250483,0.901187591567485,0.842289099605203,0.957731785253879,0.939449421809214,1.34746833308728,0.97906931776272,1301.24800607967,0.768282032279142,0.492282032279142,2475,0.657534246575342
"Almont",1985,5,50803.1999747968,0.967741935483871,584.77418666129,78.9677419354839,17.1451612903226,-0.919354838709677,8.11290322580645,336.774193548387,128.264487004946,58.4879747993246,-0.039689925236957,-0.249845071010899,-0.0553282122254734,0.148664611640626,0.203623579758183,0.1234252336944,0.138173300122344,0.699539910301792,0.651322162833165,0.723427678152284,0.729045128962638,1.20491486235238,1344.98062932097,1.08030300243221,0.743528808883825,2475,0.657534246575342
"Almont",1985,6,52750.0804687267,0.2,578.453333536667,10.4,23.8666666666667,2.18333333333333,13.025,354.666666666667,169.052150118129,88.282448036729,-0.519393102989323,-0.403424869338485,-0.423259253512215,-0.254043870728447,-0.0947988417835827,-0.045462716019421,-0.0952536808704386,-0.0802706575703677,0.393932876910222,0.340566603735758,0.407015671833945,0.413250013620516,1330.44266713433,1.49914625449732,1.14447958783065,2475,0.657534246575342
"Almont",1985,7,51851.1484375065,1.70967741935484,446.967741935484,0,25.1935483870968,6.29032258064516,15.741935483871,481.290322580645,172.582951020145,105.960992141542,0.523523516492972,-0.0428419638729448,-0.0926739332520547,-0.208534866954035,-0.0944860257140917,0.0452602723856398,0.0789845486566008,0.0187524030890717,0.0363140618441618,0.48855226649652,0.442917325243029,0.508420673063289,1028.02580645161,1.78735456126933,1.30606423868869,2475,0.657534246575342
"Almont",1985,8,48439.7419354839,0,540.49031903871,0,25.8225806451613,3.32258064516129,14.5725806451613,329.032258064516,163.443198762889,93.1903215223581,-2.08588145237554,-0.726665909400967,-0.848296421227441,-0.714249228679096,-0.696762010535326,-0.588122163293765,-0.464217695270956,-0.410736684302801,-0.446547390855622,-0.419452800500831,0.0168698160416388,-0.0363724855275364,1243.12773378903,1.65783965920539,1.32880740114087,2475,0.657534246575342
"Almont",1985,9,43971.8401041667,2.4,384.853334046667,0.266666666666667,17.7833333333333,-0.583333333333333,8.6,448,96.3774913851466,51.9436463394311,1.8190883602955,0.0894440238563063,0.368706546898542,-0.0728314753986057,-0.153908434609512,-0.252107399095439,-0.173726326633582,-0.0495470136081476,-0.0102594524862247,-0.0806893523089614,-0.0661688021183833,0.373379148246919,885.162668307334,1.11662131393411,0.668621313934106,2475,0.657534246575342
"Almont",1985,10,39353.8063256,0.870967741935484,358.916131293548,0,14.1451612903226,-4.87096774193548,4.63709677419355,427.096774193548,64.8477296783983,28.1500875160081,-0.0172562803162917,1.31881483949234,0.090164292749982,0.289715966199902,-0.0519753260716275,-0.163063494401078,-0.249522450203529,-0.159977913499406,-0.0303215321626969,0.0114715691189823,-0.0536252957622134,-0.0402442830159207,825.50710197516,0.850019334537768,0.42292256034422,2475,0.657534246575342
"Almont",1985,11,35493.11992188,1.83333333333333,249.92000071,8.26666666666667,4.71666666666667,-9.73333333333333,-2.50833333333333,308,27.7572035827612,0,0.86248909979046,0.48833907625832,1.42056404966172,0.429887558227606,0.552827398128624,0.168956885851033,0.0153192520600717,-0.109029021489219,-0.0234547180171361,0.107808265826955,0.144287719864828,0.0668001173135377,574.816001633,0.508081352843724,0.200081352843724,2475,0.657534246575342
"Almont",1985,12,33638.3994791933,0.833333333333333,299.30666504,53.4666666666667,-0.2,-18.35,-9.275,154.666666666667,15.1969965973953,0,0.0346030553154751,0.707723272891208,0.44322440642634,1.40915919103513,0.388427269705284,0.541234224694325,0.154515773412199,0.0186683213050754,-0.0995463972152429,-0.00985994064929411,0.123660373944219,0.160033606773691,688.405329592,0.3031771934896,0.148510526822933,2475,0.657534246575342
"Almont",1986,1,34682.6321824516,0.129032258064516,313.909677322581,23.3548387096774,0.5,-19.5483870967742,-9.5241935483871,132.903225806452,17.079050493971,0,-0.59935399742803,-0.380858354303759,0.104192873650021,0.101633959573151,1.26110538564561,0.0554656880927486,0.314003521962164,-0.0112764714076185,-0.0630437590482562,-0.144550681170055,-0.0415624632457275,0.0966153719050643,721.992257841936,0.297296750755202,0.16439352494875,2475,0.657534246575342
"Almont",1986,2,37929.6000279,2.28571428571429,321.142855507143,35.8571428571429,3.03571428571429,-11.8214285714286,-4.39285714285714,264.285714285714,28.9625219622485,0,-0.866733260177684,-0.811220459238129,-0.624705660078975,-0.255716278560898,-0.245275189566443,0.79940097548997,-0.273807145045245,0.0340044998617976,-0.185037850893158,-0.19693970681788,-0.24406118785632,-0.138770950650364,738.628567666429,0.441327364316902,0.177041650031188,2475,0.657534246575342
"Almont",1986,3,42285.8322832677,0.193548387096774,506.219356412903,38.8387096774194,9.32258064516129,-9.98387096774194,-0.330645161290323,207.741935483871,63.3058258618441,0,-1.5419683574693,-1.5322939113096,-1.43528196207288,-1.16523067510283,-0.906837471920979,-0.835781074328405,-0.104457108286118,-0.887312791834314,-0.596686828508122,-0.616412151742017,-0.561819472451278,-0.555565495489162,1164.30451974968,0.596266128981468,0.388524193497597,2475,0.657534246575342
"Almont",1986,4,46909.4401041667,1.03333333333333,509.226668293333,27.2,12.0833333333333,-5.2,3.44166666666667,288,88.0519464088861,24.9540786304498,-0.352118353146499,-1.05390673797386,-1.14666269224462,-1.14790454269555,-1.0006333835358,-0.797693079533271,-0.748286684730475,-0.198045038353461,-0.815197082355998,-0.598566659378829,-0.614401551059041,-0.548358826274448,1171.22133707467,0.781520243987231,0.493520243987231,2475,0.657534246575342
"Almont",1986,5,50803.1999747968,0.67741935483871,548.74838453871,5.54838709677419,17.1935483870968,-2.7741935483871,7.20967741935484,254.193548387097,130.151673460801,52.807029839598,-0.266398416593343,-0.378709681176297,-0.856451453471333,-0.982365415205556,-1.01866524237077,-0.92295714966873,-0.752294106990823,-0.709464462742147,-0.256263824259284,-0.771778052074725,-0.623574023776997,-0.679619778666029,1262.12128443903,1.01570740865951,0.761513860272409,2475,0.657534246575342
"Almont",1986,6,52750.0804687267,0.933333333333333,499.733332316667,0,23.2166666666667,3.15,13.1833333333333,336,163.463332319981,89.2107092443635,0.117233287319067,-0.135442167294981,-0.224699435032151,-0.613148322948678,-0.729538150286505,-0.785446325035159,-0.711933537852662,-0.577785517974331,-0.559746657277215,-0.190053516121052,-0.630913949926963,-0.514034359557714,1149.38666432833,1.51474419513516,1.17874419513516,2475,0.657534246575342
"Almont",1986,7,51851.1484375065,2.25806451612903,453.470970890323,0,23.8225806451613,5.04838709677419,14.4354838709677,585.806451612903,165.293832529947,98.3045214935553,1.51550148913559,0.929647960868624,0.501969916544308,0.271186174559498,-0.13059947609814,-0.253550861554397,-0.337604929337484,-0.292834339055741,-0.176730523855666,-0.171349877254345,0.182089449702802,-0.256025141989183,1042.98323304774,1.64320898210356,1.05740253049065,2475,0.657534246575342
"Almont",1986,8,48439.7419354839,1.41935483870968,460.38709283871,0,24.8225806451613,4.70967741935484,14.7661290322581,682.58064516129,155.453961600065,94.2608360466737,-0.532051548905635,0.705890337005213,0.525788663863663,0.218537684254064,0.0600306135730448,-0.31662048987691,-0.430213021953746,-0.496410485407259,-0.451980510926551,-0.343979433776846,-0.334282936245577,-0.00456214133825069,1058.89031352903,1.67868952648544,0.996108881324152,2475,0.657534246575342
"Almont",1986,9,43971.8401041667,1.8,391.466666666667,0,17.8833333333333,0.5,9.19166666666667,612,95.8633827335437,55.0233192293153,1.81038434264249,1.02087915739758,1.37686535123873,1.17705804862073,0.7962379250592,0.544088997502963,0.116636822561495,-0.016088134371419,-0.104667598620493,-0.0891141505144405,0.0116394240359067,0.00205221588868562,900.373333333334,1.16218206129059,0.550182061290589,2475,0.657534246575342
"Almont",1986,10,39353.8063256,1.19354838709677,362.219354445161,0.903225806451613,12.8548387096774,-4.96774193548387,3.94354838709677,434.838709677419,60.8390985576196,24.4664981346845,0.777261261313181,1.59890389208328,1.16752077008349,1.49741527245427,1.26775875962062,0.936076395149895,0.672126180446885,0.266199301353778,0.142841749993345,0.0558720716763276,0.066126026760805,0.160154278874885,833.10451522387,0.80965948089322,0.374820771215801,2475,0.657534246575342
"Almont",1986,11,35493.11992188,1.36666666666667,288.319999696667,5.73333333333333,5.76666666666667,-10.2166666666667,-2.225,294.666666666667,29.733682409878,0,0.258262934234276,0.750754984593701,1.52094605405841,1.19309763174222,1.51315132536214,1.29254748903895,1.00109883316341,0.729251288890351,0.32308246058973,0.201571386354891,0.112421406486846,0.114631346365979,663.135999302334,0.518856980171995,0.224190313505328,2475,0.657534246575342
"Almont",1986,12,33638.3994791933,0.7,285.973330433333,16.8,0.533333333333333,-17.4333333333333,-8.45,169.333333333333,16.5832798606966,0,-0.430504043709673,-0.108909501130911,0.492683019684668,1.42733237098889,1.06572081320354,1.45570483562246,1.226341352174,0.942358458126561,0.682135649045593,0.284239420089659,0.167747091016938,0.0807301564915646,657.738659996666,0.323391793205106,0.154058459871773,2475,0.657534246575342
"Almont",1987,1,34682.6321824516,1.06451612903226,296.877418270968,34.3225806451613,-0.338709677419355,-19.0967741935484,-9.71774193548387,144.516129032258,16.1339387414839,0,-0.0938566443124688,-0.322387824218648,-0.191907914432635,0.381451051330464,1.445317540973,0.992626090173473,1.45200649033051,1.20301126182711,0.939341689058146,0.695098157961951,0.318466487947125,0.204205004057709,682.818062023226,0.292799743168535,0.148283614136277,2475,0.657534246575342
"Almont",1987,2,37929.6000279,1.14285714285714,373.942856925,61.2857142857143,3.26785714285714,-15.5178571428571,-6.125,181.428571428571,28.3598046629408,0,-0.9790434526241,-0.625352128225995,-0.642535140951195,-0.503644633843595,-0.0897610151978043,0.937974949333356,0.580997704285456,1.20450113619746,0.989731795628037,0.753828083970321,0.561861979451491,0.198902346508977,860.0685709275,0.386969699484069,0.205541128055498,2475,0.657534246575342
"Almont",1987,3,42285.8322832677,0.838709677419355,478.245158535484,83.4838709677419,5.64516129032258,-13.5806451612903,-3.96774193548387,198.709677419355,50.0208362266576,0,0.448996540800069,-0.126898064547993,-0.117085761324962,-0.178276481546177,-0.124332511521649,0.189406594054556,0.975903291423485,0.6410580375121,1.27421211881553,1.03865115091531,0.83221560987014,0.655967344600947,1099.96386463161,0.455663697400543,0.256954019981188,2475,0.657534246575342
"Almont",1987,4,46909.4401041667,0.433333333333333,595.520002236667,99.2,13.6666666666667,-6.65,3.50833333333333,220,95.7662160515077,25.3719806897279,-1.22033501909616,-0.604935209097156,-0.8167706022323,-0.752692758883624,-0.719809930345504,-0.64849288645712,-0.405630545317699,0.164853750550075,-0.0748680173589493,0.463259849152961,0.500981701010626,0.409742273485346,1369.69600514433,0.785207512088484,0.565207512088484,2475,0.657534246575342
"Almont",1987,5,50803.1999747968,0.838709677419355,551.535485051613,56,16.7258064516129,-1.14516129032258,7.79032258064516,277.41935483871,125.98736263976,56.4693346300874,0.178523425806245,-0.628077085361851,-0.335326163531686,-0.516830137844861,-0.505090557869008,-0.502374652744823,-0.448068334864167,-0.258915946831776,0.208436219143725,0.000718606343983558,0.421827465204227,0.451839657194047,1268.53161561871,1.0568287096846,0.779409354845886,2475,0.657534246575342
"Almont",1987,6,52750.0804687267,1.06666666666667,544.959998576667,4.4,24.0833333333333,2.45,13.2666666666667,313.333333333333,170.180959959141,89.6986654515572,-0.545283323502785,-0.28191429855378,-0.704931307799848,-0.477667955873238,-0.621098990052667,-0.616618233888759,-0.601759269942734,-0.553270664601677,-0.399493045442194,-0.0283462415618446,-0.18845865704642,0.158312335068654,1253.40799672633,1.52301081787871,1.20967748454538,2475,0.657534246575342
"Almont",1987,7,51851.1484375065,0.387096774193548,524.903226790323,0,26.5161290322581,4.45161290322581,15.4838709677419,330.322580645161,185.021775443321,104.455593952716,-1.08794638688565,-1.00042825449045,-0.672325763804496,-0.941582327406971,-0.77167792341268,-0.893212867418239,-0.878035102154307,-0.859067476653513,-0.802261060487232,-0.657384477762364,-0.325074659580723,-0.46544232080612,1207.27742161774,1.75803250782435,1.42770992717919,2475,0.657534246575342
"Almont",1987,8,48439.7419354839,1.93548387096774,453.574195122581,0,24,5.01612903225806,14.508064516129,529.032258064516,149.830973390672,92.8330599632327,0.446037005775682,-0.58555550961578,-0.770062544239529,-0.566219869352537,-0.837567294206997,-0.701150966560162,-0.814942666885954,-0.805886733354182,-0.790597013725419,-0.744453329769027,-0.614945061995872,-0.310680586136717,1043.22064878194,1.65094044054459,1.12190818248007,2475,0.657534246575342
"Almont",1987,9,43971.8401041667,0.1,470.613332113333,0,21.5,-0.816666666666667,10.3416666666667,401.333333333333,113.245511263825,60.9348937054069,-1.05959277175582,-0.359950917261225,-0.908649545981943,-1.00942852782745,-0.795260118409281,-1.01853179852181,-0.890034962421399,-0.990364239514763,-0.970272909254964,-0.956362843147863,-0.910477318489665,-0.790748862721333,1082.41066386067,1.25544844106349,0.854115107730162,2475,0.657534246575342
"Almont",1987,10,39353.8063256,0.741935483870968,344.877416306452,0,16.6451612903226,-4.01612903225806,6.31451612903226,393.548387096774,72.6481114989232,36.7757340844979,-1.38883403927659,-1.71414462401832,-1.13475817142649,-1.30989038721281,-1.29112024031532,-1.05285686224428,-1.2021788869637,-1.07158612595601,-1.15032192082665,-1.12282675261129,-1.1001559193033,-1.052190423048,793.21805750484,0.955077715957215,0.561529328860441,2475,0.657534246575342
"Almont",1987,11,35493.11992188,0.733333333333333,285.120001726667,2.4,6.45,-10.3666666666667,-1.95833333333333,296,31.0211428323156,0,-0.211380077462707,-1.14997218580341,-1.53636011493101,-1.11707340827598,-1.35616897740859,-1.31410547217325,-1.07983255348133,-1.22551144424039,-1.09020552676508,-1.16902390364209,-1.1407049266994,-1.11740471250979,655.776003971334,0.529183608665209,0.233183608665209,2475,0.657534246575342
"Almont",1987,12,33638.3994791933,0.433333333333333,263.146666466667,11.3333333333333,0.566666666666667,-15.2,-7.31666666666667,196,17.417844216706,0,-0.737683021225164,-0.642832846569205,-1.26695919538534,-1.5342242487898,-1.21943691501832,-1.42935544415147,-1.35684646009268,-1.14442025525695,-1.2761649273537,-1.14579986312206,-1.2266196349385,-1.19500504879633,605.237332873334,0.353116089531743,0.157116089531742,2475,0.657534246575342
"Almont",1988,1,34682.6321824516,2.16129032258065,307.200000880645,116.903225806452,-3,-19.8709677419355,-11.4354838709677,136.774193548387,12.0489462421064,0,1.15003220925421,0.361940035156528,0.115570433131278,-0.77568053320987,-1.13094350733581,-0.886411241855409,-1.18098688866502,-1.15614632166941,-0.974234555539054,-1.14555150808581,-1.01123451054334,-1.10580587004579,706.560002025483,0.255467556830727,0.11869336328234,2475,0.657534246575342
"Almont",1988,2,38004.0828394379,0.758620689655172,440.7172357,155.862068965517,1.06896551724138,-19.1034482758621,-9.01724137931035,146.206896551724,22.1076393261337,0,0.366478986628432,0.863412903442962,0.407273917943795,0.281747581249839,-0.467793818653793,-0.917222422430392,-0.71963014762227,-1.07323213069727,-1.0651497331764,-0.892874022513365,-1.09094240425683,-0.952353854166905,1013.64964211,0.309368534052788,0.163161637501064,2475,0.657534246575342
"Almont",1988,3,42430.7612147194,0.483870967741935,504.051612116129,169.290322580645,5.37096774193548,-13.0806451612903,-3.85483870967742,227.096774193548,49.4033377267348,0,0.495452254393706,0.576831827677758,0.858475014399584,0.584014082346095,0.490130321399476,-0.0809553498957568,-0.572902037301968,-0.457509197870442,-0.843383520776463,-0.84717739028699,-0.699562633771724,-0.929477063297144,1159.3187078671,0.459540061615309,0.232443287421761,2475,0.657534246575342
"Almont",1988,4,47059.20013021,1.03333333333333,572.693332926667,164.4,12.4833333333333,-5.4,3.54166666666667,202.666666666667,89.9889503986448,25.5805307626441,-0.572330218447976,-0.0526397643601647,0.057726419380215,0.332108529973391,0.200824328128693,0.133577277466475,-0.288228940660198,-0.636101293113132,-0.562671727015642,-0.866719014631579,-0.872769988538128,-0.735467828960799,1317.19466573133,0.787056913378984,0.584390246712317,2475,0.657534246575342
"Almont",1988,5,50903.535534271,0.548387096774194,613.780650474194,124,17.2741935483871,-1.46774193548387,7.90322580645161,220.645161290323,129.590164058326,57.1771129471016,-0.221065250321955,-0.473704443114767,-0.18771287194879,-0.0777177638708297,0.143125482457579,0.0655563872173087,0.0162099033886952,-0.317883337177705,-0.599916576342293,-0.546221228129219,-0.838561837563128,-0.88551996796103,1411.69549609065,1.06499298510982,0.844347823819497,2475,0.657534246575342
"Almont",1988,6,52773.1204426833,0.633333333333333,576.746668496667,33.4666666666667,24.65,4.6,14.625,330.666666666667,170.998288517967,97.5963260255345,-0.667671167663457,-0.610283512108841,-0.650427382038733,-0.416781740956035,-0.332430279930678,-0.151305615375555,-0.195899670988682,-0.229646960893707,-0.486509027889837,-0.710066827470333,-0.668435463420864,-0.902732506243668,1326.51733754233,1.66346391158918,1.33279724492251,2475,0.657534246575342
"Almont",1988,7,51773.1097530323,0.838709677419355,513.238709480645,0,26.7741935483871,5.74193548387097,16.258064516129,356.129032258065,184.843730659599,108.961914546246,-1.02769200456579,-1.03942045256635,-0.880293881498623,-0.878224981130678,-0.700293896195936,-0.629088647768132,-0.461284300656913,-0.494050257371569,-0.506065541611995,-0.716476213406466,-0.910314499246635,-0.868134068273834,1180.44903180548,1.84728921427585,1.49116018201778,2475,0.657534246575342
"Almont",1988,8,48305.9611895161,1,463.483867032258,0,25.6935483870968,6.7741935483871,16.2338709677419,460.645161290323,157.566098705018,102.319513965742,-0.961623545434087,-1.1871932472249,-1.21741359515934,-1.06863626308632,-1.03916663313437,-0.892753291960214,-0.834363192286302,-0.67980804327725,-0.700008423296662,-0.706155687152346,-0.883808712339946,-1.05402525875401,1066.01289417419,1.84444087878446,1.38379571749414,2475,0.657534246575342
"Almont",1988,9,43810.56015625,1.03333333333333,444.37333679,0,20.5833333333333,-0.35,10.1166666666667,434.666666666667,108.802600200742,59.785545100988,-0.119347309493468,-0.796685013974437,-1.10256159750131,-1.19555633663766,-1.08253491463861,-1.05957536850739,-0.922851067395024,-0.862290346690026,-0.707295351540371,-0.735082109855144,-0.742960324912404,-0.916590781975545,1022.058674617,1.23669842654596,0.802031759879296,2475,0.657534246575342
"Almont",1988,10,39208.8772681419,0.387096774193548,360.154838316129,0,17.5161290322581,-3.54838709677419,6.98387096774194,418.064516129032,75.3896869911192,40.1272954025995,-1.82174199204959,-1.41450531098317,-1.84626544952029,-1.62356090531506,-1.58300570143272,-1.39505849061928,-1.31646256070617,-1.17981954503378,-1.1103229928241,-0.956173962095209,-0.966922014303343,-0.966721810056467,828.356128127097,1.00010142193908,0.582036905810045,2475,0.657534246575342
"Almont",1988,11,35400.9598958367,1.1,267.09333496,10.6666666666667,5.56666666666667,-10.6333333333333,-2.53333333333333,292,29.3419312500443,0,0.289384496153575,-1.26671816596451,-1.03313445641023,-1.58684142828378,-1.57866205793667,-1.53444886329671,-1.37067120671557,-1.28993505757792,-1.14804102103041,-1.07496661504817,-0.917153975236063,-0.931893505197705,614.314670408,0.507140172370233,0.215140172370233,2475,0.657534246575342
"Almont",1988,12,33615.3595052367,1.53333333333333,268.479999543333,37.2,-0.683333333333333,-18.0166666666667,-9.35,154.666666666667,14.7205086665093,0,0.416096056912,0.463324154994557,-1.01182130300665,-0.808911024919676,-1.26722800633125,-1.42488180169076,-1.40408682695474,-1.30495209620837,-1.24253455719901,-1.1048257816995,-1.03407966056162,-0.874312265608807,617.503998949666,0.301396549122191,0.146729882455524,2475,0.657534246575342
"Almont",1989,1,34682.6321824516,0.838709677419355,303.070965183871,39.6129032258064,-4.87096774193548,-21.8870967741935,-13.3790322580645,110.967741935484,8.40545851220895,0,1.58367265105866,1.34461847831144,1.37362535530589,-0.230908828656092,-0.274189464225073,-0.748483762633765,-1.05646712009377,-1.11051423112094,-1.06824501372392,-1.04251635069292,-0.898670531199518,-0.82616111360947,697.063219922903,0.218392955315789,0.107425213380305,2475,0.657534246575342
"Almont",1989,2,37929.6000279,2.14285714285714,372.685712539286,92.2857142857143,-1.23214285714286,-17.6785714285714,-9.45535714285714,167.142857142857,18.9660130544392,0,1.37020768846484,1.57679423272585,1.45881973267654,1.50194137493198,0.412338244560102,0.222425896048106,-0.26210677107858,-0.722952513792318,-0.834013359961345,-0.828453499526594,-0.842157206282073,-0.693601843835436,857.177138840358,0.29891090143726,0.131768044294403,2475,0.657534246575342
"Almont",1989,3,42285.8322832677,0.774193548387097,487.741933516129,122.064516129032,7.43548387096774,-8.93548387096774,-0.75,281.290322580645,56.8953982510406,0,-0.690970190437015,0.274010334606033,0.830515123398705,0.82498579428394,0.884961711016302,0.0817703826249869,-0.0866897434127605,-0.509165770622765,-0.854500571871355,-0.903864608082423,-0.88803776150827,-0.900428244914822,1121.8064470871,0.578298802213311,0.297008479632666,2475,0.657534246575342
"Almont",1989,4,46909.4401041667,0.7,588.266664633333,111.2,14.05,-3.96666666666667,5.04166666666667,325.333333333333,96.6722060902163,34.7276084099917,-1.27844010071437,-1.20367933735508,-0.625410232086617,-0.12281465937053,-0.000151507359441901,0.0499979613077611,-0.511876672885104,-0.602990541255231,-0.885481039060852,-1.09450983540118,-1.13191383779089,-1.11946733707267,1353.01332865667,0.874375400675359,0.549042067342026,2475,0.657534246575342
"Almont",1989,5,50803.1999747968,0.483870967741935,595.92258576129,66.3225806451613,18.5322580645161,-0.790322580645161,8.87096774193548,265.806451612903,136.536424966079,63.1902605253587,-0.956041576436096,-1.29021652664866,-1.27338184676988,-0.918955634839765,-0.532468604901868,-0.408730763335049,-0.352800978703443,-0.764027306469866,-0.824531703772259,-1.03795831245495,-1.21020295403195,-1.26808082120239,1370.62194725097,1.13728756941639,0.871481117803485,2475,0.657534246575342
"Almont",1989,6,52750.0804687267,0.733333333333333,521.493333943333,5.06666666666667,22.1666666666667,2.91666666666667,12.5416666666667,293.333333333333,156.786761707652,85.4393345599427,0.746492361253544,-0.14205080225473,-0.637802367690466,-0.695486404453359,-0.426806818655831,-0.153960849139821,-0.0625272685694358,-0.0304238250864523,-0.401437290502187,-0.467626185223846,-0.686269189230677,-0.902462211600835,1199.43466806967,1.45240172544349,1.15906839211016,2475,0.657534246575342
"Almont",1989,7,51851.1484375065,1.54838709677419,472.258064516129,0,27.0645161290323,6.45161290322581,16.758064516129,442.58064516129,185.678151401391,111.856874141937,-1.03974271343238,-0.0755099026868149,-0.545872669432114,-0.872752929816181,-0.932549863195159,-0.713739390763544,-0.467715232600562,-0.380494685580905,-0.334146629832673,-0.644835439497742,-0.701561819590025,-0.886736160831808,1086.1935483871,1.90702531116828,1.46444466600699,2475,0.657534246575342
"Almont",1989,8,48439.7419354839,1.06451612903226,485.574191677419,0,24.0161290322581,4.82258064516129,14.4193548387097,584.516129032258,150.242481694473,92.3414765424608,0.256292744172363,-0.64745479825748,-0.0755913902514148,-0.509066508228777,-0.814765728104929,-0.882927484941027,-0.691867502543008,-0.468198465527743,-0.390613147144433,-0.349884220193303,-0.636691926976074,-0.697699533096544,1116.82064085806,1.64149520664823,1.05697907761597,2475,0.657534246575342
"Almont",1989,9,43971.8401041667,1.1,437.120002236667,0,21.65,0.65,11.15,505.333333333333,113.009442987368,65.0369296287909,-0.849257460609295,-0.365956526437879,-0.874908446725315,-0.302319611997095,-0.693282601997703,-0.960845698318618,-1.0267772695091,-0.841819466721316,-0.621122814641137,-0.550353000259298,-0.510191286092138,-0.781239207167994,1005.37600514433,1.3248925525855,0.819559219252166,2475,0.657534246575342
"Almont",1989,10,39353.8063256,0.774193548387097,359.638709283871,0.645161290322581,14.4677419354839,-5.2258064516129,4.62096774193548,411.612903225806,65.945231649481,28.0653066615251,-0.241520061712355,-0.663208818893103,-0.403817153595002,-0.884229789951546,-0.325313224846768,-0.722346755042861,-0.966834747662727,-1.02530512938686,-0.832128166649197,-0.613123216380644,-0.540850400760444,-0.502389129685821,827.169031352903,0.849060892373825,0.437447989148019,2475,0.657534246575342
"Almont",1989,11,35493.11992188,0.433333333333333,290.986665346667,1.86666666666667,8.31666666666667,-10.6666666666667,-1.175,268,34.5887490508042,0,-1.04591490436452,-0.808246414724055,-1.05893962810342,-0.816792920727583,-1.15015606178983,-0.521014896594511,-0.884775954907586,-1.09507890653459,-1.14484804722638,-0.950864447066857,-0.72952861013948,-0.655332159708357,669.269330297334,0.560581315302474,0.292581315302474,2475,0.657534246575342
"Almont",1989,12,33638.3994791933,0.366666666666667,271.67999929,20.4,0.433333333333333,-17.3333333333333,-8.45,161.333333333333,16.4907212967452,0,-0.500028059714818,-1.08230247507746,-0.913817661960545,-1.10030625809491,-0.894039733407993,-1.19555549168424,-0.59278031280651,-0.929379403924942,-1.12706959807702,-1.17744913176573,-0.988078829556752,-0.765140248493333,624.863998367,0.323391793205106,0.162058459871773,2475,0.657534246575342
"Almont",1990,1,34682.6321824516,0.387096774193548,306.374193751613,42.9677419354839,-0.419354838709677,-18.6612903225806,-9.54032258064516,149.677419354839,16.2596885236737,0,-0.309840832209354,-0.489915644754386,-1.0097124886691,-0.989571761244913,-1.203830448696,-1.05957344761295,-1.27114790936761,-0.68278090932408,-0.961720348313375,-1.15336404964747,-1.21025586232617,-1.01721012055084,704.66064562871,0.296919664317858,0.147242244963019,2475,0.657534246575342
"Almont",1990,2,37929.6000279,0.571428571428571,397.714284625,59,2.96428571428571,-15.7857142857143,-6.41071428571429,108.571428571429,27.6394637943697,0,-0.948409347629303,-0.716486193017617,-0.730615380696364,-1.07440737540957,-1.09787684449033,-1.31916664424732,-1.2346488475019,-1.40828880662973,-0.839668538641927,-1.07956700721633,-1.26371191123159,-1.32102717428385,914.7428546375,0.378600124936517,0.270028696365088,2475,0.657534246575342
"Almont",1990,3,42285.8322832677,0.580645161290323,466.374193745161,67.3548387096774,8.74193548387097,-7.62903225806452,0.556451612903226,176.774193548387,61.2549926681575,4.79836698130327,-1.27929295740345,-1.34407921665006,-1.18644932875469,-1.07466248609572,-1.31750635438729,-1.29242626944495,-1.47702588633511,-1.39756476337976,-1.50155558720403,-1.07262692867441,-1.26663787889397,-1.43358566165752,1072.66064561387,0.635914127662164,0.459139934113778,2475,0.657534246575342
"Almont",1990,4,46909.4401041667,2.13333333333333,487.4666687,51.6,12.8333333333333,-3.41666666666667,4.70833333333333,273.333333333333,90.470426764609,32.7309315036496,-0.503054454257406,-0.966680818694782,-1.10064328238842,-1.04831794650267,-0.99836248239692,-1.1796562612644,-1.14835869797457,-1.32748333927791,-1.27999893748278,-1.40273571776003,-1.04483308414642,-1.23838782656033,1121.17333801,0.854263909674899,0.580930576341566,2475,0.657534246575342
"Almont",1990,5,50803.1999747968,0.645161290322581,570.529030093548,11.4838709677419,16.8548387096774,-2.01612903225806,7.41935483870968,339.354838709677,127.5875350834,54.1339413267836,-0.00324793041955149,-0.301432491187677,-0.668568634513884,-0.82382580971606,-0.825168112619698,-0.814378898157892,-0.9768743372242,-0.958068959743228,-1.14064122137872,-1.10151000753301,-1.2628395757296,-0.97671633363513,1312.21676921516,1.0303908094447,0.691035970735027,2475,0.657534246575342
"Almont",1990,6,52750.0804687267,0.266666666666667,547.94666748,0,25.6333333333333,2.65,14.1416666666667,385.333333333333,180.351048511323,94.7979002316297,-1.53240421014311,-1.0705398417685,-0.952751254783373,-1.14864757929539,-1.25346450078464,-1.23516011083395,-1.20650029775258,-1.29971190072853,-1.26754085278421,-1.38507764721866,-1.3574427043538,-1.45484087044696,1260.277335204,1.61223496428214,1.22690163094881,2475,0.657534246575342
"Almont",1990,7,51851.1484375065,2.12903225806452,451.199998425806,0,25.1935483870968,6.83870967741935,16.0161290322581,690.322580645161,171.451381419637,107.556850689632,0.725997438588159,-0.718079200498704,-0.551309698096137,-0.605747468010101,-0.83613556217533,-0.950642537238436,-0.955909129543626,-0.940957392906985,-1.03875440257473,-1.03909876447774,-1.17420087595819,-1.15603307194385,1037.75999637935,1.81897878097241,1.12865620032725,2475,0.657534246575342
"Almont",1990,8,48439.7419354839,1.16129032258065,472.774189612903,0,24.2903225806452,4.35483870967742,14.3225806451613,562.58064516129,152.658886946625,91.8047401115603,-0.109349170653991,0.395835137704494,-0.731383975481621,-0.609311767607518,-0.649593556117831,-0.864397751804236,-0.96649460482076,-0.971209054740317,-0.955105088772302,-1.04247617346076,-1.0455227700891,-1.17475257469231,1087.38063610968,1.63124549356087,1.06866484839958,2475,0.657534246575342
"Almont",1990,9,43971.8401041667,1.7,412.053334553333,0,22.35,3.16666666666667,12.7583333333333,637.333333333333,114.011384465309,73.0833534024077,-0.918273367185656,-0.725761110875715,0.0252970155395005,-0.932013499256021,-0.803687413462753,-0.815770454957063,-1.02013238211815,-1.1092108720032,-1.10307241309296,-1.08874183839018,-1.1664050427476,-1.16501374111907,947.722669472666,1.47319517095219,0.835861837618854,2475,0.657534246575342
"Almont",1990,10,39353.8063256,1.7741935483871,363.045161583871,3.87096774193548,13.7258064516129,-4.62903225806452,4.54838709677419,446.451612903226,63.4583138900393,27.6832985057114,0.411397738278303,-0.266060964824352,-0.323106129858575,0.124818021851367,-0.748297574196917,-0.698002404589645,-0.723240595625835,-0.925238489401565,-1.00662097235877,-1.00463225168654,-0.992526864991686,-1.07839695406079,835.003871642903,0.844759720385543,0.398308107482317,2475,0.657534246575342
"Almont",1990,11,35493.11992188,1.3,291.946667993333,23.8666666666667,6.53333333333333,-9.6,-1.53333333333333,306.666666666667,31.1994964981532,0,-0.118305351504739,0.249728351745073,-0.22539540025643,-0.301350585218307,0.149508528432604,-0.732538866538089,-0.700373394429646,-0.727372749512493,-0.930778497822181,-1.0116497391408,-1.00996152470821,-0.998666106889137,671.477336384666,0.54601909070328,0.239352424036613,2475,0.657534246575342
"Almont",1990,12,33638.3994791933,0.433333333333333,283.94666723,34.1333333333333,-2.18333333333333,-19.45,-10.8166666666667,150.666666666667,12.142052014219,0,0.900386624230616,0.425460699066698,0.573757537960081,0.0111784006143954,-0.0575518361699212,0.307631435146301,-0.582640252996716,-0.584901012568288,-0.631412672908808,-0.842863075200469,-0.929136099469759,-0.93018138318542,653.077334629,0.268396397915387,0.11772973124872,2475,0.657534246575342
"Almont",1991,1,34682.6321824516,0.419354838709677,312.361290719355,38.5806451612903,-2.75806451612903,-21.1774193548387,-11.9677419354839,121.290322580645,11.5368598621217,0,0.888546933093999,1.02758666605687,0.792337144411625,0.956893898739253,0.196743343355136,0.0907498322295575,0.438051736980435,-0.455771788848504,-0.431675469459627,-0.48902269012189,-0.717359787638801,-0.816585140841281,718.430968654516,0.244794412085782,0.123504089505137,2475,0.657534246575342
"Almont",1991,2,37929.6000279,0.285714285714286,401.371429442857,44,3.89285714285714,-16.4285714285714,-6.26785714285714,98.5714285714286,29.135308483217,0,-1.29830660004573,-0.298299294752485,0.0356839204298779,-0.0261506017423366,0.182455967282316,-0.347780779761613,-0.405134156947859,0.0212380012439077,-0.703861932924949,-0.636471459838488,-0.657160685357193,-0.878868719121491,923.154287718571,0.382764562847043,0.284193134275615,2475,0.657534246575342
"Almont",1991,3,42285.8322832677,1.96774193548387,432.619356216129,61.0322580645161,4.85483870967742,-11.1290322580645,-3.13709677419355,200,48.3477795008504,0,0.943336515604711,0.00918237385089395,0.342706156297495,0.51808018157258,0.451341639816172,0.575820948224547,0.0989517535926648,-0.0335624171264991,0.269853413019231,-0.401579205054739,-0.352594197093316,-0.410016879032624,995.024519297097,0.484875312119834,0.284875312119834,2475,0.657534246575342
"Almont",1991,4,46909.4401041667,0.633333333333333,531.94666138,76.6666666666667,9.43333333333333,-7.18333333333333,1.125,234.666666666667,76.9209182991816,9.47886219355103,0.935389587005199,1.10260418777177,0.588239105126413,0.713724534113228,0.833984205477209,0.784077596385163,0.830676644090317,0.502127387231157,0.386295284422254,0.598572348690952,-0.046383966788152,0.00104237975920999,1223.477321174,0.662537568898149,0.427870902231482,2475,0.657534246575342
"Almont",1991,5,50803.1999747968,0.387096774193548,613.058070025807,60.5161290322581,17.0322580645161,-2,7.51612903225806,274.838709677419,128.62330013884,54.744656368993,-0.136983565461213,0.389761833662335,0.648818939384751,0.347290434253537,0.473216272613484,0.609790208543669,0.567633642249738,0.606820220879331,0.348198927306133,0.241485810304806,0.409093129604689,-0.151151375281532,1410.03356105936,1.03723073956523,0.762392029887807,2475,0.657534246575342
"Almont",1991,6,52750.0804687267,1,514.98666382,3.46666666666667,22.2166666666667,2.86666666666667,12.5416666666667,350.666666666667,157.193472538059,85.4393345599427,0.7335560427107,0.352715976268508,0.617845201380598,0.7834837871589,0.547867499786856,0.632989968120765,0.728776353922504,0.688816528433183,0.718395108896771,0.509533838547705,0.437000988204293,0.575899297436707,1184.469326786,1.45240172544349,1.10173505877682,2475,0.657534246575342
"Almont",1991,7,51851.1484375065,1.19354838709677,480.929030880645,0,25.0483870967742,5.2741935483871,15.1612903225806,394.838709677419,173.458427633393,102.56909371513,0.341591780113062,0.741781848420635,0.421312918324502,0.627748905652382,0.798556825078565,0.587470714303357,0.664755523115619,0.743302304928819,0.70752105969944,0.752537844536398,0.559880913712072,0.492569999322931,1106.13677102548,1.72197441632025,1.32713570664283,2475,0.657534246575342
"Almont",1991,8,48439.7419354839,1.25806451612903,478.245161487097,0,24.5967741935484,5.16129032258065,14.8790322580645,588.387096774194,153.34341772135,94.8844313706004,-0.205699474875889,0.0966031769186622,0.467325420947646,0.232228500629016,0.479347991419808,0.659040171973276,0.443117868474557,0.530320307223347,0.607325010561598,0.574320911505774,0.628011238180136,0.431951110291912,1099.96387142032,1.6909580170612,1.102570920287,2475,0.657534246575342
"Almont",1991,9,43971.8401041667,1.06666666666667,416.960000103333,0,20.8,1.11666666666667,10.9583333333333,553.333333333333,108.684986499022,64.0680039567579,-0.0927082278990659,-0.189288338395658,0.10962608556376,0.428013175204781,0.20438838443212,0.448901800764052,0.625967779495566,0.403052326992145,0.490189112181221,0.56208345755077,0.528717648656006,0.577236376472691,959.008000237666,1.30812751486999,0.754794181536662,2475,0.657534246575342
"Almont",1991,10,39353.8063256,0.806451612903226,350.554838858064,0.645161290322581,16.3387096774194,-4.14516129032258,6.09677419354839,405.161290322581,71.6823694898569,35.6753719359543,-1.23146631610643,-0.849140667918517,-0.872621663296655,-0.403090682747008,0.0553352495907655,-0.114900186881126,0.174582226204212,0.367811911420263,0.169076949323296,0.264088494391831,0.343261210787974,0.316168291880611,806.276129373547,0.940822556483595,0.535661266161014,2475,0.657534246575342
"Almont",1991,11,35493.11992188,1.73333333333333,276.800001526667,20.1333333333333,4.25,-10.3,-3.025,302.666666666667,26.9119985574539,0,1.0415042771864,-0.379312400208243,-0.201317312972039,-0.33769198337356,-0.0656532425730359,0.309227256952899,0.0968529088397876,0.349184721833567,0.532512781967561,0.331988666428165,0.420015403737307,0.484946370216148,636.640003511334,0.488942212817922,0.186275546151255,2475,0.657534246575342
"Almont",1991,12,33638.3994791933,0.0666666666666667,297.813334653333,26.6666666666667,-0.383333333333333,-17.4,-8.89166666666667,157.333333333333,15.3765451890093,0,-0.259981991374396,0.664369267997015,-0.465066046014356,-0.311306528148325,-0.405072252198792,-0.127398624260749,0.246301307715426,0.0589973817874117,0.322731191710577,0.512585651206079,0.316851201151818,0.405626986568067,684.970669702666,0.31242541839388,0.155092085060547,2475,0.657534246575342
"Almont",1992,1,34682.6321824516,0.129032258064516,315.561291109677,43.2258064516129,-0.5,-18.9354838709677,-9.71774193548387,140.645161290323,15.9946102367591,0,-0.307950371836078,-0.358533066951421,0.235013291671857,-0.588452433834349,-0.54698696382758,-0.636969405095426,-0.297750923753748,0.134229174127606,0.0232570584092191,0.314010667668855,0.519054077285725,0.329247691858912,725.790969552257,0.292799743168535,0.152154581878212,2475,0.657534246575342
"Almont",1992,2,38004.0828394379,0.344827586206897,384.882760934483,49.9310344827586,3.8448275862069,-13.8448275862069,-5,143.448275862069,30.1718640924565,0,-1.47517019523047,-1.08983909056938,-0.915350095150861,-0.470730917044241,-1.00079800541106,-0.988503004054009,-1.06922606483976,-0.715648216328974,-0.19358357619501,-0.242727958986168,0.0970933929303596,0.310067545319291,885.230350149311,0.421547596495865,0.278099320633796,2475,0.657534246575342
"Almont",1992,3,42430.7612147194,1.19354838709677,461.109679190323,66.9677419354839,8.14516129032258,-8.85483870967742,-0.354838709677419,180.645161290323,59.3218971786227,0,-0.967273445805433,-1.36414306108633,-1.20326124965294,-1.03365832528733,-0.729855506440288,-1.08013467027563,-1.1200019652388,-1.18410470548983,-0.929147759657117,-0.421921836658285,-0.419426239688779,-0.0708541614982918,1060.55226213774,0.595216250859845,0.414571089569522,2475,0.657534246575342
"Almont",1992,4,47059.20013021,0.766666666666667,559.25333557,56.6666666666667,14.85,-3.9,5.475,196,100.490948141019,37.2970646030556,-1.59602791435319,-1.61901144058676,-1.77980034354785,-1.64943443442505,-1.50572018844654,-1.25845088736354,-1.43573434777783,-1.43346247592713,-1.4671867070885,-1.25358541651221,-0.872501832052669,-0.833241626765285,1286.282671811,0.901145621901818,0.705145621901818,2475,0.657534246575342
"Almont",1992,5,50903.535534271,1.48387096774194,498.167745280645,10.3225806451613,18.2741935483871,0.645161290322581,9.45967741935484,357.41935483871,133.29447157151,66.80470621314,-0.512523746405332,-1.26417707013378,-1.34381637297722,-1.58332197003878,-1.52599732550426,-1.4402331758726,-1.22814775104203,-1.3706057836694,-1.38509200264823,-1.40517696013218,-1.24262521738653,-0.957836136674559,1145.78581414548,1.18335389700272,0.825934542164006,2475,0.657534246575342
"Almont",1992,6,52773.1204426833,0.3,532.69333801,0,21.5333333333333,2.6,12.0666666666667,365.333333333333,153.057595318854,82.630863516978,1.04009254073113,0.343949792251818,-0.467372662088798,-0.624591382646018,-0.859761405486906,-0.868341072850026,-0.824539938242547,-0.662280148399336,-0.84766391082718,-0.888998855447508,-0.957348867706406,-0.856146866896732,1225.194677423,1.40771733179448,1.04238399846115,2475,0.657534246575342
"Almont",1992,7,51773.1097530323,2.09677419354839,453.470968922581,0,23.1451612903226,4.83870967741935,13.991935483871,540.645161290323,160.97590111728,95.6842677820163,1.99785868301815,1.72462725502699,1.03926623014039,0.227004649996181,0.010942007986465,-0.227906970665334,-0.276971728298638,-0.26523080935828,-0.126359770633952,-0.330684226148413,-0.393088166987018,-0.47585830285912,1042.98322852194,1.59664866839038,1.05600350710005,2475,0.657534246575342
"Almont",1992,8,48305.9611895161,2.03225806451613,443.045162077419,0,23.4193548387097,5.08064516129032,14.25,710.967741935484,146.086705218033,91.4018681554209,0.952885297703613,1.73108592815494,1.89783273115559,1.20645636174454,0.396745565664284,0.161739516629132,-0.0756926127468726,-0.127345435172816,-0.128573223239173,-0.00118336445386046,-0.201618759570495,-0.267473901649057,1019.00387277806,1.6235951553366,0.912627413401112,2475,0.657534246575342
"Almont",1992,9,43810.56015625,0.466666666666667,445.97333374,0,20.9333333333333,0.766666666666667,10.85,593.333333333333,109.59688361557,63.5193450294229,-0.360748089476251,0.555179710280514,1.33096295861315,1.57725165132078,1.07535435660139,0.310646899030809,0.0736381964173096,-0.163827982154774,-0.20955362413949,-0.217567845954829,-0.0934956547057718,-0.296399854566644,1025.738667602,1.29873451166269,0.705401178329359,2475,0.657534246575342
"Almont",1992,10,39208.8772681419,0.354838709677419,347.664516329032,0,16.7258064516129,-2.75806451612903,6.98387096774194,486.451612903226,72.5059786560573,40.1272954025995,-1.42522993196655,-1.21772900514466,-0.30663382871527,0.786636878472255,1.11378768624271,0.681905988445487,-0.00221584218755307,-0.194669283630461,-0.395889335647944,-0.423067770869709,-0.41671059232329,-0.296827585879534,799.628387556774,1.00010142193908,0.513649809035851,2475,0.657534246575342
"Almont",1992,11,35400.9598958367,1.03333333333333,289.49333293,10.4,1.6,-13.2166666666667,-5.80833333333333,237.333333333333,22.0415315368556,0,1.96236434992683,0.0253539995583748,-0.0537174027510209,0.507988031121574,1.24242307201726,1.42830714960369,1.05583682162752,0.321144731461102,0.106712881673473,-0.107885106739236,-0.149204661912115,-0.161117741329352,665.834665739,0.396437916819048,0.159104583485715,2475,0.657534246575342
"Almont",1992,12,33615.3595052367,0.7,269.01333364,27.4666666666667,-2.33333333333333,-17.4666666666667,-9.9,172,12.8593629491232,0,0.753505179110165,2.25688037846259,0.302130468441067,0.119560863084993,0.628909132869922,1.34745237600587,1.50860641520043,1.14880226490828,0.408396461968467,0.19469389747015,-0.0209748586200288,-0.0655461130942694,618.730667372,0.288620561312031,0.116620561312031,2475,0.657534246575342
"Almont",1993,1,34682.6321824516,1.48387096774194,289.135482790323,63.6129032258064,-0.629032258064516,-15.5967741935484,-8.11290322580645,194.838709677419,17.2737034512927,0,-0.287535344951697,0.17934021434658,1.3795789111878,0.114616992438152,-0.133918772648989,0.420437910808576,1.28763500503531,1.48326158906368,1.11624307114086,0.401304376093217,0.20415841088088,-0.0125921780188071,665.011610417743,0.331990993235903,0.137152283558484,2475,0.657534246575342
"Almont",1993,2,37929.6000279,3.53571428571429,317.828572403571,118.285714285714,0.5,-13.3392857142857,-6.41964285714286,232.857142857143,23.7271304923637,0,0.638867726368927,0.258253464083492,0.41587665393339,1.20064313035858,0.367191503943811,0.067409601849199,0.565244433189943,1.43406606728843,1.55457282187926,1.19459026280256,0.516986722040519,0.321320003024663,731.005716528213,0.378341191050063,0.14548404819292,2475,0.657534246575342
"Almont",1993,3,42285.8322832677,1.45161290322581,517.677414435484,168,5.54838709677419,-11.5,-2.9758064516129,269.677419354839,50.4810416197501,0,0.475998001026293,0.691939005181867,0.458697796157773,0.58190817097121,1.1424679784434,0.529878068542519,0.27051221228427,0.637460529100276,1.53499336058556,1.56816835980228,1.23024784998064,0.619630702112877,1190.65805320161,0.490736513262936,0.221059093908097,2475,0.657534246575342
"Almont",1993,4,46909.4401041667,1.26666666666667,550.719999186667,173.6,9.46666666666667,-6.23333333333333,1.61666666666667,377.333333333333,76.711613827109,12.9739467127296,1.03227063932057,0.980963945690133,1.02033998124789,0.836095454498828,0.921378778309989,1.30476887437815,0.838046111694323,0.675201636880466,0.955171628733351,1.66159465759049,1.64669755007473,1.34231958596292,1266.65599812933,0.686352512880558,0.309019179547225,2475,0.657534246575342
"Almont",1993,5,50803.1999747968,0.838709677419355,606.761287567742,144.774193548387,16.5483870967742,-0.483870967741935,8.03225806451613,443.870967741935,124.158276068898,57.9843421711658,0.358242689444291,0.745311778658467,0.799229725802036,0.887500736650921,0.776310105602005,0.877760744410316,1.1705636143974,0.800430398662228,0.680807162720293,0.883127104173265,1.49514815935045,1.6409407043532,1395.55096140581,1.07439170264394,0.630520734902003,2475,0.657534246575342
"Almont",1993,6,52750.0804687267,0.266666666666667,611.093329876667,53.3333333333333,21.5666666666667,2.21666666666667,11.8916666666667,366.666666666667,153.825966122797,81.5924448423633,0.970641823354256,0.81302827671722,0.975983909188306,0.987300394053504,1.04714335353004,0.9584349515847,1.01717621905063,1.23711443223768,0.951405395687996,0.859190543102276,1.04175511930616,1.53886186714606,1405.51465871633,1.39156228117076,1.0248956145041,2475,0.657534246575342
"Almont",1993,7,51851.1484375065,0.290322580645161,518.193547403226,0,24.9354838709677,4.53225806451613,14.7338709677419,317.41935483871,173.910966360949,100.061141486243,0.165505755795068,0.825728305089029,0.718798217703903,0.895315036321066,0.946974558393788,1.02105649540279,0.935930849710081,0.983324888725083,1.19825936502901,0.935730731728942,0.852475024807147,1.02706679603764,1191.84515902742,1.67519863568011,1.3577792808414,2475,0.657534246575342
"Almont",1993,8,48439.7419354839,1.38709677419355,436.025808025806,0,22.7903225806452,5.38709677419355,14.0887096774194,405.161290322581,141.595710499165,90.5056076224156,1.37148101598963,0.962811417673017,1.25972220557633,1.064749346784,1.18978447261866,1.22580883908937,1.29704295880788,1.20476798235947,1.22453961280091,1.44672983675454,1.17170943018435,1.1155888198155,1002.85935845935,1.60670718228994,1.20154589196736,2475,0.657534246575342
"Almont",1993,9,43971.8401041667,1,454.399998983333,0,19.75,0.216666666666667,9.98333333333333,401.333333333333,104.599365232156,59.1028323924967,0.586065891031224,1.34370060161505,1.04750731008841,1.30284695081757,1.1723060426357,1.2882056027288,1.33488670407776,1.39781121097464,1.29740704452812,1.3140785769947,1.5457211336878,1.2640933876372,1045.11999766167,1.22570414062593,0.824370807292599,2475,0.657534246575342
"Almont",1993,10,39353.8063256,1.64516129032258,307.922579854839,0,12.758064516129,-3.66129032258065,4.54838709677419,447.741935483871,60.0193498280121,27.6832985057114,0.993609507653942,1.00715189426873,1.48428921968588,1.24974555037758,1.42601439848989,1.34620727523911,1.42282103570484,1.44695574795218,1.47672941207895,1.38149607546668,1.38573846107115,1.59088126503861,708.22193366613,0.844759720385543,0.397017784901672,2475,0.657534246575342
"Almont",1993,11,35493.11992188,1.4,294.39999899,11.8666666666667,2.56666666666667,-13.15,-5.29166666666667,232,23.6791785344134,0,1.69659673363772,1.67382776194619,1.39893354334768,1.74541513699213,1.55751042324416,1.64588100580165,1.61832320138392,1.65547675428936,1.65917642553395,1.66695213844858,1.57288757796833,1.56375086280699,677.119997677,0.412328940403497,0.180328940403497,2475,0.657534246575342
"Almont",1993,12,33638.3994791933,0.466666666666667,284.479996746667,24.9333333333333,-1.28333333333333,-18.1333333333333,-9.70833333333333,156,13.8983421944172,0,0.33599819996935,1.70364029539492,1.76228492260113,1.44487790792163,1.79115446030387,1.60976838963102,1.68750654291587,1.66617898633572,1.69359914186153,1.69190704901413,1.69892348671258,1.60264665158507,654.303992517334,0.293016938374895,0.137016938374895,2475,0.657534246575342
"Almont",1994,1,34682.6321824516,0.387096774193548,309.161289335484,35.4838709677419,-1.04838709677419,-18.5806451612903,-9.81451612903226,144.516129032258,15.4111072177627,0,-0.0817021643047519,0.0935350079135429,1.10327634826378,1.60540662667993,1.47206493013799,1.92023262525653,1.63446910988532,1.71272585357364,1.66114770276566,1.66536352312345,1.68675894727836,1.72129790414669,711.070965471613,0.290574044926643,0.146057915894385,2475,0.657534246575342
"Almont",1994,2,37929.6000279,1.42857142857143,368.342858992857,67,-0.589285714285714,-17.3928571428571,-8.99107142857143,160,20.237477373746,0,0.951835711660113,0.542691979918072,0.509030693681254,1.16382800461394,1.56735672427437,1.65590507474858,2.10591224122278,1.87490228654736,1.8232034964288,1.7431226226809,1.72708706381503,1.7441098596434,847.188575683571,0.310003386929589,0.150003386929589,2475,0.657534246575342
"Almont",1994,3,42285.8322832677,0.354838709677419,489.083869196774,79.6129032258064,7.91935483870968,-9.83870967741935,-0.959677419354839,184.516129032258,58.5280160645048,0,-0.973131107995218,-0.194587036162963,-0.166111987510002,-0.0329806156909217,0.468906324512862,0.807930458650095,0.957503556317642,1.58069351516155,1.46330761916406,1.49808442791599,1.44104798650144,1.48982737866467,1124.89289915258,0.56949658907825,0.384980460045992,2475,0.657534246575342
"Almont",1994,4,46909.4401041667,1.53333333333333,511.89333496,80.8,11.1333333333333,-5.1,3.01666666666667,277.333333333333,83.6279901479652,22.2632767220293,0.238624603574828,-0.252230421443725,0.0681419154670238,0.0253428573086076,0.120261311575983,0.490583351373142,0.720778881179148,0.836222122763061,1.31956083591666,1.27012171604257,1.37776329080976,1.34003376953736,1177.354670408,0.758372060656887,0.481038727323554,2475,0.657534246575342
"Almont",1994,5,50803.1999747968,0.612903225806452,598.090320219355,38.3225806451613,18.2741935483871,-0.387096774193548,8.94354838709677,276.129032258065,134.544842100577,63.6375784484235,-0.735663833857591,-0.34907766607958,-0.576654373771138,-0.319741098226757,-0.320943750065447,-0.21816393137469,0.0891000645370126,0.292785852307375,0.378986731756492,0.734919518403642,0.726820054374984,1.01419381798709,1375.60773650452,1.14288013876386,0.866751106505798,2475,0.657534246575342
"Almont",1994,6,52750.0804687267,0.5,526.933335366667,0,25.35,3.93333333333333,14.6416666666667,354.666666666667,176.820936637697,97.6925996734344,-1.21741140793567,-1.25310158080673,-0.824666908333918,-0.941874362146181,-0.749309199997394,-0.735262300243804,-0.630944146527759,-0.376028792481844,-0.188800668249812,-0.126519291893798,0.166308175593894,0.16566033074368,1211.94667134333,1.66525564386628,1.31058897719961,2475,0.657534246575342
"Almont",1994,7,51851.1484375065,0,532.129029306452,0,26.741935483871,5.48387096774194,16.1129032258065,331.612903225806,185.041287427438,108.119215984718,-1.12610332498456,-1.45334577605884,-1.38314861601445,-1.04645649196963,-1.157927317939,-1.01177226766292,-0.98817330049393,-0.895111800222161,-0.663239528835091,-0.48184533038159,-0.425185132820143,-0.160293423807101,1223.89676740484,1.83025693009571,1.4986440268699,2475,0.657534246575342
"Almont",1994,8,48439.7419354839,1.16129032258065,457.80644866129,0,25.5645161290323,7.01612903225806,16.2903225806452,375.483870967742,156.272463698384,102.627453703609,-0.714712198548083,-1.15808572172013,-1.45184312842423,-1.41009741303384,-1.13902345178812,-1.23398425733086,-1.11432002903143,-1.09028016563676,-1.00465232626733,-0.804740087251078,-0.643469995449584,-0.598370075940142,1052.95483192097,1.85109299843652,1.47560912746877,2475,0.657534246575342
"Almont",1994,9,43971.8401041667,1.86666666666667,407.89333242,0,20.7166666666667,1.98333333333333,11.35,498.666666666667,107.473800922084,66.0456004806366,0.256044842159542,-0.318337620526106,-0.914813897122534,-1.34863236296739,-1.35881434844453,-1.09925398733674,-1.20479708221558,-1.07984032257206,-1.05450396370477,-0.978583120767221,-0.785273241524189,-0.632649070463173,938.154664566,1.34258795404525,0.843921287378585,2475,0.657534246575342
"Almont",1994,10,39353.8063256,0.935483870967742,328.670966854839,0,12.8548387096774,-3.64516129032258,4.60483870967742,476.129032258065,60.3185441751061,27.9804860479552,0.822749512259143,0.737596662494102,0.213098287480416,-0.552521092752354,-1.05821983082318,-1.16924366908906,-0.939148572664923,-1.05349096727675,-0.915388434754916,-0.895802136336135,-0.821692004713811,-0.627492435202188,755.94322376613,0.848103406134993,0.371974373876928,2475,0.657534246575342
"Almont",1994,11,35493.11992188,1.4,269.333331293333,12.6666666666667,3.71666666666667,-10.2833333333333,-3.28333333333333,301.333333333333,25.936889218865,0,1.19243444556586,1.28600046808239,1.06282528142939,0.63868278796497,-0.175064839381403,-0.792174090842791,-1.00296356974627,-0.787345090259025,-0.915388609651756,-0.76776844393713,-0.754304688010784,-0.685709164768418,619.466661974666,0.479614992755529,0.178281659422196,2475,0.657534246575342
"Almont",1994,12,33638.3994791933,0.433333333333333,284.160002646667,26.2666666666667,0.483333333333333,-15.6166666666667,-7.56666666666667,198.666666666667,17.1812644582943,0,-0.674061118001276,0.493935791261828,0.924675020730698,0.831192758932817,0.411745950615327,-0.324994316698956,-0.873351379631361,-1.06366919200067,-0.845271012203242,-0.968167244084602,-0.823755760298319,-0.806768734413858,653.568006087334,0.346358007063119,0.147691340396452,2475,0.657534246575342
"Almont",1995,1,34682.6321824516,1.03225806451613,297.083868216129,59.4838709677419,-1.01612903225806,-16.3709677419355,-8.69354838709677,184.516129032258,16.4469545221332,0,-0.186522327345546,-0.516087213669983,0.183549095146733,0.74600560628707,0.673459165950114,0.210657059650578,-0.459699608671511,-0.924435082845738,-1.08002262366916,-0.849336670186463,-0.978206966979094,-0.832155986157651,683.292896897097,0.317302957896816,0.132786828864558,2475,0.657534246575342
"Almont",1995,2,37929.6000279,2.03571428571429,378.971430639286,93.2857142857143,5.16071428571429,-11.4107142857143,-3.125,257.142857142857,33.4803950715491,0,-1.74618099350604,-1.24213818680586,-1.15012499044273,-0.649438772597813,-0.212454340289252,-0.154931169269166,-0.491537331192411,-0.93641861942427,-1.23424938041296,-1.33391593042154,-1.08939873713271,-1.21086915265499,871.634290470358,0.48531273515087,0.228169878008013,2475,0.657534246575342
"Almont",1995,3,42285.8322832677,2.48387096774194,459.354836741935,128.903225806452,6.11290322580645,-9.53225806451613,-1.70967741935484,318.709677419355,52.489248552077,0,0.303879877236089,-0.700836779756507,-0.606692100698404,-0.64542390165342,-0.301425343382901,0.0415671168220362,0.0183552850678752,-0.332516730920597,-0.772019463040186,-1.04716197647173,-1.17827015892779,-0.960537800493938,1056.51612450645,0.538976742150479,0.220267064731124,2475,0.657534246575342
"Almont",1995,4,46909.4401041667,2.06666666666667,522.986668903333,148.133333333333,9.31666666666667,-6.61666666666667,1.35,360,76.2182051482454,11.0994470962051,1.17804424402113,1.00267840373873,0.311394623519615,0.215889234717598,0.107228368571869,0.356217131078832,0.547593494466635,0.551340588854765,0.247754124684424,-0.247774139195562,-0.566835581742641,-0.718404032307571,1202.86933847767,0.673343481741859,0.313343481741859,2475,0.657534246575342
"Almont",1995,5,50803.1999747968,2.64516129032258,533.780640635484,128.903225806452,13,-1.40322580645161,5.79838709677419,525.161290322581,104.30122143376,43.7312129224361,1.93030449708538,1.92399799205073,1.70616275218344,1.31662536072382,1.20560566676799,1.12357967340104,1.27673928332234,1.35751295587897,1.40827018134077,1.21058006359275,0.745350622254624,0.248818032546649,1227.69547346161,0.921593153217655,0.396431862895074,2475,0.657534246575342
"Almont",1995,6,52750.0804687267,1.36666666666667,596.9066625,49.4666666666667,20.6833333333333,1.65,11.1666666666667,558.666666666667,148.836873623133,77.2681386928595,1.46596277007366,2.13286146740804,2.00099368681535,1.82807655022111,1.54806221719725,1.4699282398864,1.37364416481516,1.48298892433387,1.55034492491771,1.60493841079413,1.48632715065609,1.14603680461005,1372.88532375,1.32635928422736,0.767692617560698,2475,0.657534246575342
"Almont",1995,7,51851.1484375065,1.25806451612903,471.948385425806,0,23.4516129032258,4.45161290322581,13.9516129032258,762.58064516129,163.788875846835,95.4455144082316,1.57581038137458,1.80664446630184,2.21551999370037,2.19075439937609,2.07587477159363,1.81839384051651,1.74964099591638,1.63187093783243,1.72404357770318,1.78575694271632,1.86993981131126,1.77561435562766,1085.48128647935,1.59247398181922,0.829893336657928,2475,0.657534246575342
"Almont",1995,8,48439.7419354839,0.806451612903226,461.625809206452,0,25.9354838709677,6.53225806451613,16.2338709677419,750.967741935484,159.568289543694,102.319513965742,-1.32986269266009,0.356034927442707,1.18022109931612,1.91391900225462,1.93415121043268,1.88879384220843,1.59596107736368,1.51243841697153,1.37787839945579,1.49334501904032,1.57910852661691,1.67313893801366,1061.73936117484,1.84444087878446,1.09347313684898,2475,0.657534246575342
"Almont",1995,9,43971.8401041667,1.26666666666667,414.826668803333,0,20.1166666666667,1.8,10.9583333333333,594.666666666667,104.843968955992,64.0680039567579,0.589563602266423,-0.529752740541969,0.597725806414945,1.23979592301685,1.95158327026228,1.99967063081459,1.99687600374715,1.69797551083051,1.60474670466891,1.4701953227977,1.59433248419431,1.69271454821168,954.101338247666,1.30812751486999,0.713460848203328,2475,0.657534246575342
"Almont",1995,10,39353.8063256,0.32258064516129,367.070967645161,0,14.1612903225806,-5.40322580645161,4.37903225806452,341.935483870968,65.0195868204335,26.7887320540339,-0.152733306591084,0.405395185137941,-0.48671013855194,0.461415272166522,1.11100855080752,1.87104500849318,1.9071448428517,1.87109433292165,1.56420517588716,1.47756715976164,1.35463337442101,1.46787753063383,844.26322558387,0.83479851314761,0.492863029276642,2475,0.657534246575342
"Almont",1995,11,35493.11992188,0.8,300.479999796667,8.8,8.05,-9,-0.475,317.333333333333,34.1603569092217,0,-0.889946587900456,-0.646431095074006,0.0146193344566841,-0.814962318222976,0.263220035468539,0.943782141659592,1.72111838077252,1.78371303466366,1.75096479007398,1.44790410962757,1.36777117455072,1.24785911053903,691.103999532334,0.590026113654749,0.272692780321416,2475,0.657534246575342
"Almont",1995,12,33638.3994791933,0.7,270.079998273333,22.1333333333333,2.45,-14.0333333333333,-5.79166666666667,226.666666666667,20.4000071317245,0,-1.3758487906312,-1.41758186156584,-1.13840358583355,-0.53699815598373,-1.20867834470072,-0.0823866462452782,0.691184894642935,1.54252599695733,1.62930271109488,1.60469561773837,1.30712999389864,1.22890616690123,621.183996028666,0.396941902565957,0.17027523589929,2475,0.657534246575342
"Almont",1996,1,34682.6321824516,2.64516129032258,288.82580616129,130.58064516129,-1.30645161290323,-16.5967741935484,-8.95161290322581,180.645161290323,15.9472614897143,0,0.368297023683635,-0.64630067017456,-1.03105304922136,-0.965497787034397,-0.528732825314587,-1.13169602613088,-0.0932320019151293,0.715323884957329,1.60163124174593,1.65528554555051,1.65112732080694,1.38883706063081,664.299354170967,0.310962798857078,0.130317637566755,2475,0.657534246575342
"Almont",1996,2,38004.0828394379,1.89655172413793,414.675859651724,179.724137931034,1.13793103448276,-14.6379310344828,-6.75,217.931034482759,24.5975197421576,0,0.0426531365152884,0.255290026492598,-0.391779591844612,-0.730466030947371,-0.746459999069004,-0.4823944127595,-1.02758323492018,-0.116633044747449,0.70924112238257,1.55782859806294,1.61482780082149,1.61563698994541,953.754477198965,0.368870698057923,0.150939663575164,2475,0.657534246575342
"Almont",1996,3,42430.7612147194,1,529.961292880645,192.903225806452,5.46774193548387,-11.4032258064516,-2.96774193548387,267.096774193548,50.245000237513,0,0.437884137043608,0.388249516524427,0.438258285140265,0.00418831130012711,-0.312873051852377,-0.327443268908636,-0.209064395859634,-0.731051235059316,-0.0206855887376126,0.778991700110214,1.54576083108245,1.60502254104209,1218.91097362548,0.491031218191667,0.223934443998119,2475,0.657534246575342
"Almont",1996,4,47059.20013021,1.16666666666667,581.759998576667,195.866666666667,10.85,-5.75,2.55,361.333333333333,82.6713587858766,19.2489046212305,0.310669813995734,0.522524490089444,0.458692480029602,0.473848981461903,0.180859841055576,-0.0537680045105463,-0.100316715148123,-0.00410998037039172,-0.453535784908711,0.10663563705781,0.774207656453887,1.44315215837025,1338.04799672633,0.733655490292193,0.37232215695886,2475,0.657534246575342
"Almont",1996,5,50903.535534271,0.548387096774194,637.212905390323,152.258064516129,19.5,0.161290322580645,9.83064516129032,330.322580645161,141.508315499889,69.0667055534642,-1.44760049408065,-0.748684855665213,-0.444702884727814,-0.391271685169414,-0.305845744896741,-0.483766235000516,-0.639732226540077,-0.633353910388998,-0.546839558627743,-0.866484626999585,-0.448114544194821,0.167445244105277,1465.58968239774,1.21321979110792,0.882897210462764,2475,0.657534246575342
"Almont",1996,6,52773.1204426833,1.1,569.06666565,54.9333333333333,23.2166666666667,3.55,13.3833333333333,365.333333333333,162.87052864304,90.3811133985684,0.19352923891955,-0.815693563856811,-0.46476261105132,-0.261119326551537,-0.235431835702034,-0.18747620498484,-0.327435788025383,-0.460148371893768,-0.472067173842003,-0.406372588530341,-0.692688929009351,-0.337188426449407,1308.853330995,1.53465072765954,1.1693173943262,2475,0.657534246575342
"Almont",1996,7,51773.1097530323,0.193548387096774,522.941934893548,0,26.6774193548387,6.67741935483871,16.6774193548387,403.870967741935,182.470036764486,111.390738782135,-0.854832509870402,-0.349613502294154,-0.951648742693568,-0.672086865812164,-0.509875942675398,-0.485821571932027,-0.436104979051444,-0.554782221571335,-0.654905312644426,-0.655189120767953,-0.596290374665423,-0.845776193070893,1202.76645025516,1.89727734616184,1.4934063784199,2475,0.657534246575342
"Almont",1996,8,48305.9611895161,0.354838709677419,495.483872935484,0,25.758064516129,5.2741935483871,15.5161290322581,353.548387096774,160.494008446935,98.3915387890361,-1.55647454521295,-1.31249331574165,-0.89945957764894,-1.24374282308942,-0.973193755475268,-0.836705281094349,-0.817005744869838,-0.759026397409404,-0.84575467195356,-0.921646942836079,-0.916738611398378,-0.870161865405207,1139.61290775161,1.7616745152427,1.40812612814593,2475,0.657534246575342
"Almont",1996,9,43810.56015625,1.06666666666667,402.879999796667,0,18.5,1.15,9.825,374.666666666667,98.0186112774754,58.2905172605209,1.49660252742574,0.128186517321165,-0.43834652261065,-0.295006473748981,-0.877298851086777,-0.660696261733751,-0.543338886802162,-0.526244963717358,-0.476369127550557,-0.593266901632559,-0.68650607481046,-0.692873311040122,926.623999532334,1.21276037826196,0.838093711595292,2475,0.657534246575342
"Almont",1996,10,39208.8772681419,1.25806451612903,352.722580941935,2.58064516129032,13.3387096774194,-4.82258064516129,4.25806451612903,325.161290322581,62.3028351707182,26.1469147230161,0.528296752339894,1.31577669858951,0.391339989477849,-0.243357953305481,-0.106586402114863,-0.746400430212772,-0.549960192806234,-0.427353035092358,-0.399901399219622,-0.351545028089625,-0.470800261587442,-0.569326141834755,811.26193616645,0.827747119569643,0.502585829247062,2475,0.657534246575342
"Almont",1996,11,35400.9598958367,1.2,288.213334656667,24.6666666666667,6.1,-8.88333333333333,-1.39166666666667,317.333333333333,30.3288299023518,0,0.0696384118495711,0.449851114369068,1.22354873538051,0.434475555338349,-0.165896259331384,-0.046522558649357,-0.720720438436699,-0.526417382977477,-0.401116615243026,-0.369706426667158,-0.322025398761165,-0.448325813300285,662.890669710334,0.551735621360779,0.234402288027446,2475,0.657534246575342
"Almont",1996,12,33615.3595052367,2.33333333333333,252.373333226667,72.1333333333333,-2.51666666666667,-16.3333333333333,-9.425,193.333333333333,13.0260133721101,0,1.22570312488177,0.808614101552113,0.898348992385844,1.4363504630949,0.668402479550611,0.0696080353112884,0.125454397339871,-0.566045574532308,-0.393665020991555,-0.269178509921174,-0.239222820113237,-0.195417609477224,580.458666421334,0.299625225562423,0.10629189222909,2475,0.657534246575342
"Almont",1997,1,34682.6321824516,2.09677419354839,288.516127064516,91.3548387096774,-2.08064516129032,-15.9677419354839,-9.0241935483871,189.677419354839,15.0732341352697,0,0.450035900623872,0.893318849072412,0.781064669285603,1.02790468408051,1.62912389429246,0.693596978348697,0.0790024053701196,0.154414238731989,-0.486495403188655,-0.304466728873453,-0.172224652254086,-0.144276677207763,663.587092248387,0.309200077199168,0.119522657844329,2475,0.657534246575342
"Almont",1997,2,37929.6000279,0.642857142857143,407.085713525,135.142857142857,-1.55357142857143,-17.8214285714286,-9.6875,152.857142857143,18.3380171405797,0,1.19130235189675,0.929525827130383,1.10823013198226,1.07443486614063,1.26118352544402,1.8923364964853,1.00569093859522,0.365448084888105,0.402452731827702,-0.250082679954234,-0.0920169281612005,0.0330408215843337,936.2971411075,0.293498381428169,0.140641238571026,2475,0.657534246575342
"Almont",1997,3,42285.8322832677,0.129032258064516,536.877419748387,144,6.7258064516129,-11.741935483871,-2.50806451612903,200,54.1982092886304,0,-0.380199049338277,0.408889595125918,0.48184403918549,0.704978476017748,0.698736540686329,0.838975512848284,1.44871442902886,0.694269778722275,0.142246598800537,0.289776722798015,-0.273626278321713,-0.115348401874019,1234.81806542129,0.50809148148699,0.30809148148699,2475,0.657534246575342
"Almont",1997,4,46909.4401041667,1.43333333333333,518.82666626,148.133333333333,9.1,-6.16666666666667,1.46666666666667,268,75.0611672185109,11.9251423953357,1.23601228807872,0.752333520577488,0.976695152837175,0.950056197502728,1.09549913366545,1.08785141398633,1.14533823829806,1.60774611636033,1.09371916283188,0.620985949859483,0.646969933711991,0.161084630576013,1193.301332398,0.679007799089089,0.411007799089089,2475,0.657534246575342
"Almont",1997,5,50803.1999747968,1.51612903225806,576.722581432258,109.41935483871,16.9838709677419,-0.17741935483871,8.40322580645161,303.225806451613,126.417418455824,60.295541145177,0.203189691533991,0.759407490464258,0.564718277415934,0.787060886253448,0.7970702592724,0.953983247048664,0.941802733139663,0.983419364475346,1.33195180690943,0.925564772286412,0.563495580984679,0.597935135231077,1326.46193729419,1.10182202132733,0.798596214875717,2475,0.657534246575342
"Almont",1997,6,52750.0804687267,1.13333333333333,551.78667297,16.9333333333333,22.6,3.33333333333333,12.9666666666667,494.666666666667,159.051704843434,87.9400757715343,0.571388166698799,0.453887665123064,0.803355659291538,0.657010680637034,0.823971123798891,0.832542209155851,0.945071315255947,0.929019432103121,0.969058902214871,1.24840799562009,0.934949591028673,0.645470767042907,1269.109347831,1.49343535527494,0.998768688608273,2475,0.657534246575342
"Almont",1997,7,51851.1484375065,0.645161290322581,477.212903912903,0,25.1935483870968,5.54838709677419,15.3709677419355,620.645161290323,173.991387648912,103.795924999349,0.200987888195506,0.552835953042797,0.447167430350373,0.750212209508616,0.642199963967116,0.813069062245994,0.821525641926082,0.920388517752489,0.904919716785083,0.960474085863016,1.23742652166319,0.932947440910442,1097.58967899968,1.74533748445921,1.12469232316889,2475,0.657534246575342
"Almont",1997,8,48439.7419354839,1.80645161290323,442.632255309677,0,23.7741935483871,6.2258064516129,15,716.129032258065,146.248263955097,95.5518643741749,0.90598653506382,0.64747660846329,0.765479373608906,0.612923925726906,0.891004984146888,0.770784381169097,0.941301181883799,0.94895547771733,1.03082996379769,1.01559327483604,1.07343353303954,1.39289063910633,1018.05418721226,1.70419015322178,0.988061120963717,2475,0.657534246575342
"Almont",1997,9,43971.8401041667,1.5,393.813335163333,0,21,3.5,12.25,672,107.082874215028,70.5557677505935,0.260158115002712,0.856007083254944,0.693738795677724,0.796234016560342,0.66191926514369,0.92826516376887,0.811102567638265,0.974499745329083,0.97726873861799,1.05618957316397,1.04279406344624,1.10114375986156,905.770670875666,1.42481847865085,0.752818478650846,2475,0.657534246575342
"Almont",1997,10,39353.8063256,1.12903225806452,355.819354148387,4,13.6129032258065,-5,4.30645161290323,434.838709677419,63.2110718738735,26.4039317638943,0.337855706629636,0.47016190514586,0.874338233818649,0.713369175096229,0.828260910924549,0.703769477164404,0.953349337723758,0.842073537479025,0.984799064258736,0.987174199198239,1.0548948423485,1.0445647965538,818.38451454129,0.830561328922072,0.395722619244653,2475,0.657534246575342
"Almont",1997,11,35493.11992188,1.03333333333333,289.493334956667,22.9333333333333,4.75,-10.25,-2.75,298.666666666667,27.8335815700476,0,0.64776730974508,0.630807510637074,0.685807539115484,1.02814538000626,0.888396262049594,0.95333781524647,0.840415965416206,1.05982702185862,0.943600887367667,1.07594230476683,1.07548659582331,1.13157954566957,665.834670400334,0.499047906205077,0.20038123953841,2475,0.657534246575342
"Almont",1997,12,33638.3994791933,0.933333333333333,287.786667376667,54.8,-2.18333333333333,-17.8333333333333,-10.0083333333333,161.333333333333,12.8977097587746,0,0.817203851379094,1.03866367621473,0.900953943897679,0.818855079286776,1.13375365296241,1.00780039799553,1.03947707774402,0.942219049958148,1.14859839227968,1.03099079163751,1.1596669667204,1.15474010517693,661.909334966334,0.286161733025415,0.124828399692082,2475,0.657534246575342
"Almont",1998,1,34682.6321824516,0.774193548387097,299.148385322581,47.3548387096774,-0.0483870967741935,-16.5645161290323,-8.30645161290323,175.483870967742,17.7826458597328,0,-0.614947163354393,0.00620809204434191,0.322415675748813,0.521559797540329,0.508711912779164,0.931119125332173,0.826329384213483,0.913123161795332,0.859112400829221,1.08269941601741,0.992772784181268,1.1388487309296,688.041286241936,0.327029104365389,0.151545233397647,2475,0.657534246575342
"Almont",1998,2,37929.6000279,0.714285714285714,374.1714265,67,1.08928571428571,-14.9642857142857,-6.9375,154.285714285714,24.3920393153314,0,-0.190439763762568,-0.400096959294555,-0.0690665814250729,0.186720395203338,0.345205251012727,0.348267197751017,0.788511374819191,0.742902144671524,0.857890600655511,0.817609938638244,1.05100959432057,0.968806433863441,860.59428095,0.363589909111484,0.20930419482577,2475,0.657534246575342
"Almont",1998,3,42285.8322832677,1.03225806451613,474.01290106129,91.8709677419355,5.56451612903226,-11.3709677419355,-2.90322580645161,197.41935483871,50.5599483400472,0,0.387971152240972,0.243946191194903,-0.00295055818464634,0.213465972094104,0.375730793230418,0.480947154060886,0.467554463485167,0.806803709269262,0.775236958054757,0.903434860901621,0.876986411983725,1.09036544787764,1090.22967244097,0.493394522427435,0.295975167588725,2475,0.657534246575342
"Almont",1998,4,46909.4401041667,1.26666666666667,537.386667886667,99.3333333333333,9.48333333333333,-6.81666666666667,1.33333333333333,244,77.0231113627504,10.9807248007015,0.996626319448553,0.924916147066311,0.754602924815968,0.52021913830338,0.647081530714979,0.75863112409591,0.787576700615315,0.804600388198899,1.06664950380849,1.04014633899077,1.08077028431258,1.05137844135638,1235.98933613933,0.672537721291494,0.428537721291494,2475,0.657534246575342
"Almont",1998,5,50803.1999747968,0.0645161290322581,632.774199451613,77.6774193548387,18.1774193548387,-1.64516129032258,8.26612903225806,240,135.155531979119,59.4430315277098,-0.856572841628683,-0.0160829262415962,0.162702164814603,0.135032732208309,0.00759306339918163,0.159545088948725,0.257945137472627,0.301180375744683,0.30686265800393,0.488767371188336,0.490898812782594,0.669526157947622,1455.38065873871,1.09161358850806,0.851613588508058,2475,0.657534246575342
"Almont",1998,6,52750.0804687267,0.133333333333333,554.666666666667,11.2,21.2666666666667,1.78333333333333,11.525,261.333333333333,152.448881240202,79.4100061571845,1.0778339458844,0.162561514751556,0.508827645823568,0.574726216274695,0.532329118037361,0.409462115492617,0.512122546359192,0.576172886080941,0.597685293610045,0.602683741257493,0.767748732638194,0.7746755737109,1275.73333333333,1.35824179243286,1.09690845909952,2475,0.657534246575342
"Almont",1998,7,51851.1484375065,1.87096774193548,453.058065106452,0,26.0645161290323,8.25806451612903,17.1612903225806,442.58064516129,174.589433264794,114.183065063067,0.282484311312623,0.963357093136514,0.25197982864665,0.514896623923825,0.587619239879166,0.557192075472943,0.437840565578381,0.522427130752435,0.587110689662221,0.624852631092083,0.634488656233866,0.792710390422627,1042.03354974484,1.95642704267707,1.51384639751578,2475,0.657534246575342
"Almont",1998,8,48439.7419354839,0.870967741935484,490.012904996774,0,25,5.79032258064516,15.3951612903226,481.290322580645,154.857802444312,97.7271439131274,-0.523968232071789,-0.103547542115474,0.56165293490203,-0.0135158294143408,0.295790370387885,0.3744577008293,0.3453723858237,0.236463382355416,0.32185313091796,0.391733267010691,0.438727637822247,0.448040587195966,1127.02968149258,1.74805104986372,1.26676072728307,2475,0.657534246575342
"Almont",1998,9,43971.8401041667,0.6,430.506664023333,0,23.3833333333333,3.36666666666667,13.375,594.666666666667,118.811604138884,76.1315457659294,-1.85362969017511,-1.87322532244623,-0.852759147292403,-0.0776630725428192,-0.49072354290502,-0.124719792198872,-0.0359150617138227,-0.0617579473404961,-0.149590287004867,-0.0582841173870131,0.0154403863355195,0.0620652650490852,990.165327253666,1.53381671922867,0.939150052561998,2475,0.657534246575342
"Almont",1998,10,39353.8063256,1.64516129032258,314.632256783871,0.516129032258065,13.1290322580645,-2.7741935483871,5.17741935483871,494.193548387097,60.731068246287,30.9682824604251,0.873739913663741,-0.691649741835993,-0.950442369665375,-0.478642796658503,0.194636142846283,-0.28720912149928,0.0454715095295199,0.137508069692736,0.117290530861412,0.0297284792374592,0.112486823685125,0.180195923530993,723.654190602903,0.882685190718885,0.388491642331788,2475,0.657534246575342
"Almont",1998,11,35493.11992188,1.26666666666667,301.973334246667,23.6,5.43333333333333,-8.78333333333333,-1.675,325.333333333333,29.0325764503997,0,0.407953764914577,0.907794687140345,-0.353614674912629,-0.673822390773395,-0.313986053760997,0.315719102794233,-0.190921247193991,0.125677640331071,0.214862403063479,0.195719950181793,0.104998110400808,0.178825749355495,694.538668767334,0.540355191160343,0.21502185782701,2475,0.657534246575342
"Almont",1998,12,33638.3994791933,0.0666666666666667,289.280001326667,32,1.86666666666667,-14.9666666666667,-6.55,198.666666666667,19.3135740042783,0,-1.2805245529943,-0.600672805263284,0.19847733070309,-0.819166194020632,-1.05032517518614,-0.615345940738049,0.0603827264993588,-0.385940130107576,-0.0395779469496383,0.0627245854763,0.0520907845043533,-0.0313553942863415,665.344003051334,0.374578655739184,0.175911989072517,2475,0.657534246575342
"Almont",1999,1,34682.6321824516,1.64516129032258,287.7935476,41.5483870967742,1.66129032258065,-13.7096774193548,-6.0241935483871,193.548387096774,21.2791826474861,0,-1.2889907418075,-1.44505464656477,-1.05955724353985,-0.427067209018955,-1.25351819220117,-1.44571931142683,-0.966144644845427,-0.234812211450355,-0.5697360561126,-0.178744114941475,-0.0593110757205327,-0.0656819896007548,661.92515948,0.38996171326128,0.196413326164506,2475,0.657534246575342
"Almont",1999,2,37929.6000279,0.678571428571429,395.657141007143,76.2857142857143,3.21428571428571,-13.9107142857143,-5.34821428571429,205.714285714286,28.8788182712932,0,-1.17496473739948,-1.36635358093854,-1.43897274487427,-1.19897045000975,-0.760282490743366,-1.41774631458064,-1.60252340437972,-1.20143163206567,-0.46839698860882,-0.743373324271778,-0.33028709145863,-0.207389599953279,910.011424316429,0.410562542011474,0.204848256297188,2475,0.657534246575342
"Almont",1999,3,42285.8322832677,0.451612903225806,493.316129622581,94.4516129032258,9.75806451612903,-7.85483870967742,0.951612903225806,258.064516129032,64.9037343714132,7.63526241648273,-1.67324417820606,-1.77922797394603,-1.8454545455407,-1.79565741676341,-1.60501710350035,-1.25619757299919,-1.69038562329331,-1.75931037138482,-1.47344080083164,-0.902735555571914,-1.08778052096414,-0.678016562389542,1134.62709813194,0.654315577249043,0.396251061120011,2475,0.657534246575342
"Almont",1999,4,46909.4401041667,2.3,496.639997356667,95.2,9.63333333333333,-6.01666666666667,1.80833333333333,282.666666666667,77.3453965157742,14.2953262935667,1.07769066020229,-0.187887960428616,-0.54105699391778,-0.783876638191033,-0.922573507604286,-0.812344460891237,-0.536280562411079,-1.05306493919603,-1.18617906036513,-1.00670306372497,-0.459999766118789,-0.655736576354492,1142.27199392033,0.69583981512944,0.413173148462773,2475,0.657534246575342
"Almont",1999,5,50803.1999747968,1.25806451612903,594.064520064516,59.3548387096774,15.1935483870968,-1.80645161290323,6.69354838709677,379.354838709677,117.612465879089,49.5182853758641,0.974995667644225,1.16683942083093,0.399403232665184,0.135069668590812,-0.11580060465131,-0.284051868322684,-0.212291644584372,-0.01588415678007,-0.507449696398113,-0.672579992858006,-0.589444725717862,-0.13937991146115,1366.34839614839,0.980347936347174,0.600993097637498,2475,0.657534246575342
"Almont",1999,6,52750.0804687267,0.8,529.17333069,4.26666666666667,22.15,1.93333333333333,12.0416666666667,493.333333333333,158.027416683097,82.4826425061109,0.636961036204482,1.00088078275562,1.12487425183699,0.559870930854225,0.348031621786004,0.133098339604436,-0.00479488723769241,0.0418392547571651,0.185553866375248,-0.229264414355997,-0.382751571985948,-0.331884962774973,1217.098660587,1.40539940939441,0.912066076061081,2475,0.657534246575342
"Almont",1999,7,51851.1484375065,1.67741935483871,427.974190990323,0,24.7741935483871,8.03225806451613,16.4032258064516,874.838709677419,165.619591836302,109.803603016865,1.40600021494795,1.20025416223586,1.2910243652219,1.37145309158621,0.878245791709333,0.68990541578774,0.479825092454419,0.327752932264504,0.368049990875629,0.504454458940609,0.115890413820726,-0.0341073194534894,984.340639277743,1.86446041943083,0.989621709753409,2475,0.657534246575342
"Almont",1999,8,48439.7419354839,2.45161290322581,412.593548683871,0,22.8064516129032,7.01612903225806,14.9112903225806,836.129032258065,138.35391393512,95.0624845367288,1.75464419670464,1.92301358761638,1.82599444182366,1.79508158881823,1.80541343429077,1.30171384273426,1.10653574995907,0.88967996757194,0.706633924204336,0.738532677881969,0.865076581446873,0.493962683972668,948.965161972903,1.69447773329655,0.858348701038488,2475,0.657534246575342
"Almont",1999,9,43971.8401041667,1.33333333333333,422.61333313,0,19.25,0.666666666666667,9.95833333333333,629.333333333333,101.932274253632,58.9746878401057,1.03264487290226,1.78278567950954,1.8453910712458,1.87019495394664,1.95055261230801,1.97090722554882,1.50964707350246,1.3073610336484,1.08305757037263,0.887086968931918,0.917630270187297,1.03875894791635,972.010666199,1.22365232941756,0.594318996084225,2475,0.657534246575342
"Almont",1999,10,39353.8063256,0.516129032258065,380.283873035484,0.387096774193548,16.5483870967742,-5.59677419354839,5.4758064516129,411.612903225806,72.5957536410332,32.5074627503364,-1.41464445443949,-0.10247548217601,1.11457923733247,1.41379538034614,1.41078904304749,1.59916493884519,1.6486353949439,1.18175634623841,0.980476731522032,0.780106107391334,0.609681623114429,0.641794590486933,874.652907981613,0.901196110327348,0.489583207101542,2475,0.657534246575342
"Almont",1999,11,35493.11992188,0.233333333333333,315.62666575,5.33333333333333,10.9666666666667,-9.61666666666667,0.675,298.666666666667,40.0248087393439,4.65740260304005,-1.93850337890814,-2.07510151834784,-1.20247212031845,0.343266286320822,0.885103751805913,0.979818968689302,1.20980652854305,1.31989449350136,0.857733248675092,0.66787558068734,0.478004234990955,0.316623273722363,725.941331225,0.641385774748076,0.342719108081409,2475,0.657534246575342
"Almont",1999,12,33638.3994791933,0.5,266.24000041,19.6,-0.75,-16.8,-8.775,162.666666666667,15.1289850188318,0,-0.0494301411506107,-1.56111133512802,-1.8288460923299,-1.07665093600602,0.283970239267589,0.861509800994445,0.953207515623727,1.20551680059793,1.31883860034936,0.859602572230318,0.674210395487326,0.484617603989751,612.352000943,0.315289526069926,0.152622859403259,2475,0.657534246575342
"Almont",2000,1,34682.6321824516,1.67741935483871,285.419353609677,61.0322580645161,0.32258064516129,-14.3709677419355,-7.0241935483871,230.967741935484,19.0382402830898,0,-0.708590014851736,-0.488834170067626,-1.513652990811,-1.9025429855063,-1.28893122371576,-0.091035085215669,0.639396761897138,0.802901262654604,1.11041659733885,1.23623727734903,0.812998521598373,0.641649394464742,656.464513302257,0.361171077794695,0.130203335859211,2475,0.657534246575342
"Almont",2000,2,38004.0828394379,1.10344827586207,380.68965622069,93.3793103448276,2.51724137931034,-12.8793103448276,-5.18103448275862,235.862068965517,27.7503187402954,0,-0.860412773360658,-0.863372709880605,-0.688704111239442,-1.45418270187798,-1.84155392965297,-1.36282142377159,-0.400738544946332,0.362562775300274,0.613379715337593,0.943228054697895,1.10585372040404,0.703488283876604,875.586209307587,0.41580435239606,0.179942283430543,2475,0.657534246575342
"Almont",2000,3,42430.7612147194,1.09677419354839,487.432257867742,123.741935483871,6.83870967741935,-9.83870967741935,-1.5,273.548387096774,54.8994016428393,0,-0.337837879267354,-0.59019036972679,-0.690863351953432,-0.559537430352848,-1.2228405408015,-1.55803193638146,-1.21790502357922,-0.482572456407743,0.154893651304099,0.496453571943588,0.8382023482645,1.01925547105858,1121.09419309581,0.547359406149404,0.27381101905263,2475,0.657534246575342
"Almont",2000,4,47059.20013021,0.6,588.159995526667,124.933333333333,14.15,-4.23333333333333,4.95833333333333,309.333333333333,97.2947044785687,34.2301477903757,-1.34265604530291,-1.08218138531044,-1.16777384823627,-1.18847637148684,-1.05113868337542,-1.46289367472101,-1.64911010139444,-1.40353195500656,-0.895273311172294,-0.411434552218344,-0.0292121722167422,0.370552315897654,1352.76798971133,0.869308673954172,0.559975340620839,2475,0.657534246575342
"Almont",2000,5,50903.535534271,0.838709677419355,595.303223641935,70.8387096774194,19.4354838709677,0.145161290322581,9.79032258064516,289.032258064516,141.12492108606,68.8213989937695,-1.38190270252012,-1.54336320361765,-1.39510607698907,-1.49418267343518,-1.50351411081345,-1.39344331164301,-1.68623373818509,-1.79763300337937,-1.59487161228523,-1.17009888782835,-0.802052767310722,-0.513592717116459,1369.19741437645,1.20994163331872,0.920909375254199,2475,0.657534246575342
"Almont",2000,6,52773.1204426833,0.466666666666667,534.82666626,2.8,24.05,3.5,13.775,296,168.57915117575,92.6663920870112,-0.445953449866532,-1.1491240378617,-1.34147892303292,-1.25243804752368,-1.33774117070012,-1.36070550459205,-1.28235580058242,-1.52394151590664,-1.64280782053012,-1.47052733049725,-1.12948316157608,-0.816776058660128,1230.101332398,1.57430167362051,1.27830167362051,2475,0.657534246575342
"Almont",2000,7,51773.1097530323,1.2258064516129,509.316129622581,0,26.7258064516129,6.5,16.6129032258065,400,183.153847843958,111.017612503483,-0.818644118136694,-0.760302408807951,-1.1810350115435,-1.34673951320823,-1.31330430860401,-1.39986211380389,-1.41381599099276,-1.34610323904757,-1.54508254020826,-1.677082871964,-1.52805263007732,-1.22252720203925,1171.42709813194,1.88951047242119,1.48951047242119,2475,0.657534246575342
"Almont",2000,8,48305.9611895161,1.93548387096774,441.290324548387,0,25.6129032258065,7.09677419354839,16.3548387096774,625.806451612903,156.432004707854,102.979209385261,-0.610331271608492,-0.88794341093362,-0.916902359536468,-1.2331499014636,-1.37476129692864,-1.347074683117,-1.41815384373485,-1.43144790389135,-1.36795981632563,-1.53403107309736,-1.64876079061553,-1.53457119178827,1014.96774646129,1.85872118961102,1.23291473799812,2475,0.657534246575342
"Almont",2000,9,43810.56015625,0.966666666666667,421.54666748,0,21.35,2.03333333333333,11.6916666666667,620,110.413436815508,67.7632551984201,-0.416978951438616,-0.743826779500917,-0.923016619458493,-0.969967886903678,-1.3028672715739,-1.43631396598599,-1.40814125905,-1.46689954114168,-1.47324374244739,-1.4136824259512,-1.56873264489234,-1.66513998872372,969.557335204,1.37329937003191,0.753299370031909,2475,0.657534246575342
"Almont",2000,10,39208.8772681419,0.483870967741935,337.961289929032,0,15.0806451612903,-2.91935483870968,6.08064516129032,486.451612903226,67.1505176956987,35.5936557181971,-0.517467275534625,-0.537108469834501,-0.87596772871757,-1.0152990295078,-1.0208694805993,-1.34123279025909,-1.45826313123618,-1.43510194820354,-1.4870977495181,-1.49564058505256,-1.43441967134386,-1.59288250956885,777.310966836773,0.939774136970265,0.453322524067039,2475,0.657534246575342
"Almont",2000,11,35400.9598958367,0.466666666666667,303.14666697,8.26666666666667,1.93333333333333,-13.9333333333333,-6,222.666666666667,22.444597466218,0,1.76070325829613,0.663765866607608,0.364778968022135,-0.030888656203414,-0.497154626883587,-0.623764288010106,-1.1067018298328,-1.28125626302204,-1.26285304798148,-1.32211195775627,-1.34079659652491,-1.2811514921664,697.237334031,0.390682851184027,0.16801618451736,2475,0.657534246575342
"Almont",2000,12,33615.3595052367,1.16666666666667,261.01333211,33.6,-0.366666666666667,-15.9666666666667,-8.16666666666667,185.333333333333,15.9207657017735,0,-0.0887004509423519,1.48177567261356,0.559470347643426,0.267558419110047,-0.0782478856128757,-0.505554685785041,-0.624169829653546,-1.09669839664908,-1.27396495349476,-1.26024442111847,-1.32425753732643,-1.34213343045295,600.330663853,0.330606012421627,0.145272679088294,2475,0.657534246575342
"Almont",2001,1,34682.6321824516,0.387096774193548,308.12903226129,47.741935483871,-1.62903225806452,-19.6774193548387,-10.6532258064516,132.903225806452,13.9940343897612,0,0.290638630634036,0.109553991857879,1.16499849686223,0.62912385801948,0.222280578195735,-0.140729182636566,-0.522020610686478,-0.610576824417927,-1.05233402231466,-1.24505110151346,-1.23774648783555,-1.3111432053816,708.696774200967,0.271907038665494,0.139003812859042,2475,0.657534246575342
"Almont",2001,2,37929.6000279,0.75,376.114282882143,65.5714285714286,1.89285714285714,-14.6785714285714,-6.39285714285714,195.714285714286,26.024916490272,0,-0.560549781142839,-0.14478222548688,-0.174329896691724,0.573467316900014,0.274654443394036,-0.0401959065845595,-0.342326017465406,-0.668473139321071,-0.694725510745781,-1.10777205965379,-1.3071986878228,-1.30036487357346,865.062850628929,0.379118465709568,0.183404179995282,2475,0.657534246575342
"Almont",2001,3,42285.8322832677,0.741935483870968,469.780645554839,82.5806451612903,6.46774193548387,-8.20967741935484,-0.870967741935484,198.709677419355,53.4899960646698,0,-0.166188249278288,-0.314857675024614,-0.131801693581573,-0.104834274398761,0.421336630389046,0.212287469798825,-0.0709962284511933,-0.375454418786884,-0.668628411515841,-0.650543193641648,-1.04192790707188,-1.26004596179556,1080.49548477613,0.57320598800047,0.374496310581115,2475,0.657534246575342
"Almont",2001,4,46909.4401041667,0.8,567.679999796667,71.7333333333333,12.7666666666667,-4.25,4.25833333333333,206.666666666667,90.7290908951835,30.0048276838488,-0.679207774173647,-0.453072241474271,-0.558723143401415,-0.436977185579196,-0.373081654406551,0.0293044339552433,-0.122747973750272,-0.3140406441133,-0.544021480124934,-0.760520238940953,-0.739750200764512,-1.07668999916807,1305.66399953233,0.827762730735388,0.621096064068721,2475,0.657534246575342
"Almont",2001,5,50803.1999747968,1.2258064516129,548.438709874194,20.7741935483871,18.5322580645161,0.0967741935483871,9.31451612903226,340.645161290323,135.583336776536,65.9163526525531,-0.780170994507317,-0.857169576233835,-0.72470381442204,-0.788729010565582,-0.689234800440738,-0.627018124021797,-0.296324722116965,-0.396014740746769,-0.536174657702135,-0.716085334201338,-0.899687463726827,-0.916596364810155,1261.40903271065,1.17184487777904,0.831199716488713,2475,0.657534246575342
"Almont",2001,6,52750.0804687267,0.5,528.10666504,0,23.8833333333333,2.95,13.4166666666667,342.666666666667,168.21329266362,90.5759514879776,-0.406104135317462,-0.775456442356301,-0.809688366091286,-0.717226453326176,-0.775705989805611,-0.709322429306178,-0.651738755591149,-0.386154830675487,-0.465346471579604,-0.580167335624137,-0.732431641286225,-0.891381031771323,1214.645329592,1.53799075002626,1.19532408335959,2475,0.657534246575342
"Almont",2001,7,51851.1484375065,1.06451612903226,476.490322974194,0,26.241935483871,7.04838709677419,16.6451612903226,483.870967741935,178.586106536546,111.204199926065,-0.322800595963683,-0.432786348871877,-0.70488878508732,-0.779347456382989,-0.73342602794682,-0.7929574059406,-0.738265694015121,-0.690752903969373,-0.448353445489702,-0.512976380294029,-0.621382047237466,-0.759416633690438,1095.92774284065,1.89339041570479,1.40951944796285,2475,0.657534246575342
"Almont",2001,8,48439.7419354839,1.61290322580645,458.219356412903,0,24.2258064516129,6.11290322580645,15.1693548387097,571.612903225806,149.349149905044,96.4850580318333,0.468904234735743,0.0193576394523394,-0.290159450318767,-0.588185319002399,-0.684390721368308,-0.661612819215528,-0.720162398758113,-0.67403787543356,-0.633716905007772,-0.415014117103284,-0.476916586919109,-0.586516742098966,1053.90451974968,1.72286789166203,1.15125498843623,2475,0.657534246575342
"Almont",2001,9,43971.8401041667,0.5,448.319999186667,0,22.35,1.38333333333333,11.8666666666667,497.333333333333,115.715081666076,68.6404091759588,-1.39764123546767,-0.610977114460049,-0.521338434109535,-0.67524359991771,-0.893984667394349,-0.93648570278997,-0.911624572230489,-0.958902762042679,-0.902470946569892,-0.863573688343538,-0.658739336184492,-0.714879379209672,1031.13599812933,1.38926778887447,0.891934455541138,2475,0.657534246575342
"Almont",2001,10,39353.8063256,0.838709677419355,353.445158929032,1.54838709677419,14.8225806451613,-3.82258064516129,5.5,429.677419354839,66.6816058972171,32.6317596187189,-0.366433130346527,-1.18819060679477,-0.676792929156508,-0.627980506114823,-0.705825351834953,-0.93470506030801,-0.962579131878271,-0.930962682070967,-0.965092199258899,-0.907363165377289,-0.865868403522029,-0.665000078211208,812.923865536774,0.902711926274084,0.473034506919245,2475,0.657534246575342
"Almont",2001,11,35493.11992188,1.06666666666667,266.026665496667,3.46666666666667,8.08333333333333,-8.11666666666667,-0.0166666666666667,326.666666666667,34.1788653316564,0,-0.839546991488876,-0.76154335148161,-1.40032715357715,-0.975040038354894,-0.821826625896848,-0.848409883264902,-1.05788263053266,-1.06195417445317,-1.02438782030926,-1.05488040982889,-0.993715048522763,-0.949736458467253,611.861330642334,0.610040973153198,0.283374306486531,2475,0.657534246575342
"Almont",2001,12,33638.3994791933,0.866666666666667,276.160001623333,36.1333333333333,-2.68333333333333,-18.0166666666667,-10.35,154.666666666667,12.2067380545183,0,1.01949623733506,-0.147433941302525,-0.337112559483972,-0.930948639552274,-0.599580329811399,-0.59984233166169,-0.676019160029105,-0.931671317597687,-0.961422038285433,-0.928699485648629,-0.963667879246961,-0.903717712248356,635.168003733666,0.278528739557217,0.12386207289055,2475,0.657534246575342
"Almont",2002,1,34682.6321824516,0.32258064516129,310.400002754839,57.9354838709677,-1.74193548387097,-17.9354838709677,-9.83870967741935,161.290322580645,14.7661797550547,0,0.0726662054607692,0.545367804971141,-0.133193744257926,-0.31579798237168,-0.962789668598752,-0.697486221893195,-0.660084057109144,-0.697551854067695,-0.913659835173146,-0.940375059127923,-0.908598153000781,-0.950816857131684,713.92000633613,0.290019980731845,0.1287296581512,2475,0.657534246575342
"Almont",2002,2,37929.6000279,0.428571428571429,398.628571646429,67,-0.0892857142857143,-18.7142857142857,-9.40178571428571,98.5714285714286,20.3126966116547,0,0.709771716360156,0.478572612572715,0.676609570151265,0.25438625045189,0.0547205257740056,-0.664618735518881,-0.442428347207402,-0.498552859626027,-0.54242556634513,-0.777080760118481,-0.828665262645381,-0.799693963853154,916.845714786787,0.300172498928697,0.201601070357269,2475,0.657534246575342
"Almont",2002,3,42285.8322832677,0.548387096774194,492.490327893548,87.0967741935484,4.83870967741935,-12.9354838709677,-4.04838709677419,117.41935483871,47.8150014541782,0,0.787735014182235,0.912205475046703,0.743899325035694,0.876818255960924,0.591264472570821,0.425208214836986,-0.242650824993727,-0.122434531310479,-0.260019287803377,-0.285474178894474,-0.524781626857171,-0.611266226314454,1132.72775415516,0.452912683671534,0.335493328832824,2475,0.657534246575342
"Almont",2002,4,46909.4401041667,0.233333333333333,576.426668293333,78.6666666666667,14.65,-3.91666666666667,5.36666666666667,157.333333333333,99.5330100915003,36.6573473294952,-1.5619967757142,-0.772009558221968,-0.453957328437738,-0.396137574287115,-0.144681839958897,-0.352078358325157,-0.429367565819569,-0.846711500980411,-0.763328005438314,-0.789224560128224,-0.753918610790557,-0.909055182682924,1325.78133707467,0.894386028238935,0.737052694905602,2475,0.657534246575342
"Almont",2002,5,50803.1999747968,0,618.735481509677,40.3870967741936,18.5161290322581,-1.7258064516129,8.39516129032258,190.967741935484,137.253770510218,60.2454455210384,-1.07901449166735,-1.52225236318771,-1.0664512196573,-0.857300654215119,-0.79130222824514,-0.575257822720856,-0.714847175093237,-0.744641839088043,-1.05749587803114,-0.979623681424818,-1.00041941141867,-1.00259097242807,1423.09160747226,1.10121920208876,0.910251460153276,2475,0.657534246575342
"Almont",2002,6,52750.0804687267,0,554.133327233333,0,26.4166666666667,3.76666666666667,15.0916666666667,290.666666666667,184.363342790504,100.286485457538,-1.86095869628096,-1.83575211593578,-1.89566068324513,-1.573816766171,-1.42344505560672,-1.34831636060172,-1.16692634641866,-1.23335974649689,-1.22418442839939,-1.42465718448104,-1.36289447229097,-1.33417482980235,1274.50665263667,1.71427765044272,1.42361098377605,2475,0.657534246575342
"Almont",2002,7,51851.1484375065,0.451612903225806,522.012903029032,0,28.4354838709677,6.64516129032258,17.5403225806452,349.677419354839,195.228918992605,116.362996625565,-1.88729208973021,-2.32170550498955,-2.12431087767522,-2.08706559710882,-1.89334281464408,-1.80398139606668,-1.71887273876233,-1.57051875053517,-1.60060916583651,-1.59811639289798,-1.73871228280515,-1.67201866893275,1200.62967696677,2.00388427906267,1.65420685970783,2475,0.657534246575342
"Almont",2002,8,48439.7419354839,0.838709677419355,484.541931154839,0,25.4193548387097,4.43548387096774,14.9274193548387,310.967741935484,159.570585194268,95.1514917118603,-1.32489211118141,-1.9734652726525,-2.18087881896745,-2.05985965268008,-2.06820449053391,-1.89875828500037,-1.82649291424938,-1.7619956000928,-1.6339763103217,-1.65581258716637,-1.65715131058449,-1.77558037525889,1114.44644165613,1.69624000317314,1.38527226123765,2475,0.657534246575342
"Almont",2002,9,43971.8401041667,2.43333333333333,366.186664836667,0,19.8666666666667,2.45,11.1583333333333,508,102.946740801965,65.0790058213218,1.0444971427681,-0.131958655524741,-1.50122994866568,-1.99993097412429,-1.91471441811648,-1.95709015167504,-1.77506927406107,-1.68801999606163,-1.62625181001926,-1.5010039585331,-1.52955006967737,-1.52562687713532,842.229329124334,1.32562573976851,0.817625739768511,2475,0.657534246575342
"Almont",2002,10,39353.8063256,0.935483870967742,345.496773016129,0.645161290322581,13.2258064516129,-4.79032258064516,4.21774193548387,411.612903225806,61.9399108683845,25.9324341473611,0.53561427153363,1.0450819300112,0.199240237391223,-1.16299877767146,-1.80347424086785,-1.77143509694792,-1.84727731762698,-1.68504794103719,-1.5936777816698,-1.5384856016602,-1.41025705970868,-1.4472526663686,794.642577937097,0.825408392229679,0.413795489003873,2475,0.657534246575342
"Almont",2002,11,35493.11992188,1.73333333333333,308.47999802,27.7333333333333,4.46666666666667,-11.85,-3.69166666666667,256,27.2131238001556,0,0.969622793875357,0.956719015231972,1.23173420928298,0.55589019472692,-0.892085217808935,-1.65941035293771,-1.69678964003815,-1.78614991205288,-1.61512686190431,-1.5196394828818,-1.46526505104428,-1.33150252655255,709.503995446,0.465194109216962,0.209194109216962,2475,0.657534246575342
"Almont",2002,12,33638.3994791933,0.5,281.28000081,43.3333333333333,-0.466666666666667,-16.9833333333333,-8.725,170.666666666667,15.4323796801435,0,-0.144228099728658,0.680828381161218,0.825101922178414,1.15895982057312,0.467652326398283,-0.887738858555567,-1.58694801868179,-1.67285354987118,-1.77614179719017,-1.61624964876292,-1.52714551937362,-1.47142949855472,646.944001863,0.316524141242642,0.145857474575975,2475,0.657534246575342
"Almont",2003,1,34682.6321824516,0.129032258064516,312.154838316129,38.5806451612903,2.25806451612903,-14.9677419354839,-6.35483870967742,193.548387096774,21.8940132567569,0,-1.78605776847298,-1.17185140390813,-0.564018727460467,-0.13538233967689,0.484362004598914,-0.265414771147772,-1.30378359435033,-1.78133349809605,-1.85313349864397,-1.9530133627025,-1.80332646711072,-1.71859734658295,717.956128127097,0.38022413331935,0.186675746222576,2475,0.657534246575342
"Almont",2003,2,37929.6000279,1.5,338.171427589286,53,1.41071428571429,-14.25,-6.41964285714286,210,25.240279755856,0,-0.205240500998276,-1.06502566320339,-0.862371044737226,-0.446164658205623,-0.157484437556668,0.320922223103502,-0.338088060358991,-1.29464426152777,-1.76944499194008,-1.87023918607075,-2.01251823423463,-1.85367921643312,777.794283455358,0.378341191050063,0.168341191050063,2475,0.657534246575342
"Almont",2003,3,42285.8322832677,0.935483870967742,469.470965970968,78.7096774193548,6.35483870967742,-9,-1.32258064516129,243.870967741935,53.2509556624181,0,-0.0940574054250845,-0.0869714004100023,-0.691785975704168,-0.582603642893133,-0.307432324476656,-0.0743562251606281,0.250303281861946,-0.346372667540344,-1.15473898616826,-1.62338263420404,-1.78716060665228,-1.97075526074539,1079.78322173323,0.554542597743043,0.310671630001108,2475,0.657534246575342
"Almont",2003,4,46909.4401041667,0.466666666666667,566.29333496,78.8,12.3333333333333,-5.38333333333333,3.475,237.333333333333,89.2888427031188,25.1631642789738,-0.557472126638321,-0.32486333298665,-0.343270907106819,-0.743345373319778,-0.660648592681664,-0.442321087395571,-0.276871806764453,-0.0284877481491833,-0.473846125102941,-1.11876238490135,-1.53386126927612,-1.75001017048923,1302.474670408,0.78336195792037,0.546028624587037,2475,0.657534246575342
"Almont",2003,5,50803.1999747968,1.03225806451613,569.909673877419,38.1935483870968,18.0483870967742,-0.225806451612903,8.91129032258065,312.258064516129,132.981481408807,63.4388309185875,-0.527145000596786,-0.645861122182666,-0.517871769079778,-0.514121623835168,-0.811474730584688,-0.750556273447764,-0.566175217526894,-0.423168278111088,-0.218772597137941,-0.577483719815407,-1.13096213527509,-1.49917252757084,1310.79224991806,1.14039156506161,0.828133500545485,2475,0.657534246575342
"Almont",2003,6,52750.0804687267,0.633333333333333,514.773334756667,0,22.3833333333333,2.36666666666667,12.375,333.333333333333,159.00022822864,84.4555611652793,0.528410592218154,-0.0257615449671548,-0.230062755251499,-0.177838987039557,-0.196305199147326,-0.466114392628875,-0.423768888656757,-0.283944302680726,-0.186746138476841,-0.0239474930071877,-0.333211885563496,-0.87927866209101,1183.97866994033,1.4365829095336,1.10324957620026,2475,0.657534246575342
"Almont",2003,7,51851.1484375065,0.774193548387097,529.032254129032,0,29.3709677419355,6.51612903225806,17.9435483870968,376.774193548387,202.222071587437,118.675139455679,-2.28171972304924,-1.36569691441251,-1.24070917412618,-1.14937638612304,-1.07662034655606,-1.08207782369394,-1.2433582878306,-1.18684723686102,-1.04507595443154,-0.936874371212722,-0.793116123844653,-1.02261921176507,1216.77418449677,2.05547569924906,1.67870150570068,2475,0.657534246575342
"Almont",2003,8,48439.7419354839,1.2258064516129,448.8258096,0,25.6290322580645,7.04838709677419,16.3387096774194,526.451612903226,156.630296454328,102.891287966959,-0.764552932260586,-2.14607836360079,-1.40070480093066,-1.30907934863136,-1.2330496680058,-1.17428316985472,-1.17985162135318,-1.31018571977075,-1.25549795591597,-1.13633034924197,-1.04504436335876,-0.928073138845189,1032.29936208,1.85681156067368,1.33035994777046,2475,0.657534246575342
"Almont",2003,9,43971.8401041667,2.23333333333333,434.133333333333,0,20.1333333333333,0.783333333333333,10.4583333333333,526.666666666667,105.887220237534,61.5295264737043,0.577409484588398,-0.108768776062884,-1.92979344952663,-1.2033276926654,-1.18859243196731,-1.14202169905127,-1.09422052588385,-1.09551221230132,-1.22869477213118,-1.18257447826563,-1.06836182306338,-0.9804043619712,998.506666666666,1.26526892488713,0.738602258220459,2475,0.657534246575342
"Almont",2003,10,39353.8063256,0.548387096774194,350.141931845161,0,17.5645161290323,-2.29032258064516,7.63709677419355,520,75.1221105776518,43.3566593576223,-1.76513810455899,-0.813972415495058,-1.21085703822418,-2.19459984099805,-1.57254182528428,-1.47155435499493,-1.37764049562396,-1.32264409335015,-1.31132238914785,-1.42443676523542,-1.37112533623055,-1.25769775045631,805.32644324387,1.04583699808407,0.525836998084074,2475,0.657534246575342
"Almont",2003,11,35493.11992188,1.56666666666667,249.60000051,4.8,4.15,-9.33333333333333,-2.59166666666667,332,26.6665739930745,0,1.06019595750414,-0.851410727244109,-0.164074706557674,-0.64072195146633,-2.06380428177367,-1.38453017945899,-1.3551678438533,-1.27375617112522,-1.21851055052045,-1.20708325665757,-1.33440107931985,-1.28165043543049,574.080001173,0.504950102932212,0.172950102932212,2475,0.657534246575342
"Almont",2003,12,33638.3994791933,0.666666666666667,273.279999293333,19.6,0.8,-14.3166666666667,-6.75833333333333,210.666666666667,17.9633658260538,0,-0.819612436220939,0.260853711196503,-1.06404909832797,-0.46893058518024,-0.848600006146096,-2.06777249237468,-1.43236223418546,-1.41383831077128,-1.33054439836796,-1.27906809675756,-1.27190003774939,-1.39349473894974,628.543998374666,0.36863455517309,0.157967888506423,2475,0.657534246575342
"Almont",2004,1,34682.6321824516,1.19354838709677,308.335483922581,88,-3.12903225806452,-19.1612903225806,-11.1451612903226,147.096774193548,12.2814193144084,0,0.895120033645776,0.105570229652597,0.67413419112213,-0.674373911961662,-0.269136344930142,-0.651657197504886,-1.81196778245862,-1.27479928364025,-1.29947678569295,-1.23783697452771,-1.19091598618063,-1.18809913663142,709.171613021936,0.261462407556262,0.114365633362714,2475,0.657534246575342
"Almont",2004,2,38004.0828394379,0.758620689655172,392.717242010345,107.724137931034,-0.672413793103448,-17.0862068965517,-8.87931034482759,175.172413793103,20.2551469244446,0,0.798168000984557,0.939610971384071,0.443547526907582,0.834549131668713,-0.214937961577806,0.00263762985914694,-0.371355556317232,-1.58676019669037,-1.11299906181865,-1.16851605925959,-1.13530943013274,-1.08884409167039,903.249656623793,0.312727658897399,0.137555245104296,2475,0.657534246575342
"Almont",2004,3,42430.7612147194,0.0967741935483871,529.96128796129,114.322580645161,10.0322580645161,-7.95161290322581,1.04032258064516,218.064516129032,65.8939444390502,8.24768783720603,-1.79680335075956,-1.10528781739843,-0.563400010693222,-0.650194020005965,-0.346620121884206,-0.974978771044408,-0.82693498893048,-1.07509982843557,-1.75271712129107,-1.46288710376282,-1.49685763025996,-1.45046800829738,1218.91096231097,0.65851080825882,0.440446292129788,2475,0.657534246575342
"Almont",2004,4,47059.20013021,1.76666666666667,503.893340043333,91.4666666666667,12.2166666666667,-3.15,4.53333333333333,246.666666666667,87.293117047621,31.6751311093836,-0.176660132638085,-1.14542057219458,-0.755380471076841,-0.458354200588854,-0.532396111705225,-0.296551698608395,-0.786697933524826,-0.683824957319716,-0.911648506691134,-1.56327862958612,-1.30527042809432,-1.37940219437236,1158.95468209967,0.843870042383698,0.597203375717031,2475,0.657534246575342
"Almont",2004,5,50903.535534271,0.258064516129032,602.322582612903,42.4516129032258,18.3387096774194,-0.564516129032258,8.88709677419355,229.677419354839,135.128352054384,63.2897068569386,-0.833625046607969,-0.62286486676961,-1.18111877933539,-0.953870174711717,-0.72880303796056,-0.774144892937443,-0.573304208889189,-0.936981487546663,-0.847653152346326,-1.02292696313875,-1.57242270790488,-1.37780933293842,1385.34194000968,1.13852827233592,0.908850852981085,2475,0.657534246575342
"Almont",2004,6,52773.1204426833,1.06666666666667,516.37333069,0.133333333333333,23.05,2.9,12.975,310.666666666667,162.700983158198,87.9889987413517,0.207168583634888,-0.426221791915072,-0.363856147291611,-0.838077616743821,-0.672461778224807,-0.519675020289104,-0.558444821134677,-0.401370869397311,-0.724880834470631,-0.656835041427648,-0.829468168863883,-1.38455785829663,1187.658660587,1.49425002474908,1.18358335808241,2475,0.657534246575342
"Almont",2004,7,51773.1097530323,1.64516129032258,472.774194532258,0,24.6129032258065,6.03225806451613,15.3225806451613,495.483870967742,168.964851664119,103.513010705549,0.98437515575596,0.708860973561547,0.0673611408387628,-0.0181496730642512,-0.4885351850853,-0.352534796841073,-0.234405592093614,-0.28858481016876,-0.146724762287363,-0.45913086574422,-0.404193647373353,-0.579086468633038,1087.38064742419,1.7399214470264,1.24443757605866,2475,0.657534246575342
"Almont",2004,8,48305.9611895161,0.483870967741935,488.567746067742,0,23.6129032258065,4.19354838709677,13.9032258064516,495.483870967742,148.702792936561,89.4732016671798,0.399112009162507,0.828789631691746,0.675616998162733,0.0812527952195165,0.00481149059147104,-0.453015727034289,-0.332546997040518,-0.220844042477848,-0.2770067362519,-0.14604823825022,-0.439873743156349,-0.394920091363998,1123.70581595581,1.58747702364417,1.09199315267643,2475,0.657534246575342
"Almont",2004,9,43810.56015625,1.06666666666667,406.080000303333,0,19.6,1.13333333333333,10.3666666666667,569.333333333333,103.106543533141,61.062390536025,0.825621582700916,0.835047458986035,1.03911126021168,0.903115492992233,0.308606342765519,0.1884571945323,-0.302092238253528,-0.183587186546874,-0.0754244930812035,-0.151108137309497,-0.0249243129740061,-0.335727829761095,933.984000697666,1.25754715802675,0.688213824693415,2475,0.657534246575342
"Almont",2004,10,39208.8772681419,1.06451612903226,331.25161546129,0.258064516129032,13.258064516129,-2.70967741935484,5.2741935483871,469.677419354839,61.1104301751527,31.4687500064876,0.707102567759997,0.997701917172214,1.00073245976358,1.15468249894802,1.0141778421324,0.451212633088567,0.315655042593826,-0.155832008919794,-0.0318117164065055,0.0716201081911595,-0.00571110551688466,0.113264090897442,761.878715560967,0.888651553831049,0.41897413447621,2475,0.657534246575342
"Almont",2004,11,35400.9598958367,1.36666666666667,275.093333943333,6,6.51666666666667,-8.38333333333333,-0.933333333333333,337.333333333333,31.0891866998954,0,-0.0754905324594257,0.506938127512414,0.896880217859791,0.95770310247494,1.14030090876536,1.00321793662644,0.468783712114548,0.326122716290375,-0.145972727132295,-0.0173668543917856,0.0858057199689535,0.00266436805933032,632.714668069666,0.570595938302548,0.233262604969215,2475,0.657534246575342
"Almont",2004,12,33615.3595052367,0.833333333333333,285.760002136667,41.7333333333333,-1.6,-17.55,-9.575,169.333333333333,13.7448914448422,0,0.506607778997797,0.212020501918626,0.655993507800401,0.952747797604451,1.00684229107385,1.2092085156848,1.04965478841464,0.532228239237921,0.386232250278295,-0.0840233644654377,0.045602038466973,0.146982600832645,657.248004914334,0.296110370775503,0.12677703744217,2475,0.657534246575342
"Almont",2005,1,34682.6321824516,2.12903225806452,302.038709580645,96.6451612903226,0.5,-13.8064516129032,-6.65322580645161,220.645161290323,19.4325076088726,0,-0.693399233027893,-0.201340429239151,-0.275934347499905,0.253896010074385,0.642164498471329,0.748372075510121,1.04155129529057,0.910749810021252,0.434383341091696,0.325521295054593,-0.128516897976113,0.00515519123548347,694.689032035483,0.371622876115913,0.15097771482559,2475,0.657534246575342
"Almont",2005,2,37929.6000279,1.17857142857143,394.399998257143,122.714285714286,1.30357142857143,-14.25,-6.47321428571429,215.714285714286,25.0353828936986,0,-0.232772431941581,-0.467086513572919,-0.220613712426345,-0.244108240736271,0.127916934217595,0.454331819301538,0.594939148811986,0.957936532726139,0.847532716585523,0.401903121323555,0.317122752675851,-0.130513335533788,907.119995991429,0.376790893479289,0.161076607765003,2475,0.657534246575342
"Almont",2005,3,42285.8322832677,0.806451612903226,486.399999803226,149.548387096774,5.2741935483871,-10.5,-2.61290322580645,272.258064516129,49.7466597173159,0,0.491782205844708,0.290945283914192,0.00733676192150992,0.150715181655369,0.0965238340976211,0.365027093300563,0.59607238275701,0.670506344562523,1.03020636911229,0.918093363077627,0.524371024787424,0.438467340957079,1118.71999954742,0.50415488444633,0.231896819930201,2475,0.657534246575342
"Almont",2005,4,46909.4401041667,0.766666666666667,594.773328656667,160.133333333333,12.0166666666667,-5.95,3.03333333333333,233.333333333333,88.0499545290796,22.3697165036023,-0.382752868483834,0.084101829512252,-0.0028922798230272,-0.178826233860319,-0.0353912464720984,-0.0649220694884168,0.124228980029346,0.301632904320753,0.355673381123285,0.668330213756957,0.686767014488116,0.399542267969976,1367.97865591033,0.759268267086033,0.5259349337527,2475,0.657534246575342
"Almont",2005,5,50803.1999747968,0.774193548387097,624.929028912903,116.774193548387,18.0161290322581,-0.387096774193548,8.81451612903226,278.709677419355,132.96665426043,62.8420067457596,-0.552793832685733,-0.565983117484385,-0.268343210362872,-0.282154410127393,-0.393682313429989,-0.264088514250776,-0.277471846331423,-0.115346918440046,0.0303699929803421,0.0577989168146305,0.307115432985431,0.384351958635114,1437.33676649968,1.13295449480913,0.85424481738977,2475,0.657534246575342
"Almont",2005,6,52750.0804687267,0.7,557.119997153333,31.3333333333333,21.75,2.36666666666667,12.0583333333333,300,154.822610070691,82.5814611008326,0.921075280693522,0.232673825997675,0.028362681621569,0.186700146138931,0.150647539560899,0.0292705665018011,0.121484419914821,0.0968013832949793,0.206279338977867,0.320706494314489,0.354054147096769,0.56012131536199,1281.37599345267,1.40694431745131,1.10694431745131,2475,0.657534246575342
"Almont",2005,7,51851.1484375065,0.612903225806452,524.077420141935,0,27.7258064516129,6.17741935483871,16.9516129032258,372.903225806452,190.908014449102,112.974373126402,-1.56999502147738,-0.375643682309935,-0.563815006551249,-0.576648446011818,-0.406790949782726,-0.424322411707423,-0.509481889413825,-0.412178889861827,-0.410178285366425,-0.28033623214604,-0.177284103255236,-0.14955071865085,1205.37806632645,1.93059987182558,1.55769664601913,2475,0.657534246575342
"Almont",2005,8,48439.7419354839,1.96774193548387,432.61935473871,0,23.5,6,14.75,593.548387096774,144.933336465906,94.1716988189266,1.07985745034125,-0.643731699864955,0.0445825803334489,-0.258573448662042,-0.332921277382877,-0.202081567879071,-0.226652547065343,-0.316039010549649,-0.235606767034829,-0.241864691025688,-0.121575723107721,-0.022778275886607,995.024515899033,1.6769432831691,1.08339489607232,2475,0.657534246575342
"Almont",2005,9,43971.8401041667,1.63333333333333,415.786665853333,0,20.9166666666667,2.43333333333333,11.675,597.333333333333,107.944490440267,67.6796251213269,0.135568805218719,0.921602450974254,-0.453685074555683,0.120570294548155,-0.216972838750442,-0.307054793812433,-0.191060030722269,-0.218954454835033,-0.306553519182368,-0.238401335144431,-0.247968136608523,-0.13791419018272,956.309331462666,1.37178702849222,0.774453695158887,2475,0.657534246575342
"Almont",2005,10,39353.8063256,1.35483870967742,333.935481409677,0,14.758064516129,-2.04838709677419,6.35483870967742,526.451612903226,65.631029046798,36.9789407976125,-0.0736289926620614,0.146967394913321,0.76712638397729,-0.468574392519761,0.110127615798688,-0.235752326318309,-0.312481907469463,-0.186509966574865,-0.201597082466004,-0.281582059802329,-0.213484019839733,-0.223435091749422,768.051607242257,0.957738399677944,0.431286786774718,2475,0.657534246575342
"Almont",2005,11,35493.11992188,0.866666666666667,290.026666766667,2.8,6.81666666666667,-8.95,-1.06666666666667,334.666666666667,31.7277569566556,0,-0.346286067908067,-0.252946728479799,0.0338594038059859,0.655337768898208,-0.510024813613366,0.0792635686498937,-0.268679513735667,-0.344034833730093,-0.214338371128499,-0.224243748584471,-0.30349131654918,-0.238464698447901,667.061333563334,0.565051175209323,0.230384508542656,2475,0.657534246575342
"Almont",2005,12,33638.3994791933,1.7,261.54666646,46.5333333333333,-3.58333333333333,-18.2666666666667,-10.925,166.666666666667,11.0232611264457,0,1.64702154765142,0.730019075175815,0.416905168426342,0.453581634914602,0.955919337396611,-0.172054096351369,0.31266714266825,-0.051062086525085,-0.16050289480674,-0.0334560712877862,-0.0468380445127955,-0.134521792038753,601.557332858,0.266091760395186,0.0994250937285187,2475,0.657534246575342
"Almont",2006,1,34682.6321824516,1.12903225806452,300.180644374194,61.1612903225806,-2.38709677419355,-18.6451612903226,-10.5161290322581,149.677419354839,13.5366232815173,0,0.589515794424456,1.19756021216429,0.813216183923541,0.646539607623372,0.533195390568096,1.0607483112713,-0.125407433913568,0.370870637716363,0.0605761755586531,-0.0462341083651445,0.0888207524845819,0.0734667396201657,690.415482060646,0.274883314977272,0.125205895622433,2475,0.657534246575342
"Almont",2006,2,37929.6000279,0.535714285714286,402.971429010714,85.5714285714286,-0.785714285714286,-18.2857142857143,-9.53571428571429,144.285714285714,19.3756748206649,0,0.944987788902335,0.862127054082872,1.18404728884354,0.984831076582608,0.889159200894531,0.786489443744804,1.26533376662412,0.0903616533187254,0.55639831270175,0.248980070523233,0.127407633498016,0.253533524169064,926.834286724642,0.297027359803147,0.152741645517433,2475,0.657534246575342
"Almont",2006,3,42285.8322832677,0.741935483870968,465.651616248387,102.322580645161,5.14516129032258,-9.85483870967742,-2.35483870967742,225.806451612903,49.3348326576828,0,0.553258887420052,0.882787105564317,0.883163425605372,1.12329011769341,1.01759586964261,0.921916846722388,0.892839630897222,1.3287748229684,0.205658623133674,0.667169070974108,0.398542793032639,0.273354023058854,1070.99871737129,0.513894071949202,0.288087620336299,2475,0.657534246575342
"Almont",2006,4,46909.4401041667,0.633333333333333,591.14666443,93.8666666666667,13.8,-4.68333333333333,4.55833333333333,202.666666666667,95.8442785525207,31.8262902925564,-1.20911406620112,-0.546371956836931,-0.184930039054171,-0.03372962477481,0.296837827564065,0.196354465840206,0.152225946167257,0.110564515372249,0.435901639136761,-0.315840265018673,0.173180937094006,0.0242182541417574,1359.637328189,0.845347998402466,0.642681331735799,2475,0.657534246575342
"Almont",2006,5,50803.1999747968,0.387096774193548,606.348384735484,50.4516129032258,19.3548387096774,-0.483870967741935,9.43548387096774,207.741935483871,141.2761968576,66.6567751841509,-1.44072165657113,-1.49971467818157,-1.10892686434669,-0.848911544677826,-0.690337215377331,-0.388264333840223,-0.444866130865526,-0.438486658358642,-0.458874889994856,-0.223778721838534,-0.750537901924493,-0.364987890924399,1394.60128489161,1.18142883450516,0.973686899021289,2475,0.657534246575342
"Almont",2006,6,52750.0804687267,0.433333333333333,537.173331706667,0.4,24.85,3.68333333333333,14.2666666666667,286.666666666667,173.753932681301,95.5228458062568,-0.947973089378699,-1.46640893122394,-1.50223032283178,-1.22063406869716,-1.03026210084281,-0.908371621907249,-0.65868927819689,-0.689964862523424,-0.674189431016013,-0.686280854185923,-0.498707344366949,-0.900835656459048,1235.49866292533,1.62534910547788,1.33868243881122,2475,0.657534246575342
"Almont",2006,7,51851.1484375065,2.7741935483871,437.470969906452,0,25.741935483871,8.59677419354839,17.1693548387097,581.935483870968,171.356355934257,114.229513454645,0.822035953109332,-0.197986180777231,-0.85225522541661,-1.0664737433102,-0.876521415305326,-0.723187945303513,-0.63378682197559,-0.420432410872981,-0.452722758607736,-0.447443513932031,-0.469486706539829,-0.28852810924991,1006.18323078484,1.95742641698486,1.37549093311389,2475,0.657534246575342
"Almont",2006,8,48439.7419354839,2.35483870967742,421.574197090323,0,23.2258064516129,7.11290322580645,15.1693548387097,895.483870967742,140.862574284932,96.4850580318333,1.53229848567561,1.45558575712245,0.475586007604539,-0.333903260540625,-0.660218565286844,-0.508687894376194,-0.367720910429434,-0.296925958552073,-0.107571175778746,-0.151627626331484,-0.155549468206996,-0.183760699744903,969.620653307743,1.72286789166203,0.827384020694289,2475,0.657534246575342
"Almont",2006,9,43971.8401041667,1.4,413.8666687,0,17.5333333333333,0.15,8.84166666666667,616,94.6203255940535,53.2048731916832,1.89439194797299,2.01463005364334,1.85061993165517,1.17863136778799,0.288936465625655,-0.184449311282842,-0.0608298503625482,0.079577347302095,0.135540706483063,0.299924324666781,0.241072635516341,0.216119972406449,951.89333801,1.13503667643355,0.519036676433554,2475,0.657534246575342
"Almont",2006,10,39353.8063256,1.74193548387097,309.16128883871,0,11.5161290322581,-2.96774193548387,4.2741935483871,513.548387096774,55.6793589957377,26.2326304458775,1.66628968093158,1.95575938939178,2.16975471272248,2.1840836418656,1.49539047165064,0.695862298101938,0.170747435681652,0.288511782507943,0.422043061927503,0.465830193496634,0.605281397972266,0.546625628080068,711.070964329033,0.828684250649292,0.315135863552517,2475,0.657534246575342
"Almont",2006,11,35493.11992188,1.03333333333333,296.106667583333,12.8,6.01666666666667,-10,-1.99166666666667,298.666666666667,30.2105838204096,0,0.0577269000272505,1.38489188273558,1.80503174743472,2.08619350275249,2.09159759198561,1.47217608709098,0.73347166228613,0.200819105840354,0.317735154796617,0.452320543186056,0.494876371079572,0.625604784964517,681.045335441666,0.527882880516637,0.22921621384997,2475,0.657534246575342
"Almont",2006,12,33638.3994791933,0.333333333333333,267.840001426667,33.7333333333333,0.983333333333333,-13.3833333333333,-6.2,236,18.3975952816566,0,-1.01129185542755,-0.637864188110613,0.85677284599271,1.64512104653629,1.99340764546812,2.00418267204635,1.3338873648861,0.577797782949086,0.0764165543066154,0.204887587450969,0.347439421750539,0.39462950666064,616.032003281334,0.384756907009596,0.148756907009596,2475,0.657534246575342
"Almont",2007,1,34682.6321824516,0.387096774193548,311.122579270968,45.8064516129032,-1.03225806451613,-18.6612903225806,-9.84677419354839,150.967741935484,15.3911555383,0,-0.0763650410559611,-0.656412005214395,-0.572399159254921,0.733298906347081,1.74038206662951,2.19394541693452,2.1069685643948,1.32300675202204,0.578524108907115,0.100082149319813,0.24116223849877,0.388690003330833,715.581932323226,0.289835501924736,0.138867759989252,2475,0.657534246575342
"Almont",2007,2,37929.6000279,0.892857142857143,341.142856596429,53.1428571428571,2.64285714285714,-12,-4.67857142857143,258.571428571429,28.1401574358218,0,-0.985256652642704,-0.62045582609858,-0.850831325620368,-0.767714554819017,0.166396950545767,1.2400057230339,1.90291151550624,1.95944841166678,1.1101855119247,0.400788603820627,-0.0227521953855697,0.121592748076344,784.628570171787,0.431918774003943,0.173347345432514,2475,0.657534246575342
"Almont",2007,3,42285.8322832677,0.451612903225806,483.716126474194,67.741935483871,8.82258064516129,-7.79032258064516,0.516129032258065,220.645161290323,61.5704097690525,4.49585875869333,-1.32965438303971,-1.40251456817,-1.16639459238535,-1.18696634156227,-1.12778144611261,-0.429133301635444,0.388481214238618,1.14200219857323,1.37818300641801,0.659330614549571,0.0573526789428303,-0.283370252572124,1112.54709089065,0.634062477900057,0.413417316609734,2475,0.657534246575342
"Almont",2007,4,46909.4401041667,0.833333333333333,534.61333313,45.7333333333333,12.55,-3.75,4.4,213.333333333333,89.3682790376163,30.8670396036826,-0.525325944240654,-1.01688265502261,-1.15252860935528,-1.04569852196214,-1.09235806710104,-1.04033834712614,-0.51989098994522,0.0860672588252062,0.645534896486593,0.879502751451304,0.414093287710854,-0.0502890672037979,1229.610666199,0.836026143062561,0.622692809729228,2475,0.657534246575342
"Almont",2007,5,50803.1999747968,0.516129032258065,522.632260229032,6.06451612903226,16.9677419354839,-0.209677419354839,8.37903225806452,268.387096774194,126.360034614936,60.1452348720893,0.108646767934348,-0.24376374288279,-0.644758109512273,-0.810199636476439,-0.773153263938398,-0.848074146793825,-0.811685040135632,-0.380812175974919,0.117409559653664,0.541181831982141,0.739607840504925,0.346884906794159,1202.05419852677,1.10001443648824,0.831627339714049,2475,0.657534246575342
"Almont",2007,6,52750.0804687267,0.4,540.800007116667,0,23.5666666666667,3.6,13.5833333333333,297.333333333333,165.160596947245,91.5491703886726,-0.108335162487075,-0.0444926946963255,-0.230116365561077,-0.537620595860129,-0.679421526451063,-0.668984939678965,-0.727347445288383,-0.699967525199695,-0.358744876405098,0.0409441388250545,0.395027515863641,0.558728908977739,1243.84001636833,1.55478691411567,1.25745358078233,2475,0.657534246575342
"Almont",2007,7,51851.1484375065,1.12903225806452,472.361292683871,0,26.5161290322581,8.04838709677419,17.2822580645161,411.612903225806,178.417006275759,114.879483942105,-0.294660623091024,-0.208343917935699,-0.136142194716143,-0.294899520776651,-0.572198341996869,-0.701750549061383,-0.695784002851987,-0.749457990052225,-0.719251599588072,-0.408396723126858,-0.0396138539287274,0.293111269503211,1086.4309731729,1.97146473516092,1.55985183193512,2475,0.657534246575342
"Almont",2007,8,48439.7419354839,1.03225806451613,477.72903343871,0,25.5806451612903,7.70967741935484,16.6451612903226,504.516129032258,154.988876803407,104.559815901035,-0.518856940877593,-0.48172353836536,-0.46437380925729,-0.35768649280769,-0.455589716829821,-0.707022554325245,-0.821413683592665,-0.81026316100868,-0.85140753682937,-0.824268876790808,-0.547766489641164,-0.213632343809241,1098.77677690903,1.89339041570479,1.38887428667253,2475,0.657534246575342
"Almont",2007,9,43971.8401041667,1.26666666666667,414.826667783333,0,20.95,2.61666666666667,11.7833333333333,560,107.900720159974,68.2229350937973,0.079664323555211,-0.301950804678756,-0.326620783519922,-0.377572836227641,-0.328950588591698,-0.440907401824583,-0.705992718122034,-0.817694002181575,-0.804032940834067,-0.853422355471336,-0.829704389674355,-0.565483365518689,954.101335901666,1.38164351263757,0.82164351263757,2475,0.657534246575342
"Almont",2007,10,39353.8063256,0.709677419354839,360.051613103226,0,14.6774193548387,-3.67741935483871,5.5,446.451612903226,66.1604216552763,32.6317596187189,-0.29367834267206,-0.0302667006976748,-0.38083804213556,-0.434771321906129,-0.409279382661394,-0.390032410874839,-0.479468095237959,-0.720509705143296,-0.816228510814656,-0.800124544257132,-0.846082836357504,-0.823698814443146,828.11871013742,0.902711926274084,0.456260313370858,2475,0.657534246575342
"Almont",2007,11,35493.11992188,0.0666666666666667,299.51999817,0,9.61666666666667,-9.2,0.208333333333333,306.666666666667,37.3019753904109,1.68336504186615,-1.57536020316947,-1.20521301492751,-0.83689130802532,-1.12155036700145,-0.895841723041896,-0.758703873982199,-0.678277542231615,-0.715721507669025,-0.932716098466745,-1.01829453910145,-0.99413663275442,-1.03047926538905,688.895995791,0.620085003485944,0.313418336819277,2475,0.657534246575342
"Almont",2007,12,33638.3994791933,3.23333333333333,236.159999853333,24.1333333333333,-4.2,-16.6833333333333,-10.4416666666667,192,10.8785197632067,0,2.13599046691982,-0.227833465027384,-0.341495011422963,-0.118061735360144,-0.392074147816804,-0.438420295631559,-0.41250161049624,-0.401757356672973,-0.48882032968372,-0.727225136721611,-0.822574938375943,-0.805094748588043,543.167999662666,0.276511976546795,0.0845119765467955,2475,0.657534246575342
"Almont",2008,1,34682.6321824516,3,309.780646790323,144,-6.53225806451613,-20.5322580645161,-13.5322580645161,134.193548387097,7.35996664230521,0,2.07684589418128,2.48626493523881,1.33573342888712,0.921555014251958,0.707551399042297,0.338188360187913,0.119694177085241,0.0391453865750367,0.0426448272186985,-0.105100411575803,-0.375821932367354,-0.491123578288436,712.495487617743,0.215685286811017,0.0814917384239202,2475,0.657534246575342
"Almont",2008,2,38004.0828394379,2.17241379310345,403.862070541379,222.758620689655,-1.27586206896552,-15.7241379310345,-8.5,188.965517241379,19.8117778976005,0,1.20297767879127,1.78532671677053,2.10632002373164,1.4077306768069,1.19199638657999,1.04647556393028,0.685154689622173,0.409425100371887,0.293582338002962,0.281584610541274,0.110917219524712,-0.171457231502202,928.882762245172,0.322133348982458,0.133167831741079,2475,0.657534246575342
"Almont",2008,3,42430.7612147194,0.838709677419355,552.361289732258,252.645161290323,2.61290322580645,-14.1129032258065,-5.75,216.774193548387,40.6439737642838,0,2.03127055208578,1.80301055802829,2.0322650994733,2.17303432605311,1.85064773160882,1.63060184606105,1.70154673006016,1.38735060714376,1.05190900229836,0.802861254837597,0.755654792433061,0.541863883823129,1270.43096638419,0.398204360824963,0.181430167276576,2475,0.657534246575342
"Almont",2008,4,47059.20013021,0.633333333333333,651.51999817,272.266666666667,9.05,-8.01666666666667,0.516666666666667,270.666666666667,75.4496819396238,4.83290858210987,1.10357331863545,1.58938929381184,1.68596855844315,1.94926031495461,2.1104505490876,1.82889711077782,1.67486907763282,1.72956827171478,1.54816388403982,1.30956273652457,1.02974613885484,0.981222688571727,1498.495995791,0.634087135086713,0.363420468420046,2475,0.657534246575342
"Almont",2008,5,50903.535534271,1.38709677419355,634.012904012903,246.838709677419,15.4838709677419,-1.61290322580645,6.93548387096774,286.451612903226,119.111772403549,51.0639728105013,0.862784081413666,1.10425801516205,1.46429989696122,1.57395268926457,1.79787051896216,1.98308458123909,1.75571698224815,1.63325887594414,1.67101236969477,1.547643565081,1.43678293364709,1.20789659318329,1458.22967922968,0.996784965216969,0.710333352313743,2475,0.657534246575342
"Almont",2008,6,52773.1204426833,0.133333333333333,682.56000061,162.933333333333,22.55,2.21666666666667,12.3833333333333,277.333333333333,160.297253203737,84.5047919175601,0.353306245462335,0.753771505418532,0.9603135347223,1.27915897474074,1.39590632653864,1.62045472938626,1.74198029822834,1.53570782747604,1.44679799644645,1.46497310238622,1.36804982386591,1.27459730985391,1569.888001403,1.43737023492871,1.16003690159538,2475,0.657534246575342
"Almont",2008,7,51773.1097530323,1.12903225806452,541.729035406452,37.0322580645161,25.8870967741935,6.40322580645161,16.1451612903226,397.41935483871,177.319831274099,108.306570149388,-0.160362963002308,0.197344672888733,0.548429777850103,0.784346865801707,1.15149465635427,1.29256218358394,1.5350236012203,1.65886047622457,1.42938749788209,1.35053263822863,1.37015311850414,1.26591098566237,1245.97678143484,1.83402992555694,1.43661057071823,2475,0.657534246575342
"Almont",2008,8,48305.9611895161,0.709677419354839,474.116134148387,0,25.0483870967742,6.25806451612903,15.6532258064516,459.354838709677,154.348848119952,99.1436792858061,-0.46523241322193,-0.365548429235437,-0.113687846001128,0.281596907552168,0.576217609965152,0.980310509269748,1.14484685015447,1.42192599879703,1.55834886817068,1.30352559506873,1.22423686198212,1.2516618649858,1090.46710854129,1.77722704909079,1.31787221038111,2475,0.657534246575342
"Almont",2008,9,43810.56015625,0.7,438.29333191,0,20.7166666666667,1.13333333333333,10.925,412,108.282896503495,63.8992637556366,-0.0864631146502866,-0.38341173298142,-0.291734787166572,-0.0969248422755828,0.25374714239555,0.545547947781986,0.951316825398229,1.11175055521451,1.38816371346139,1.53561828119067,1.27738724731752,1.19809822332045,1008.074663393,1.30523100792259,0.893231007922588,2475,0.657534246575342
"Almont",2008,10,39208.8772681419,0.612903225806452,351.89677626129,0,15.2096774193548,-3.80645161290323,5.70161290322581,405.161290322581,67.9243957403452,33.6647456862051,-0.633605852049904,-0.380068789459678,-0.648408293781963,-0.525469148742879,-0.245754477364837,0.0837921573072714,0.396314757910089,0.79972070005406,0.946796225316575,1.20653845994646,1.34329207671725,1.11050712150748,809.362585400967,0.915431626460884,0.510270336138303,2475,0.657534246575342
"Almont",2008,11,35400.9598958367,0.566666666666667,280.746667483333,3.73333333333333,8.05,-7.78333333333333,0.133333333333333,313.333333333333,34.0748665009049,1.14391398880616,-0.919583453130356,-0.990418505919203,-0.731197941569742,-0.989463361296591,-0.743443236436866,-0.408922760879258,-0.0609825249631556,0.269729177761721,0.68003569249599,0.832730384646453,1.09570601345934,1.23266276580829,645.717335211666,0.616720820535052,0.303387487201719,2475,0.657534246575342
"Almont",2008,12,33615.3595052367,2.66666666666667,236.266667683333,41.0666666666667,-1.78333333333333,-14.6666666666667,-8.225,206.666666666667,14.3806318492687,0,0.898683954230862,-0.290698310409528,-0.600132762110523,-0.420209666528572,-0.64518391115721,-0.548227194652542,-0.273005480529211,0.0559004979516543,0.373178255515854,0.779459618582297,0.928682839715417,1.18158755469618,543.413335671666,0.329109128494051,0.122442461827384,2475,0.657534246575342
"Almont",2009,1,34682.6321824516,0.967741935483871,292.129031274194,44.6451612903226,-1.19354838709677,-15.0483870967742,-8.12096774193548,200,16.6052857011616,0,-0.24650308257037,0.280716427397624,-0.397754133363028,-0.685910226897031,-0.624251187495822,-0.831351921652514,-0.68175588704076,-0.367559417953332,0.0299003665662613,0.37197836969497,0.789973466150299,0.950457562474647,671.896771930646,0.331782917395147,0.131782917395147,2475,0.657534246575342
"Almont",2009,2,37929.6000279,1.39285714285714,383.542855939286,63.4285714285714,1.19642857142857,-14.2857142857143,-6.54464285714286,208.571428571429,24.8203159126482,0,-0.131013467599954,-0.170647854864279,0.132339848017596,-0.291646690109779,-0.568645203371656,-0.617742496207588,-0.812914819533794,-0.71489192313628,-0.377549440715422,0.0276087698479474,0.377288682648944,0.782256728340833,882.148568660358,0.374732622076428,0.166161193504999,2475,0.657534246575342
"Almont",2009,3,42285.8322832677,0.645161290322581,472.2580655,80,6.58064516129032,-9.2258064516129,-1.32258064516129,252.903225806452,54.0283829992948,0,-0.270324551509871,-0.174705066815563,-0.20645295290787,0.0637715499093018,-0.266791238881771,-0.457380329043611,-0.577858550147705,-0.775667445489489,-0.73378733322933,-0.389292306025789,0.0105326672036336,0.35078834056514,1086.19355065,0.554542597743043,0.301639371936591,2475,0.657534246575342
"Almont",2009,4,46909.4401041667,1.26666666666667,552.31999817,104.533333333333,10.4833333333333,-5.3,2.59166666666667,317.333333333333,80.777183398347,19.5208833629863,0.55318851682112,0.35424925588603,0.261482084877817,0.157915808325576,0.335760414093115,0.0899973974755073,-0.0994271258419819,-0.201741016974245,-0.402397071322526,-0.429547383789704,-0.153467602670821,0.212605044199733,1270.335995791,0.735832947371141,0.418499614037808,2475,0.657534246575342
"Almont",2009,5,50803.1999747968,1.35483870967742,524.387091854839,43.741935483871,18.0322580645161,1.83870967741935,9.93548387096774,467.096774193548,129.982219189822,69.7038718103132,-0.177747494781379,0.158840482413531,0.101780709342907,0.0901157953472563,0.029843466108524,0.191672781827813,-0.000374753892007432,-0.150004741260529,-0.225899635262048,-0.399759461840653,-0.454510135545109,-0.257959454330259,1206.09031126613,1.22177966644907,0.754682892255521,2475,0.657534246575342
"Almont",2009,6,52750.0804687267,1.1,486.613337196667,0,19.7,3.71666666666667,11.7083333333333,574.666666666667,138.941809163789,80.502373145073,2.1139150299995,1.37570049167075,1.22802595972756,1.05531186283894,1.0065244011394,0.923130139641543,0.997746785479684,0.84767310121214,0.699666925173958,0.64352266495836,0.503462834518881,0.412264368079052,1119.21067555233,1.37481317907317,0.800146512406498,2475,0.657534246575342
"Almont",2009,7,51851.1484375065,1.06451612903226,503.329035603226,0,25.4193548387097,6,15.7096774193548,544.516129032258,174.754937973162,105.772999729846,0.156499450055053,1.72993133674664,1.18102005700323,1.12438917170339,1.010572100668,0.979012368697617,0.899013209717688,0.962031535507754,0.816184457782664,0.692808305423544,0.643448258513837,0.510284479662075,1157.65678188742,1.78366598361925,1.23914985458699,2475,0.657534246575342
"Almont",2009,8,48439.7419354839,0.451612903225806,491.458066877419,0,24.3225806451613,4.24193548387097,14.2822580645161,512.258064516129,153.021350906705,91.5809563043134,-0.285953422840895,-0.065811606796199,1.44597148970857,0.974095728100443,0.965647355554489,0.865460347478529,0.836414739174775,0.757951212376753,0.820655110880691,0.671756951970107,0.551560703187786,0.502366733177377,1130.35355381806,1.62699140459695,1.11473334008082,2475,0.657534246575342
"Almont",2009,9,43971.8401041667,1,423.040000406667,0,20.6,1.86666666666667,11.2333333333333,421.333333333333,107.043659923539,65.457502045718,0.181586675690241,-0.0540103527319369,0.0854116246925521,1.3415896024825,0.984708614702068,0.984216023420625,0.88984596821739,0.853139334948957,0.77084412316472,0.828401938646159,0.677590720502848,0.548000134641664,972.992000935334,1.33224051964941,0.91090718631608,2475,0.657534246575342
"Almont",2009,10,39353.8063256,0.967741935483871,320.929031374194,0.903225806451613,10.7258064516129,-4.85483870967742,2.93548387096774,389.677419354839,54.2467781941507,18.9489849790439,1.75565416099602,1.21829253124862,0.889779847723772,0.705609250814935,1.64982926297369,1.37091472057067,1.30858485302481,1.20276474966079,1.14872081998368,1.06588938063191,1.1001600618927,0.966074856749702,738.136772160646,0.754020045151473,0.364342625796634,2475,0.657534246575342
"Almont",2009,11,35493.11992188,0.333333333333333,323.839998883333,4.26666666666667,7.93333333333333,-9.45,-0.758333333333333,293.333333333333,33.9285703344461,0,-0.93689521376884,0.90479279026421,0.811136364972757,0.574487719078623,0.494160084350997,1.46249428138182,1.21950231322781,1.17990479349341,1.07989343369446,1.03049592826641,0.953639149433586,0.988613746413395,744.831997431666,0.577946680793963,0.28461334746063,2475,0.657534246575342
"Almont",2009,12,33638.3994791933,1.03333333333333,260.37333374,26.4,-3.73333333333333,-18.85,-11.2916666666667,145.333333333333,10.5882178944513,0,1.57724234792878,0.107273501831222,1.47284626181974,1.12001539572433,0.870325237781153,0.762131162776588,1.63559552610009,1.41251681284774,1.34706691329193,1.24005897063779,1.18632135676139,1.10476876108752,598.858667602,0.258421737837839,0.113088404504506,2475,0.657534246575342
"Almont",2010,1,34682.6321824516,0.612903225806452,303.070970103226,48.1290322580645,-1.08064516129032,-16.2903225806452,-8.68548387096774,176.774193548387,16.3835230772118,0,-0.282357599043129,0.621884045030119,-0.13666258783032,1.23167224753573,0.991005453085953,0.703194486730086,0.62712781130909,1.62582567224346,1.38071999150293,1.31375435200514,1.23404973956318,1.20127035719072,697.06323123742,0.317502929127858,0.140728735579471,2475,0.657534246575342
"Almont",2010,2,37929.6000279,1.25,379.314285278571,72.2857142857143,-0.964285714285714,-16.5535714285714,-8.75892857142857,177.142857142857,20.0062410991083,0,0.963428403095027,0.452518344402828,0.839448514174057,0.365773441873939,1.31148736086097,1.21103651968664,0.936723743937317,0.84488820831018,1.74339455399269,1.48972474398016,1.4118840887027,1.33516176736321,872.422856140713,0.315685898180006,0.138543041037149,2475,0.657534246575342
"Almont",2010,3,42285.8322832677,0.483870967741935,505.806451612903,102.064516129032,5.41935483870968,-11.5645161290323,-3.07258064516129,225.806451612903,50.0565110753591,0,0.380043414493394,0.788075541719585,0.536444722842162,0.827981402058354,0.503269872516052,1.15425504500082,1.17453249804191,0.942480316497916,0.874942935247017,1.72666343812245,1.47518476505926,1.41467221430395,1163.35483870968,0.487212288223552,0.261405836610649,2475,0.657534246575342
"Almont",2010,4,46909.4401041667,0.933333333333333,530.239997356667,106.8,10.8166666666667,-4.91666666666667,2.95,268,82.0663449150003,21.8367223616504,0.35603254512213,0.525925200468263,0.722514765511235,0.563622635060945,0.811260149154649,0.566950042864836,1.03326141593812,1.04422789594931,0.885662801392434,0.850973610490912,1.60966166578682,1.3937019670763,1219.55199392033,0.754796592885709,0.486796592885709,2475,0.657534246575342
"Almont",2010,5,50803.1999747968,0.354838709677419,596.438709874194,65.0322580645161,15.5967741935484,-1.30645161290323,7.14516129032258,259.354838709677,119.439589398782,52.3977123091592,0.746922523530356,0.657460070821671,0.703272388481083,0.86333940817727,0.75391119112446,0.957442057424627,0.77091213757737,1.10455957402527,1.12295397100048,1.00058513145364,0.997662643798428,1.73555540618845,1371.80903271065,1.01122676408128,0.751871925371603,2475,0.657534246575342
"Almont",2010,6,52750.0804687267,0.266666666666667,545.066664633333,2.8,24.05,4.1,14.075,302.666666666667,167.678057391631,94.4109109788482,-0.375878631212,0.221070300392963,0.305547818286532,0.399774647403308,0.547457440268084,0.468644160137939,0.647114245641541,0.485776826181661,0.785971076227256,0.782721284024726,0.684167826269929,0.67786739166292,1253.65332865667,1.60527884908729,1.30261218242062,2475,0.657534246575342
"Almont",2010,7,51851.1484375065,1.41935483870968,486.503223051613,0,26.3709677419355,7.48387096774194,16.9274193548387,384.516129032258,178.606362068474,112.834779867964,-0.282447350496401,-0.388307008528026,0.0744247697433421,0.161677313124128,0.264042109324251,0.415247741497891,0.341788044648827,0.509307890714375,0.361831655654005,0.672312943123943,0.669564058312759,0.571243944234005,1118.95741301871,1.92763914300939,1.54312301397713,2475,0.657534246575342
"Almont",2010,8,48439.7419354839,1.74193548387097,445.729029009677,0,23.6129032258065,6.56451612903226,15.0887096774194,650.322580645161,144.539569503697,96.0408555993514,1.09882095530725,0.465844037721807,0.0438052796098575,0.339269515755779,0.381914846700356,0.453664054203612,0.596230925820863,0.520178966232435,0.666463551208131,0.516614490727864,0.826482119436694,0.842191995057173,1025.17676672226,1.71395143066173,1.06362885001657,2475,0.657534246575342
"Almont",2010,9,43971.8401041667,0.666666666666667,447.680000813333,0,22.6166666666667,1.88333333333333,12.25,557.333333333333,116.556248370796,70.5557677505935,-1.50370386685116,-0.0630494533578878,-0.176899715104592,-0.412901514891587,-0.0625733530420637,0.0433193795678354,0.123474844091282,0.265332336263225,0.201213951202449,0.355604449271007,0.209927017733839,0.524175329914512,1029.66400187067,1.42481847865085,0.867485145317513,2475,0.657534246575342
"Almont",2010,10,39353.8063256,1.70967741935484,318.141933809677,1.54838709677419,14.6129032258065,-2.04838709677419,6.28225806451613,531.612903225806,65.1506239134472,36.6130432213374,0.0836299881721598,-0.95963675561519,0.019064144998754,-0.171025440274052,-0.339864614472391,-0.0529728303494578,0.0533664475449161,0.14350098366326,0.284735904821227,0.228333723332551,0.37374585188761,0.237420603722554,731.726447762257,0.952953873007701,0.421340969781895,2475,0.657534246575342
"Almont",2010,11,35493.11992188,0.433333333333333,314.88000132,7.6,5.05,-11.1,-3.025,282.666666666667,28.3531109606112,0,0.369619062058437,0.281464282707302,-0.599419142458687,0.199572451862394,-0.0139267029065732,-0.216958790336778,0.0416921197240092,0.128109145786289,0.215634075156051,0.357363858470408,0.298707248909456,0.434020946229423,724.224003036,0.488942212817922,0.206275546151255,2475,0.657534246575342
"Almont",2010,12,33638.3994791933,2.43333333333333,233.06666642,21.3333333333333,2.51666666666667,-9.75,-3.61666666666667,305.333333333333,20.785795757042,0,-1.07974497792548,-0.476501260655756,-0.265801323291004,-0.939508458485858,-0.169961519926967,-0.271381568354529,-0.413875370581385,-0.124348447989001,-0.00557125208350541,0.0936560535459074,0.242821032787902,0.189371325589358,536.053332766,0.467813592925297,0.162480259591964,2475,0.657534246575342
"Almont",2011,1,34682.6321824516,0.548387096774194,302.451612416129,28.5161290322581,-2.85483870967742,-18.3709677419355,-10.6129032258065,139.354838709677,13.0484480766816,0,0.567144268510107,-0.306067228594837,-0.115917641251147,-0.0198420237919294,-0.817680279926186,-0.136629592203209,-0.228678941779986,-0.355767620298388,-0.0174570463469116,0.107105278124746,0.21451114525868,0.365625841817224,695.638708557097,0.272779418691506,0.133424579981829,2475,0.657534246575342
"Almont",2011,2,37929.6000279,1.07142857142857,360.68571445,48.8571428571429,-1.51785714285714,-17.0892857142857,-9.30357142857143,138.571428571429,18.7902746992693,0,1.18633661094787,0.981521104906354,0.369826879787666,0.485353965830132,0.496201067030209,-0.367173693955257,0.243497877170335,0.0575545161432534,-0.0992014761304606,0.219443318705143,0.317622016152361,0.413226027051867,829.577143235,0.302497751010655,0.163926322439226,2475,0.657534246575342
"Almont",2011,3,42285.8322832677,0.935483870967742,453.574195122581,70.8387096774194,5.58064516129032,-9.12903225806452,-1.7741935483871,223.225806451613,50.691722615307,0,0.347692121538132,0.878366999727843,0.872650117592467,0.498366764392256,0.576629478667806,0.572574879731868,-0.143703570881033,0.3026997451952,0.10874426224804,0.0186731501419054,0.327123018064497,0.412623886684518,1043.22064878194,0.536420489175938,0.313194682724325,2475,0.657534246575342
"Almont",2011,4,46909.4401041667,1.5,522.239997356667,72.1333333333333,10.4333333333333,-4.83333333333333,2.8,285.333333333333,80.2557116626986,20.8721810356658,0.644083243367831,0.69219701130284,0.925647523196136,0.930509713248888,0.692010310728418,0.744720347252442,0.70811038243601,0.18674453059358,0.523052581607235,0.343614779201147,0.228034579739428,0.507865711055998,1201.15199392033,0.746806304882613,0.46147297154928,2475,0.657534246575342
"Almont",2011,5,50803.1999747968,0.67741935483871,561.651608377419,40.5161290322581,14.1774193548387,-1.75806451612903,6.20967741935484,354.838709677419,111.621059762095,46.4040157901551,1.37558557908719,1.25818189068296,1.17529306870014,1.31971687759652,1.31191442166133,1.17392597395555,1.20634071658609,1.15217687915377,0.797348973686145,1.05190468358417,0.905212009819498,0.687568504799147,1291.79869926806,0.948190475833681,0.593351766156262,2475,0.657534246575342
"Almont",2011,6,52750.0804687267,0.133333333333333,553.70666504,0,23.4166666666667,2.96666666666667,13.1916666666667,329.333333333333,165.061648780989,89.259523468466,-0.12532598821168,0.871326266013589,0.88036722807821,0.881144843721697,1.02900741150497,1.04517982958153,0.912143396470313,0.933129541768173,0.902015079942675,0.589734612875632,0.808791059216752,0.687025582281357,1273.525329592,1.51556907802784,1.1862357446945,2475,0.657534246575342
"Almont",2011,7,51851.1484375065,1,479.690323367742,0,26.1290322580645,8.03225806451613,17.0806451612903,487.741935483871,175.600967056562,113.718419625304,0.0396687790668745,-0.0288415062992512,0.720045723675139,0.771712068661371,0.811481052816686,0.971848465285339,0.991023784934991,0.85009263551992,0.871778502773834,0.860136858350393,0.563807099717399,0.772617811787258,1103.28774374581,1.94645788162032,1.45871594613644,2475,0.657534246575342
"Almont",2011,8,48439.7419354839,1.12903225806452,474.425808812903,0,26.0322580645161,6.93548387096774,16.4838709677419,449.032258064516,159.466011212994,103.682162554132,-1.2592254048314,-0.618106083909826,-0.567997463579807,0.230834794422899,0.383757493218243,0.448808929582613,0.627856539019688,0.661657815730384,0.518795638937928,0.549552208915778,0.550581078150019,0.239004691162797,1091.17936026968,1.87406035829887,1.42502810023435,2475,0.657534246575342
"Almont",2011,9,43971.8401041667,0.766666666666667,420.693332416667,0,20.75,2.55,11.65,509.333333333333,107.023096439029,67.5541499258668,0.145006287216895,-0.831564030872171,-0.425339092628672,-0.45842990971593,0.264333223249884,0.40609553069766,0.463654112446412,0.636219147562664,0.667435557928965,0.516728380288093,0.546869182391079,0.540385435697321,967.594664558334,1.36952126509634,0.86018793176301,2475,0.657534246575342
"Almont",2011,10,39353.8063256,1.25806451612903,340.129033732258,0.387096774193548,14.0806451612903,-3.38709677419355,5.34677419354839,440,64.117401842096,31.8432907364386,0.192873806013229,0.313654114610362,-0.53144094634489,-0.351290473881587,-0.352899270282983,0.28644374681201,0.42342667764148,0.48763279135723,0.649318062714151,0.680394727527222,0.540616660039401,0.569086438457518,782.296777584193,0.893149695335595,0.453149695335595,2475,0.657534246575342
"Almont",2011,11,35493.11992188,0.4,302.399999493333,8.53333333333333,5.83333333333333,-10.1333333333333,-2.15,289.333333333333,29.8612811061877,0,-0.011892054383774,0.144711252646762,0.318854031379593,-0.453982771660112,-0.29707974589081,-0.30900998338232,0.31614810779564,0.443107495405434,0.506135517624501,0.667120251804466,0.697569926592703,0.553477270598634,695.519998834666,0.521743102662125,0.232409769328792,2475,0.657534246575342
"Almont",2011,12,33638.3994791933,0.3,278.079998273333,17.8666666666667,0.616666666666667,-15.4333333333333,-7.40833333333333,192,17.4199855202984,0,-0.773519825778741,-0.529010178244555,-0.232018984196162,0.00236593216981329,-0.670110881345713,-0.46537565438204,-0.441224796734715,0.198753730226287,0.351134685845131,0.424967068556618,0.593819048624123,0.627129021050868,639.583996028666,0.350624621803389,0.158624621803389,2475,0.657534246575342
"Almont",2012,1,34682.6321824516,0.935483870967742,301.316126674194,42.1935483870968,1.79032258064516,-15.3709677419355,-6.79032258064516,181.935483870968,21.0214777032571,0,-1.39836078000633,-1.23789824464294,-1.06158935807587,-0.820763189736364,-0.626695204254775,-1.18351995293187,-0.86021805396799,-0.72967786722416,-0.0178534826462134,0.191526476703343,0.288870156199115,0.471617427474431,693.027091350646,0.367729319882054,0.185793836011086,2475,0.657534246575342
"Almont",2012,2,38004.0828394379,0.758620689655172,378.593103868965,66.8965517241379,0.603448275862069,-15.3103448275862,-7.35344827586207,179.310344827586,23.355668487263,0,0.067581656810497,-0.680692447714974,-0.801988655164428,-0.747937962990937,-0.612605028250874,-0.55956881242309,-1.06649103971943,-0.836345020595793,-0.693944036940824,0.0155479329852589,0.23008308818899,0.324066668396904,870.764138898619,0.352114492026723,0.172804147199137,2475,0.657534246575342
"Almont",2012,3,42430.7612147194,0.0967741935483871,527.690328287097,82.9677419354839,9.70967741935484,-8.90322580645161,0.403225806451613,187.096774193548,64.7695676552675,3.63081222565761,-1.694058647858,-1.29916630896427,-1.48284931639943,-1.38098544539851,-1.31989412393649,-1.16995962973506,-1.13181321073275,-1.4444485919946,-1.24738049019137,-1.09301651047551,-0.429817554268422,-0.162134170061262,1213.68775506032,0.628903263309165,0.441806489115617,2475,0.657534246575342
"Almont",2012,4,47059.20013021,0.333333333333333,560.42667236,65.7333333333333,14.9333333333333,-3.68333333333333,5.625,177.333333333333,100.778335039307,38.1800314549616,-1.652747241466,-2.09428702917934,-1.78169191126187,-1.84832249833164,-1.76258590042757,-1.67554921146349,-1.51936718807402,-1.46444171502721,-1.66667861219062,-1.49518386125168,-1.40263232797505,-0.864631009042186,1288.981346428,0.910579601399767,0.733246268066434,2475,0.657534246575342
"Almont",2012,5,50903.535534271,0.419354838709677,566.812902635484,14.5806451612903,19.6451612903226,-0.225806451612903,9.70967741935484,212.903225806452,142.81446451653,68.3303779849527,-1.58556789188497,-1.81982817331048,-2.0933069375118,-2.01764745660684,-2.07974393315965,-2.01811970388032,-1.92072744058008,-1.7520601166095,-1.69940088080948,-1.82207703187737,-1.65838754840617,-1.60599009873076,1303.66967606161,1.2034087318198,0.990505506013345,2475,0.657534246575342
"Almont",2012,6,52773.1204426833,0.333333333333333,535.466666666667,0,26.3333333333333,5,15.6666666666667,320,182.052399802699,103.585850245853,-1.66146262678028,-1.95218880531573,-2.01110274885065,-2.22017012193535,-2.15532927170722,-2.18122116445341,-2.15680789179025,-2.05168781423893,-1.91291725995208,-1.8458663939607,-1.95980298769666,-1.80319233976092,1231.57333333333,1.7787582751036,1.4587582751036,2475,0.657534246575342
"Almont",2012,7,51773.1097530323,1.70967741935484,463.587098151613,0,26.2741935483871,8.19354838709677,17.2338709677419,469.677419354839,176.293742771096,114.600995220137,0.04182439165001,-1.15847879847217,-1.51505901478408,-1.68516331088568,-1.91361351541548,-1.89066189069477,-1.92502473724437,-1.90435062971768,-1.84045058891232,-1.77115727495984,-1.72751774930366,-1.84343232614986,1066.25032574871,1.96543754018873,1.49576012083389,2475,0.657534246575342
"Almont",2012,8,48305.9611895161,1.58064516129032,456.877423683871,0,25.3064516129032,6.58064516129032,15.9435483870968,660.645161290323,155.420852910517,100.733538761652,-0.499175947760628,-0.248441049885211,-1.18196319951758,-1.47436812644652,-1.64306261620782,-1.82303626360493,-1.80123041013454,-1.83965018220387,-1.81489025334705,-1.76623652128455,-1.71586934974964,-1.69155439500698,1050.8180744729,1.81056024012791,1.14991507883758,2475,0.657534246575342
"Almont",2012,9,43810.56015625,1.2,423.573332213333,0,20.95,2.13333333333333,11.5416666666667,620,108.420809044405,67.0100049330889,-0.022785286355566,-0.362540544199384,-0.159867252882188,-1.13283605157058,-1.47516242414225,-1.65189192778675,-1.8260054748498,-1.79127704038905,-1.82569964289774,-1.79984165436997,-1.75203182209925,-1.69241959006814,974.218664090666,1.35974098091784,0.739740980917836,2475,0.657534246575342
"Almont",2012,10,39208.8772681419,0.387096774193548,362.42580586129,0,15.0645161290323,-3.5,5.78225806451613,467.096774193548,67.3432794740559,34.076558317851,-0.56986431275565,-0.288939026459822,-0.592372477857088,-0.387176221598052,-1.18698283896381,-1.50879929550841,-1.6692899390713,-1.85180439483426,-1.8181933014798,-1.85916075766245,-1.83383147577849,-1.78556283743845,833.579353480967,0.920563693868155,0.453466919674607,2475,0.657534246575342
"Almont",2012,11,35400.9598958367,0.266666666666667,303.786664836667,2.53333333333333,9.31666666666667,-8.9,0.208333333333333,296,36.7024403275776,1.68336504186615,-1.44857697679548,-1.28274639766958,-0.986574059751945,-1.24803284931256,-0.796248666754842,-1.48239216598609,-1.72488459322307,-1.8309066280744,-2.00172855814898,-1.97459615207201,-2.00874234465424,-1.97249919335071,698.709329124334,0.620085003485944,0.324085003485944,2475,0.657534246575342
"Almont",2012,12,33615.3595052367,0.966666666666667,239.146666973333,14.4,-0.95,-14.7333333333333,-7.84166666666667,216,15.4699479578636,0,-0.00973957519959097,-1.16744865553507,-1.15119283639541,-0.894379912125009,-1.10852657587708,-0.771983106071889,-1.4089990312006,-1.68865383244219,-1.81159086831088,-1.99457052154082,-1.97694358483287,-2.01139876055594,550.037334038666,0.339057291364587,0.123057291364587,2475,0.657534246575342
"Almont",2013,1,34682.6321824516,0.903225806451613,295.329033635484,35.4838709677419,-4.06451612903226,-19.9032258064516,-11.9838709677419,143.225806451613,10.668604359859,0,1.17477783259274,0.79613981695223,-0.377550471105245,-0.633425755480681,-0.549832738525983,-0.778975053118984,-0.547647060214137,-1.20176949867854,-1.55204181922379,-1.73363159619581,-1.95355581776099,-1.9326867319886,679.256777361613,0.24447728489152,0.101251478439907,2475,0.657534246575342
"Almont",2013,2,37929.6000279,0.571428571428571,398.057140896429,49.4285714285714,-1.67857142857143,-18.2857142857143,-9.98214285714286,145.714285714286,17.8553217509047,0,1.2766286146558,1.32167814229109,1.09006091127913,0.334332163581301,0.0247570736248343,-0.0761497269435293,-0.325989054421768,-0.235186606167821,-0.949072776531768,-1.36995265896626,-1.62100352701988,-1.86959573795798,915.531424061787,0.286754458259802,0.141040172545515,2475,0.657534246575342
"Almont",2013,3,42285.8322832677,0.838709677419355,473.393545829032,74.4516129032258,5.41935483870968,-11,-2.79032258064516,194.838709677419,50.1608612880851,0,0.424253337752642,0.968446104775699,1.14329037846302,1.01341238158638,0.498800286263284,0.26416179115333,0.130607797290535,-0.153103648218221,-0.131306558816142,-0.752472412746366,-1.19337671075554,-1.48932913771688,1088.80515540677,0.49755462362714,0.302715913949721,2475,0.657534246575342
"Almont",2013,4,46909.4401041667,1.23333333333333,537.386667886667,78.4,10.1333333333333,-5.31666666666667,2.40833333333333,274.666666666667,79.2011261737049,18.3196382102296,0.738166258849004,0.782027610847432,1.02582722301917,1.16076800671752,1.10597094510215,0.730412782600929,0.520077219995641,0.438911564092963,0.201790628121491,0.175865727955672,-0.422825691795145,-0.854790823583855,1235.98933613933,0.726294754561122,0.451628087894455,2475,0.657534246575342
"Almont",2013,5,50803.1999747968,1.09677419354839,571.045159125806,38.0645161290323,16.7096774193548,-0.5,8.10483870967742,347.096774193548,125.15391697246,58.437641903335,0.286536129949593,0.546349359859244,0.626959719848427,0.859694298899946,0.991351627203224,0.994420910335601,0.696034570671119,0.523842130340954,0.468391639269968,0.26674281680236,0.223811007988613,-0.351284964691548,1313.40386598935,1.07971058373578,0.732613809542229,2475,0.657534246575342
"Almont",2013,6,52750.0804687267,0.0666666666666667,551.679994713333,0,25.1833333333333,3.86666666666667,14.525,346.666666666667,175.773245239548,97.0183739597639,-1.16355685313343,-0.632648615364092,-0.164602026026152,0.00285272660963439,0.230601741317214,0.383228463074446,0.401061220362555,0.141241976255769,0.0220391823556096,-0.0347341722696576,-0.188491767496406,-0.204302276105411,1268.86398784067,1.65274903935072,1.30608237268405,2475,0.657534246575342
"Almont",2013,7,51851.1484375065,2.16129032258065,450.890322283871,0,26.1774193548387,8.29032258064516,17.2338709677419,532.903225806452,175.347615674869,114.600995220137,0.221706125903237,-0.683612311718881,-0.38651569623723,-0.0799851455021822,0.0497952101731451,0.25979814418147,0.397261958595681,0.40256528623059,0.16664984121656,0.0693758137248277,0.0155463711858098,-0.128710915775059,1037.0477412529,1.96543754018873,1.43253431438228,2475,0.657534246575342
"Almont",2013,8,48439.7419354839,1.12903225806452,466.477420929032,0,24.1451612903226,6.67741935483871,15.4112903225806,674.838709677419,147.741466477456,97.8157702985874,0.625758533100907,0.481360888964902,-0.436107824275902,-0.257988342983649,0.00628036830307699,0.108665612587785,0.308002026208585,0.445852770854177,0.438388861398563,0.20470239826042,0.10999965613821,0.0577534226536645,1072.89806813677,1.74986215070357,1.07502344102616,2475,0.657534246575342
"Almont",2013,9,43971.8401041667,2.63333333333333,389.013335163333,0.533333333333333,20.7833333333333,4.08333333333333,12.4333333333333,760,105.244833846544,71.4689508747731,0.73965226890741,0.926156994901733,0.753846917902563,-0.127107004080429,-0.0538740321987129,0.168532323517805,0.252201172835291,0.444202261892322,0.575536147960725,0.553231514041035,0.313318212480961,0.204666702406562,894.730670875666,1.44210216503029,0.682102165030287,2475,0.657534246575342
"Almont",2013,10,39353.8063256,0.516129032258065,348.696774393548,0.258064516129032,12.1451612903226,-4.48387096774194,3.83064516129032,442.58064516129,58.4615085823064,23.8589387213619,1.06424782355282,1.12280007122191,1.20297394337787,1.0067368288295,0.207693509023665,0.191380862113871,0.372470314682396,0.454424527151114,0.631858883355996,0.748556607739243,0.71952879363536,0.496476088701347,802.00258110516,0.803252306948782,0.360671661787492,2475,0.657534246575342
"Almont",2013,11,35493.11992188,0.966666666666667,281.813333633333,6.66666666666667,5.63333333333333,-8.55,-1.45833333333333,330.666666666667,29.3881648353795,0,0.244716207834524,0.972249401575673,1.10076233957303,1.22214248379293,1.06920631793932,0.296104768476632,0.266183682230263,0.429883325536571,0.508444270619421,0.683173917191379,0.795989766596217,0.759851588709068,648.170667356666,0.549038906385633,0.218372239718966,2475,0.657534246575342
"Almont",2013,12,33638.3994791933,0.8,279.146665956667,26.1333333333333,-3.3,-17.4833333333333,-10.3916666666667,170.666666666667,11.6744044136568,0,1.16824041257174,0.922872593125969,1.37021806374969,1.30289564340754,1.3819492359492,1.23893871597746,0.446501878374267,0.418230969543306,0.562916830337719,0.637965388000973,0.807900369346474,0.9129638977858,642.037331700334,0.277610410094711,0.106943743428044,2475,0.657534246575342
"Almont",2014,1,34682.6321824516,0.903225806451613,301.212907848387,59.0967741935484,-0.935483870967742,-16.3548387096774,-8.64516129032258,178.064516129032,16.5690449625017,0,-0.254119646269027,0.418066862287491,0.445954432706412,1.14433563158374,1.23274247611021,1.34514943144779,1.16903780304471,0.348347155745198,0.390733318723381,0.557653648038634,0.649801578150797,0.829445588632479,692.78968805129,0.318504469547127,0.140439953418095,2475,0.657534246575342
"Almont",2014,2,37929.6000279,2.17857142857143,351.428570878571,104.142857142857,0.464285714285714,-12.7142857142857,-6.125,244.285714285714,23.7532777034597,0,0.312651842530895,0.0852483214178298,0.418617539862901,0.480795919905296,1.00053530568728,1.20325187419003,1.35347001836072,1.22951073242759,0.406113844292298,0.45444333526567,0.619907471923823,0.706169001938149,808.285713020713,0.386969699484069,0.142683985198355,2475,0.657534246575342
"Almont",2014,3,42285.8322832677,0.806451612903226,507.664515341935,127.096774193548,4.95161290322581,-10.8709677419355,-2.95967741935484,261.935483870968,48.6852699185107,0,0.679646380024647,0.666571086607729,0.449350711564981,0.665583821641275,0.709310031511855,1.04280354453883,1.28461623523918,1.46566693912185,1.38379869823978,0.561167853908405,0.611495586977187,0.74900347980851,1167.62838528645,0.491326080306487,0.229390596435519,2475,0.657534246575342
"Almont",2014,4,46909.4401041667,0.366666666666667,567.466666666667,126.933333333333,10.15,-5.33333333333333,2.40833333333333,314.666666666667,79.2865182482903,18.3196382102296,0.624375724269608,0.817554508628001,0.792070146294378,0.633116198467322,0.804780180576439,0.830749219188796,1.05102465531363,1.23501870816515,1.39646396511553,1.36695358399309,0.682392975442604,0.740345984519117,1305.17333333333,0.726294754561122,0.411628087894455,2475,0.657534246575342
"Almont",2014,5,50803.1999747968,1.12903225806452,590.864517703226,93.5483870967742,15.9838709677419,-0.645161290322581,7.66935483870968,268.387096774194,120.956335444087,55.7094695530461,0.681782449396526,0.746352569087553,0.854333766831553,0.878252070089831,0.772546356067341,0.924085542420989,0.939083644751336,1.09180449306219,1.23653822535607,1.35525243237351,1.39656775947877,0.806010004755668,1358.98839071742,1.04814261948525,0.779755522711058,2475,0.657534246575342
"Almont",2014,6,52750.0804687267,0.133333333333333,593.70666809,12.8,23.1,2.41666666666667,12.7583333333333,258.666666666667,163.679586755029,86.7156207822899,0.0146381592307977,0.419237026911598,0.547799308903373,0.669917059407911,0.699977346278699,0.620887607413649,0.74441204315042,0.75155636615337,0.891911589787846,0.99980543481489,1.10437346328637,1.1294776709402,1365.525336607,1.47319517095219,1.21452850428552,2475,0.657534246575342
"Almont",2014,7,51851.1484375065,1.54838709677419,463.070965183871,0,26.0806451612903,7.41935483870968,16.75,456.774193548387,176.628465882765,111.810274188138,-0.021203228034981,0.0356094842705749,0.334788961178686,0.45636817761314,0.593174562379308,0.635112610189452,0.559381230820264,0.670796132274188,0.681550181457729,0.836564177632045,0.944562422378854,1.04251175739909,1065.0632199229,1.90604854177313,1.44927434822474,2475,0.657534246575342
"Almont",2014,8,48439.7419354839,1.74193548387097,445.006452006452,0,22.758064516129,5.93548387096774,14.3467741935484,633.548387096774,140.340164724286,91.9389697646161,1.52407439124513,0.974478903025715,0.672442724832996,0.777241540215615,0.825673361283076,0.927628649869401,0.960935749133674,0.878568971570281,0.959632976738458,0.966967970379081,1.11773872147165,1.26301318749052,1023.51483961484,1.63380263551861,1.00025424842183,2475,0.657534246575342
"Almont",2014,9,43971.8401041667,2.4,397.120000716667,0,21.15,3.83333333333333,12.4916666666667,724,107.377141070232,71.7591287565654,0.361942251422598,1.35964259092502,0.97798463207953,0.748566518809929,0.844555649538526,0.886840674269414,0.989758051190391,1.01499727805496,0.927081356075669,1.00302392279034,1.01203232822108,1.16589696350608,913.376001648334,1.44764006836519,0.723640068365188,2475,0.657534246575342
"Almont",2014,10,39353.8063256,0.709677419354839,342.296773603226,0,15.4354838709677,-1.70967741935484,6.86290322580645,545.806451612903,67.6833807605567,39.5249080588946,-0.573022231203784,-0.014121289333656,0.98404583753104,0.702840425621183,0.552093420077526,0.672490866134686,0.739598467925923,0.84769390324851,0.86755836072379,0.792266681627271,0.86669948429104,0.877264649832089,787.28257928742,0.991828490259672,0.446022038646769,2475,0.657534246575342
"Almont",2014,11,35493.11992188,1,270.613331606667,4,5.33333333333333,-10.0666666666667,-2.36666666666667,298.666666666667,28.920584187893,0,0.369418111397145,-0.219130921901065,0.193176848471269,1.0549458942805,0.818007664144715,0.648005784138803,0.763311372565097,0.811608609195163,0.912553663982534,0.928632319280869,0.85371488183657,0.91800683067168,622.410662695334,0.51344406614311,0.214777399476443,2475,0.657534246575342
"Almont",2014,12,33638.3994791933,1.4,243.946667986667,24,0,-12.6833333333333,-6.34166666666667,245.333333333333,17.07509856074,0,-0.369378169399238,0.0184834474450446,-0.37031384092445,0.0165759354711739,0.929515223119615,0.734361644277894,0.568108600523487,0.709740003491288,0.772201102785734,0.880086070112309,0.901707710736622,0.827200985499708,561.077336369334,0.380607876611399,0.135274543278066,2475,0.657534246575342
"Almont",2015,1,34682.6321824516,0.580645161290323,301.212903912903,57.1612903225806,-0.967741935483871,-15.0967741935484,-8.03225806451613,200,16.922482089486,0,-0.436255760210877,-0.493122023700547,-0.275929800055205,-0.554734694235709,-0.285135833989403,0.729083997684881,0.561373944525796,0.441449536271095,0.653538937388705,0.738849463265446,0.865977652151973,0.90202557179835,692.789678999677,0.334078149909142,0.134078149909142,2475,0.657534246575342
"Almont",2015,2,37929.6000279,0.857142857142857,389.714284625,74.5714285714286,3.375,-11.7857142857143,-4.20535714285714,241.428571428571,29.6660772948976,0,-1.29072255302884,-1.01781522474439,-0.898862344047974,-0.702723571598975,-0.900139492441222,-0.724930123789732,0.190629174891467,0.146922678376141,0.152842346287326,0.409133828544773,0.550637999056678,0.687106584344537,896.3428546375,0.447600322265646,0.206171750837075,2475,0.657534246575342
"Almont",2015,3,42285.8322832677,0.580645161290323,508.283870083871,103.483870967742,8.48387096774194,-8.04838709677419,0.217741935483871,256.774193548387,60.4201824343019,2.12982567487497,-1.18150140419501,-1.42865627619069,-1.29761698532816,-1.13639332590782,-1.00471673599095,-1.10121699952562,-1.00962804550165,-0.385098873757938,-0.353996252310573,-0.187366023170881,0.114448799129308,0.304857346905713,1169.0529011929,0.620508180253489,0.363733986705102,2475,0.657534246575342
"Almont",2015,4,46909.4401041667,0.866666666666667,546.773329673333,87.2,13.1333333333333,-3.6,4.76666666666667,220,92.0439532876276,33.0816853332175,-0.812179602495075,-1.12202458861178,-1.33249642525505,-1.27737382660077,-1.18331962531591,-1.06863789577466,-1.12148972438631,-1.05579150679432,-0.604769648608063,-0.564060729897943,-0.399652662537043,-0.0895809543329239,1257.57865824867,0.857753604217535,0.637753604217535,2475,0.657534246575342
"Almont",2015,5,50803.1999747968,2.61290322580645,481.651612312903,25.4193548387097,14.741935483871,0.82258064516129,7.78225806451613,458.064516129032,111.154133515401,56.4187265267331,1.53354129974487,0.687797958276392,0.205941060724402,-0.0828612788763758,-0.164032836507565,-0.169640951230332,-0.108641441878802,-0.236309728101225,-0.208229008588163,0.205631235234126,0.145689230930197,0.17866103505928,1107.79870831968,1.05624766669563,0.598183150566596,2475,0.657534246575342
"Almont",2015,6,52750.0804687267,0.9,516.159998576667,0,23.8,5.11666666666667,14.4583333333333,632,164.219111021561,96.632775764596,0.0376063783209077,1.09542734745717,0.514460304886318,0.173004593664124,-0.0573555480795348,-0.132909143925326,-0.131462918830642,-0.0858961809235574,-0.193969780922739,-0.176215247143178,0.1687741719282,0.120861079697977,1187.16799672633,1.64563952159772,1.01363952159772,2475,0.657534246575342
"Almont",2015,7,51851.1484375065,1.19354838709677,457.496771045161,0,23.4032258064516,6.74193548387097,15.0725806451613,815.483870967742,158.79247795365,102.049365041579,2.14053215117863,1.21517689493162,1.60795625697916,1.08974600121307,0.760229108659834,0.550320190959119,0.453727165971847,0.418395968232378,0.451240994176956,0.345161245857522,0.365326673958646,0.704125225070319,1052.24257340387,1.71217300952755,0.896689138559812,2475,0.657534246575342
"Almont",2015,8,48439.7419354839,1.54838709677419,459.148387293548,0,24.2741935483871,6.43548387096774,15.3548387096774,776.774193548387,149.048260230142,97.5055233467127,0.502556699989742,1.59015531440917,1.20026339572322,1.65248470924537,1.11737777588298,0.782427490151184,0.566664195731711,0.472173967372274,0.425681682320635,0.458315390376666,0.354569546500761,0.37951257556157,1056.04129077516,1.74353049624199,0.966756302693601,2475,0.657534246575342
"Almont",2015,9,43971.8401041667,0.9,427.30666555,0,21.9,3.08333333333333,12.4916666666667,644,111.931167530932,71.7591287565654,-0.696660730698258,-0.0439469750342845,1.11914842143057,0.891069209464698,1.42768968506426,0.952031459988942,0.628075923916481,0.406553600834745,0.316929013197836,0.269907624684104,0.303844378665341,0.194979950152017,982.805330765,1.44764006836519,0.803640068365188,2475,0.657534246575342
"Almont",2015,10,39353.8063256,1.16129032258065,323.303224135484,0,16.3064516129032,-0.580645161290323,7.86290322580645,552.258064516129,69.8956808104745,44.4642120613734,-0.881866435560804,-1.01718553540102,-0.511302220989304,0.748358931988244,0.60034059507508,1.18509735758166,0.740335255505664,0.443065975101034,0.242708960303753,0.170183391845476,0.135603473495119,0.170131044720529,743.597415511613,1.06207080502701,0.509812740510883,2475,0.657534246575342
"Almont",2015,11,35493.11992188,0.6,299.093334456667,10,5.85,-9.7,-1.925,301.333333333333,29.8927517367749,0,0.0293621657752456,-0.642503069752759,-0.806677306388881,-0.417958339237193,0.7844815638147,0.630511803595858,1.20508457966102,0.763831730071488,0.46760652170574,0.270755975551176,0.197710679934676,0.156539459181606,687.914669250334,0.530487181356271,0.229153848022938,2475,0.657534246575342
"Almont",2015,12,33638.3994791933,1.56666666666667,250.986667633333,24.1333333333333,-1.06666666666667,-15.35,-8.20833333333333,205.333333333333,15.1681958374612,0,0.280530503828778,0.158960220668376,-0.496040461305804,-0.663373223414913,-0.324496474669541,0.816565169940111,0.646388123192989,1.24130004214303,0.79773531455209,0.505641990431402,0.311468745362456,0.237235354751681,577.269335556666,0.329536192685823,0.12420285935249,2475,0.657534246575342
"Almont",2016,1,34682.6321824516,0.806451612903226,303.690324351613,68.5161290322581,-4.09677419354839,-18.5,-11.2983870967742,156.129032258065,11.3727284931446,0,1.00860449997401,0.812579207252545,0.677853190761734,-0.0176364407395553,-0.405145613574803,-0.1218590136639,0.997445553892451,0.797668326340582,1.41067765584465,0.960264730529732,0.68837285778156,0.498199169198039,698.48774600871,0.258283016781264,0.102153984523199,2475,0.657534246575342
"Almont",2016,2,38004.0828394379,0.655172413793103,411.255171155172,101.379310344828,0.568965517241379,-15.2068965517241,-7.31896551724138,197.241379310345,23.3309911862344,0,0.0486849085555413,0.618049764807519,0.553515297389168,0.521034694513565,0.0316205558421706,-0.373359042731813,-0.128284717020983,0.983412468956574,0.790402859901446,1.37931547643564,0.966588044599155,0.708312545997156,945.886893656895,0.353053415485582,0.155812036175237,2475,0.657534246575342
"Almont",2016,3,42430.7612147194,0.580645161290323,493.419349919355,108.516129032258,6.96774193548387,-8.38709677419355,-0.709677419354839,265.806451612903,55.2317077328683,0,-0.471135365167707,-0.234524347449641,0.206013242504773,0.264687094514153,0.241411001662379,-0.0936431489905993,-0.457945660349672,-0.320626821520215,0.699593282933511,0.625642234935661,1.21203892288918,0.864032367786384,1134.86450481452,0.580005305616802,0.314198854003899,2475,0.657534246575342
"Almont",2016,4,47059.20013021,1.1,525.973334246667,103.6,11.3,-4.21666666666667,3.54166666666667,234.666666666667,83.8231864167485,25.5805307626441,0.16191000562729,-0.0110426448892535,-0.000748738562623539,0.240406680488582,0.305543679870575,0.290470880843668,0.0137654941977635,-0.259957943026219,-0.171238592041108,0.632188187121825,0.598811221381591,1.12987842677049,1209.73866876733,0.787056913378984,0.552390246712317,2475,0.657534246575342
"Almont",2016,5,50903.535534271,1.29032258064516,579.716130409677,50.8387096774194,15.7903225806452,-0.612903225806452,7.58870967741935,272.258064516129,119.751910265335,55.2019992302699,0.800563848937,0.598249127681338,0.400231741029815,0.40735354459875,0.551749062477839,0.605641081489399,0.58852996382938,0.349179206471779,0.134081638101095,0.190035225129117,0.839512176417846,0.774093971929874,1333.34709994226,1.04238695997198,0.770128895455849,2475,0.657534246575342
"Almont",2016,6,52773.1204426833,0.5,551.680003863333,0.8,25.45,4.58333333333333,15.0166666666667,402.666666666667,176.553200786681,99.8549008094418,-1.19402610504813,-0.298193886946416,-0.141594769226867,-0.195734644809526,-0.171363154109726,-0.024320007871667,0.0461046140679615,0.0384218820377086,-0.134005923290782,-0.311116190995273,-0.259746668955433,0.262859636336506,1268.86400888567,1.70602035655954,1.30335368989287,2475,0.657534246575342
"Almont",2016,7,51773.1097530323,0.903225806451613,478.245163945161,0,25.258064516129,6.51612903225806,15.8870967741935,606.451612903226,172.588801883857,106.806319446715,0.417262503412021,-0.605460784855181,-0.0515758570933304,-0.00125578654829356,-0.0723242098325232,-0.0533859583100134,0.070456714559389,0.12170450938885,0.11956810353715,-0.0306216980668418,-0.200298306818152,-0.150872447124227,1099.96387707387,1.80403614704845,1.19758453414523,2475,0.657534246575342
"Almont",2016,8,48305.9611895161,3.06451612903226,422.296773603226,0,22.1935483870968,5.61290322580645,13.9032258064516,708.387096774194,137.404969288937,89.4732016671798,1.87586752326039,1.52809497505387,0.372044038233003,0.616029047727151,0.548346527326295,0.427540517887908,0.432774964196658,0.539061714914027,0.555083034581373,0.542076214266624,0.382236501193264,0.218008426533934,971.28257928742,1.58747702364417,0.879089926869976,2475,0.657534246575342
"Almont",2016,9,43810.56015625,0.7,424.640001423333,0,20.4666666666667,2,11.2333333333333,666.666666666667,106.27905256493,65.457502045718,0.260805826209464,1.59212582014764,1.35371695535666,0.45563587584284,0.665050160119446,0.593421342607238,0.466683970834488,0.464574234597997,0.56798360991802,0.575093296581834,0.560807754930026,0.389937680281747,976.672003273666,1.33224051964941,0.665573852982746,2475,0.657534246575342
"Almont",2016,10,39208.8772681419,0.354838709677419,355.303225609677,0,16.5806451612903,-2.2741935483871,7.15322580645161,522.58064516129,71.813346376577,40.9682917687668,-1.3213130637114,-0.657589641615789,0.926390152633617,0.853633688531408,0.0512824716355806,0.301513392787679,0.292268562130203,0.196694064723997,0.20726740231587,0.318131757635546,0.337915008677247,0.328776597198701,817.197418902257,1.01178588849476,0.489205243333466,2475,0.657534246575342
"Almont",2016,11,35400.9598958367,1,269.546666463333,2.13333333333333,9.5,-7.18333333333333,1.15833333333333,381.333333333333,36.9767326388077,7.43310189566011,-1.37257475571205,-1.69016974929863,-1.2658096377035,0.42717487160554,0.502428936088556,-0.239866194190922,0.0492775284649711,0.0773388553187621,-0.00420157244511579,0.0172743963583263,0.13548010806565,0.159128440521724,619.957332865666,0.664128682899367,0.282795349566034,2475,0.657534246575342
"Almont",2016,12,33615.3595052367,2.33333333333333,248.746666976667,35.3333333333333,-1.08333333333333,-14.4666666666667,-7.775,220,15.3458727488278,0,0.473429026021918,-0.904482506204625,-1.37586805499971,-0.97862693175387,0.490136408584103,0.571047414916024,-0.174592857139311,0.110181578776534,0.134278323067598,0.054789244813795,0.0770766402944361,0.193503926495494,572.117334046334,0.340814467450715,0.120814467450715,2475,0.657534246575342
"Almont",2017,1,34682.6321824516,4.03225806451613,285.52257956129,105.806451612903,-2.80645161290323,-14.6774193548387,-8.74193548387097,224.516129032258,14.3844131974214,0,1.05398348980945,0.942145310575293,-0.19489209630895,-0.941565352755627,-0.676707150790722,0.710637746339437,0.755339099769609,-0.0160582433831769,0.311519025063705,0.323739484537362,0.248404519991917,0.268747022439408,656.701932990967,0.316105483874339,0.0915893548420812,2475,0.657534246575342
"Almont",2017,2,37929.6000279,1.39285714285714,382.514289853571,147.285714285714,2.10714285714286,-10.6071428571429,-4.25,291.428571428571,27.0780738317513,0,-0.652239432277083,0.250628382225363,0.318518297064027,-0.362281767392063,-0.958152163324318,-0.81838791454707,0.416401049120622,0.543136716416471,-0.142945542299788,0.206807986479207,0.25165395335607,0.181194420618236,879.782866663213,0.446099616846908,0.154671045418337,2475,0.657534246575342
"Almont",2017,3,42285.8322832677,0.290322580645161,520.670971283871,154.709677419355,7.51612903225806,-7.66129032258065,-0.0725806451612903,362.58064516129,56.9586998339392,0,-0.769035642592402,-0.798986431912753,-0.229951227324138,-0.0542805564478739,-0.552240978479434,-0.963415839012374,-0.91794980767076,-0.0093186456718898,0.154618888638768,-0.316418549795244,0.0494704056824898,0.124217006017842,1197.5432339529,0.607567459823507,0.244986814662217,2475,0.657534246575342
"Almont",2017,4,46909.4401041667,0.966666666666667,557.013332113333,131.466666666667,11.4166666666667,-4.63333333333333,3.39166666666667,294.666666666667,84.6523951778508,24.6399388451669,0.0447751058043482,-0.259436874625631,-0.425105102686789,-0.117100331737005,0.0148737161698339,-0.353909179669234,-0.694634172788888,-0.678899000721021,0.0261376133448964,0.149699594143766,-0.241434477218138,0.106456830361172,1281.13066386067,0.778764858486655,0.484098191819988,2475,0.657534246575342
"Almont",2017,5,50803.1999747968,0.967741935483871,592.9290358,90.1935483870968,16.5161290322581,-0.790322580645161,7.86290322580645,243.870967741935,124.333165625627,56.9244918923125,0.353816302586101,0.228686423400187,-0.0158026394210468,-0.135718353267289,0.0685815762551522,0.17090277490831,-0.127784081386331,-0.430823450813226,-0.423473199451516,0.15410704897293,0.228810714018215,-0.166868215322539,1363.73678234,1.06207080502701,0.818199837285077,2475,0.657534246575342
"Almont",2017,6,52750.0804687267,0.133333333333333,586.666666666667,12.2666666666667,24.8333333333333,4.11666666666667,14.475,294.666666666667,173.013814183911,96.729197661791,-0.907120054740014,-0.409646422222088,-0.266880170094253,-0.388952243282501,-0.476430520917815,-0.305521222279261,-0.201158285836367,-0.429116925934453,-0.654640683135621,-0.645765326753164,-0.186740587296856,-0.114036142812272,1349.33333333333,1.64741437735274,1.35274771068607,2475,0.657534246575342
"Almont",2017,7,51851.1484375065,2.16129032258065,445.72903343871,0,25.6935483870968,7.64516129032258,16.6693548387097,561.290322580645,173.298244656563,111.344108615394,0.489024706226977,-0.347533626244297,-0.110697050089581,-0.0859205744989071,-0.223853659978899,-0.30938636968583,-0.167939055502507,-0.0864778460584618,-0.291366833777395,-0.503452817204663,-0.503424011377038,-0.0644919656932647,1025.17677690903,1.89630495791739,1.33501463533674,2475,0.657534246575342
"Almont",2017,8,48439.7419354839,1.12903225806452,477.006452990323,0,23.6612903225806,5.59677419354839,14.6290322580645,661.935483870968,146.705173095972,93.5027511172472,0.763273784824697,0.734779086482995,-0.089606646467208,0.0391910960803333,0.0393656440727444,-0.117023240642209,-0.204683903562066,-0.0720714845660307,-0.00483713246800756,-0.205046756514777,-0.409131023558248,-0.416946645764457,1097.11484187774,1.66389723983274,1.00196175596177,2475,0.657534246575342
"Almont",2017,9,43971.8401041667,0.866666666666667,425.493333943333,0,21.3166666666667,2.28333333333333,11.8,589.333333333333,110.00328554387,68.3064615509212,-0.36188563237976,0.39540533843681,0.533540451422174,-0.161336227028372,-0.05040075964735,-0.0407342963453967,-0.20259494648926,-0.290295440729794,-0.155773952392204,-0.0964899144774606,-0.293346257075809,-0.496822420560027,978.634668069666,1.38316541464432,0.793832081310986,2475,0.657534246575342
"Almont",2017,10,39353.8063256,0.838709677419355,364.903224332258,1.16129032258065,14.9677419354839,-3.93548387096774,5.51612903225806,450.322580645161,67.1879620517545,32.7145833846352,-0.459595565441789,-0.455956551836514,0.12237784778171,0.294324759733545,-0.255563756162209,-0.164121684777529,-0.129703190789756,-0.265070048085092,-0.33477672977427,-0.199819313931206,-0.137981165717649,-0.324656279997836,839.277415964193,0.903723721874726,0.453401141229565,2475,0.657534246575342
"Almont",2017,11,35493.11992188,0.666666666666667,282.239999896667,8.4,9.71666666666667,-6.11666666666667,1.8,381.333333333333,37.2416756552641,10.8866380685835,-1.47115747477039,-1.23160120817164,-1.15486638565462,-0.527734351287576,-0.115143105522463,-0.574603200479729,-0.433782508486749,-0.357540765841639,-0.47544151294334,-0.533615405653044,-0.39328563790006,-0.327299326426222,649.151999762334,0.695424920424016,0.314091587090684,2475,0.657534246575342
"Almont",2017,12,33638.3994791933,0.4,278.826666266667,16.4,3.75,-12.9666666666667,-4.60833333333333,230.666666666667,22.5683378183132,0,-1.83045607877619,-1.94845134329645,-1.73227173684804,-1.69245903443475,-1.18317435715406,-0.610756667384233,-0.92194510640368,-0.726999050374984,-0.602476908347403,-0.699877062980676,-0.75138766640409,-0.606170411938819,641.301332413334,0.434215036555957,0.20354836988929,2475,0.657534246575342
"Almont",2018,1,34682.6321824516,0.67741935483871,309.574189709677,64.9032258064516,2.46774193548387,-14.8064516129032,-6.16935483870968,201.290322580645,22.2800609472796,0,-1.74981237053536,-1.9696521922931,-2.07932948598102,-2.06027960725286,-1.96278777300025,-1.66853060378621,-1.06733093973837,-1.21726056090525,-0.966773782873206,-0.796670692528263,-0.884695688369509,-0.939164735600857,712.020636332257,0.385659695143883,0.184369372563238,2475,0.657534246575342
"Almont",2018,2,37929.6000279,0.75,365.142857689286,82.1428571428571,2.71428571428571,-12.3035714285714,-4.79464285714286,245.714285714286,28.2461172069692,0,-1.03579290538322,-1.52327855933969,-1.75285475173574,-2.01915424383505,-2.02690637218938,-1.93069011173221,-1.74171043785461,-1.25486766872903,-1.35577560207905,-1.09890890774563,-0.918422301421705,-1.00495840749381,839.828572685358,0.428147754502268,0.182433468787982,2475,0.657534246575342
"Almont",2018,3,42285.8322832677,0.419354838709677,501.367739770968,92.6451612903226,7.7258064516129,-9.32258064516129,-0.798387096774194,178.064516129032,57.895839376976,0,-0.880561241041254,-1.07286082115095,-1.42255805717678,-1.63743525861141,-1.89273690171242,-1.89332850313596,-1.83566875154122,-1.6222702473931,-1.29713087467965,-1.40630350938055,-1.18513892529911,-1.01441537538905,1153.14580147323,0.576256879214944,0.398192363085912,2475,0.657534246575342
"Almont",2018,4,46909.4401041667,1.13333333333333,556.58666382,83.7333333333333,12.8,-3.95,4.425,228,90.6955112988938,31.0188044602772,-0.639242240732041,-0.810030276738259,-1.00153892960879,-1.27577723298711,-1.4814764116603,-1.69422177371379,-1.6566657049343,-1.67177538525068,-1.50554504823675,-1.2590375871199,-1.36520702512598,-1.1977939400138,1280.149326786,0.837491942519671,0.609491942519671,2475,0.657534246575342
"Almont",2018,5,50803.1999747968,0.161290322580645,602.11612726129,30.5806451612903,20.1451612903226,0,10.0725806451613,233.548387096774,145.6933548928,70.5357291237745,-1.8779926162857,-1.44917566798812,-1.47567256189517,-1.60797424286564,-1.77004951913153,-1.90424998792069,-2.0277810798223,-1.94347259880436,-1.94265754529344,-1.76282384300269,-1.54043820819924,-1.63934247268671,1384.86709270097,1.23305364110755,0.999505254010779,2475,0.657534246575342
"Almont",2018,6,52750.0804687267,0.633333333333333,521.706670123333,0,25.1833333333333,4.3,14.7416666666667,316,175.143608348785,98.2699331141367,-1.05672942926247,-1.76032168012991,-1.50889993441296,-1.53692702313861,-1.63695851330874,-1.75828658435477,-1.88119655370079,-1.96820744634053,-1.91111703301525,-1.90061567603548,-1.78008664554475,-1.58728061020139,1199.92534128367,1.67604168278788,1.36004168278788,2475,0.657534246575342
"Almont",2018,7,51851.1484375065,1,498.580647129032,0,27.3548387096774,7.67741935483871,17.5161290322581,379.354838709677,185.395409227884,116.224042497521,-1.06521774317204,-1.31316860105385,-1.72598349019951,-1.54661901221602,-1.606470767253,-1.70703057219874,-1.79420358074345,-1.88588343128756,-1.96389419321954,-1.95964819462264,-1.95098342358809,-1.84092202278849,1146.73548839677,2.00082522026831,1.62147038155863,2475,0.657534246575342
"Almont",2018,8,48439.7419354839,1,471.845165619355,0,25.2258064516129,5.83870967741935,15.5322580645161,427.096774193548,156.213800165455,98.4800720951099,-0.73215064353271,-1.11994484386213,-1.35493774783636,-1.67638902270232,-1.55843041851366,-1.60232096346412,-1.68141884526293,-1.75775189101535,-1.82342241603323,-1.88928219235243,-1.89343251498706,-1.89803581261893,1085.24388092452,1.76349800163516,1.33640122744161,2475,0.657534246575342
"Almont",2018,9,43971.8401041667,0.8,437.013334146667,0,22.1666666666667,2.66666666666667,12.4166666666667,524,113.663330746975,71.3860093511744,-1.01208781222361,-1.30673790235223,-1.39462861850906,-1.55914672531295,-1.8344364748882,-1.69316236327864,-1.7232059839664,-1.78332269147155,-1.84441087303773,-1.89876069372878,-1.95260761025908,-1.93801523315084,1005.13066853733,1.44052333438914,0.916523334389144,2475,0.657534246575342
"Almont",2018,10,39353.8063256,1.35483870967742,311.019357987097,0,12.8548387096774,-2.40322580645161,5.2258064516129,508.387096774194,59.6117169066586,31.2186718512397,1.01305395596486,0.0847388437119804,-0.411834021692772,-0.90524078194235,-1.22759907894738,-1.61974811468263,-1.52015728545938,-1.57382822968622,-1.63922439798619,-1.72099573769466,-1.78988037533327,-1.85905868398239,715.344523370323,0.885663930480829,0.377276833706635,2475,0.657534246575342
"Almont",2018,11,35493.11992188,1,294.613333636667,8.93333333333333,3.46666666666667,-11.8833333333333,-4.20833333333333,258.666666666667,25.4280975895124,0,1.21769783460207,1.4367696974286,0.593960942673278,0.136275462054753,-0.539870133698043,-0.971415284724742,-1.4988118799107,-1.41044836405895,-1.4724017806449,-1.54545214351367,-1.63990755332281,-1.71552258598945,677.610667364334,0.447500135830102,0.188833469163435,2475,0.657534246575342
"Almont",2018,12,33638.3994791933,0.766666666666667,276.800000503333,39.6,-1.81666666666667,-16.9833333333333,-9.4,169.333333333333,13.6882970387148,0,0.503297858687558,1.34728512983528,1.57554947115443,0.651595691027523,0.228748894359561,-0.430121390454798,-0.866121348810829,-1.42351641842885,-1.35695718839039,-1.42762037136212,-1.50795608569363,-1.60581774907278,636.640001157666,0.300214633734465,0.130881300401132,2475,0.657534246575342
"Almont",2019,1,34682.6321824516,1.32258064516129,307.5096785,99.2258064516129,-2.58064516129032,-17.9193548387097,-10.25,156.129032258065,13.628719184944,0,0.613921553744444,0.638138040304474,1.27127257665108,1.74650592950652,0.758724203171905,0.278898757956669,-0.370900464278999,-0.784399842992517,-1.34711982539934,-1.29890978459869,-1.38485914084554,-1.47606367346645,707.27226055,0.280743782914911,0.124614750656846,2475,0.657534246575342
"Almont",2019,2,37929.6000279,1.92857142857143,380.571426935714,135,-2.33928571428571,-17.5,-9.91964285714286,171.428571428571,17.1964270461557,0,1.67073905960337,1.2681856066922,1.19116682165573,1.58016522425149,1.94437431038469,1.29015554158784,0.811059951701682,0.0670923684579737,-0.422811023867232,-1.07892972322533,-1.07825881089111,-1.18072713369193,875.314281952142,0.288173337821475,0.116744766392904,2475,0.657534246575342
"Almont",2019,3,42285.8322832677,2.90322580645161,474.219357890323,185.677419354839,3.7741935483871,-9.82258064516129,-3.0241935483871,301.935483870968,44.9349971213882,0,1.67721071842685,1.81464057276078,1.59351428192496,1.51875295848934,1.835292150362,1.98379255329531,1.74723707269433,1.34862779593646,0.574630943366897,0.0524662820416438,-0.644348566990712,-0.703999376801971,1090.70452314774,0.488971580533068,0.1870360966621,2475,0.657534246575342
"Almont",2019,4,46909.4401041667,1.36666666666667,589.013335163333,193.866666666667,11.1333333333333,-3.8,3.66666666666667,426.666666666667,82.7141117765627,26.3602693170387,0.32986585815874,1.05525802726919,1.36161499818057,1.32829064346344,1.33588188364946,1.54376785700349,1.69076401341749,1.45335339628077,1.18212547386195,0.599851034823254,0.160697260925462,-0.436226895119389,1354.73067087567,0.794026549512616,0.367359882845949,2475,0.657534246575342
"Almont",2019,5,50803.1999747968,1.35483870967742,583.019356019355,144.129032258065,13.2741935483871,-1.75806451612903,5.75806451612903,480,106.372387517966,43.4678283837468,1.74607927644363,1.43074028993607,1.6130617295798,1.77814923673774,1.75052422788897,1.79068333535507,1.92870926864181,2.01270058812368,1.895305943951,1.75523063879222,1.37433769329888,0.828753793767645,1340.94451884452,0.919021410394256,0.439021410394256,2475,0.657534246575342
"Almont",2019,6,52750.0804687267,0.766666666666667,610.453334553333,59.4666666666667,21.45,3.11666666666667,12.2833333333333,429.333333333333,151.70547816484,83.9137282154664,1.19285345367059,1.85807863857935,1.54598505779952,1.66687717601242,1.81083769589122,1.81157183287985,1.79578149998665,1.90117183448957,1.98442145597909,1.89599327823691,1.80580971006532,1.52995712615327,1404.04266947267,1.42794734139016,0.998614008056825,2475,0.657534246575342
"Almont",2019,7,51851.1484375065,1.12903225806452,484.23225353871,0,25.8709677419355,6.48387096774194,16.1774193548387,645.161290322581,177.047007204145,108.493874037934,-0.126458266124689,0.84672172313254,1.51607798629244,1.34930685988966,1.55828643853792,1.73404568469428,1.74563309132884,1.72317543570506,1.81524654753287,1.8983010794107,1.80976345638765,1.70660823216682,1113.73418313903,1.83780974462872,1.19264845430614,2475,0.657534246575342
"Almont",2019,8,48439.7419354839,0.645161290322581,485.161288354839,0,25.7096774193548,6.11290322580645,15.9112903225806,553.548387096774,158.842218030932,100.557080993741,-1.23589008977542,-0.710949571275728,0.187766289195306,1.0931010646044,0.9962020210821,1.28408085753229,1.51115343901481,1.52514237555696,1.5017660735204,1.61762482530256,1.72835420457118,1.61853982016412,1115.87096321613,1.80682965605564,1.25328126895887,2475,0.657534246575342
"Almont",2019,9,43971.8401041667,0.333333333333333,447.57333069,0,22.95,2.7,12.825,438.666666666667,117.393791682024,73.4138259833917,-1.68302819984256,-2.29981381262866,-1.30416746238217,-0.348777977010505,0.620158619257615,0.607065120077166,0.930625197278707,1.17198738509661,1.19004160297709,1.18850738308404,1.31923053025925,1.45625149234469,1029.418660587,1.47964561608218,1.04097894941551,2475,0.657534246575342
"Almont",2019,10,39353.8063256,0.612903225806452,376.567742377419,3.09677419354839,12.3870967741935,-7.64516129032258,2.37096774193548,224.516129032258,59.8354752925723,15.7503856060055,0.850356190720906,-0.559141375852367,-1.3051500338742,-0.884837477291896,-0.0629999530409301,0.78556344137129,0.747500582318527,1.04812493452254,1.25102136336014,1.26237883276937,1.25236811186373,1.37005344382656,866.105807468064,0.724364241547132,0.499848112514874,2475,0.657534246575342
"Almont",2019,11,35493.11992188,0.566666666666667,298.346666976667,19.4666666666667,6.96666666666667,-9.3,-1.16666666666667,206.666666666667,32.0343221844094,0,-0.485274056671099,0.376739787818815,-0.656491655880345,-1.40954964757561,-0.979860841865454,-0.122700931928468,0.725589074578392,0.693643204876239,0.994467942500987,1.19493765815089,1.20900971515441,1.19754757179468,686.197334046334,0.560924033245094,0.354257366578427,2475,0.657534246575342
"Almont",2019,12,33638.3994791933,1.73333333333333,265.70666911,53.2,-1.56666666666667,-15.8,-8.68333333333333,193.333333333333,14.3917779599443,0,0.589793691133855,-0.0850334981402292,0.566188615320978,-0.448294924246676,-1.07764042515245,-0.832198332778873,-0.0444769707732758,0.798990680901918,0.76122915576043,1.05893438527048,1.25612480589315,1.26608791577438,611.125338953,0.317556273738413,0.12422294040508,2475,0.657534246575342
"CBT",1980,1,34615.741809471,5.58064516129032,292.541937058064,130.58064516129,-1.59677419354839,-15.9677419354839,-8.78225806451613,198.709677419355,15.617143214147,0,0.92316628286048,NA,NA,NA,NA,NA,NA,NA,NA,NA,NA,NA,672.846455233547,0.315110664620485,0.11640098720113,2710,0.542465753424658
"CBT",1980,2,37980.2483836207,4.75862068965517,434.979313817241,262.896551724138,-0.379310344827586,-18.2758620689655,-9.32758620689655,168.275862068966,19.9648210412416,0,1.34793431126344,1.29821249460764,NA,NA,NA,NA,NA,NA,NA,NA,NA,NA,1000.45242177965,0.301927717243868,0.133651855174902,2710,0.542465753424658
"CBT",1980,3,42430.7612147194,2.96774193548387,541.625806254839,408.903225806452,0.758064516129032,-16.6935483870968,-7.96774193548387,180.645161290323,33.7556960599761,0,2.2654989446925,2.01792382200861,1.81024494740311,NA,NA,NA,NA,NA,NA,NA,NA,NA,1245.73935438613,0.335756276978095,0.155111115687772,2710,0.542465753424658
"CBT",1980,4,47070.7200520867,1.43333333333333,613.973335773333,467.333333333333,5.48333333333333,-11.6166666666667,-3.06666666666667,276,60.6538816758219,0,1.5985553316436,1.9820434037262,1.94401136764599,1.85544156111378,NA,NA,NA,NA,NA,NA,NA,NA,1412.13867227867,0.487427010801037,0.211427010801037,2710,0.542465753424658
"CBT",1980,5,50948.1291582613,2.25806451612903,608.825804680645,446.193548387097,11.2903225806452,-2.96774193548387,4.16129032258065,461.935483870968,96.5436676166888,36.4408463458882,1.47622465562292,1.72698727716045,1.97755667496992,1.97884562669738,1.94894455845307,NA,NA,NA,NA,NA,NA,NA,1400.29935076548,0.822143995074769,0.360208511203801,2710,0.542465753424658
"CBT",1980,6,52807.68046872,0,761.919999186667,390.666666666667,21.0833333333333,0.5,10.7916666666667,354.666666666667,152.804692503263,79.0915459188143,-0.487889285903895,0.739027473109788,1.16031080177787,1.53056322056467,1.61432020664519,1.62423697861471,NA,NA,NA,NA,NA,NA,1752.41599812933,1.2937013885821,0.939034721915436,2710,0.542465753424658
"CBT",1980,7,51851.1485635097,0.612903225806452,673.75483556129,280.645161290323,23.5,3.75806451612903,13.6290322580645,331.612903225806,165.245775476278,97.3494601112875,-0.485183640517864,-0.601751548966551,0.350239286379264,0.806975573890089,1.28167108528327,1.41266297317925,1.44808152232253,NA,NA,NA,NA,NA,1549.63612179097,1.55942039102092,1.22780748779511,2710,0.542465753424658
"CBT",1980,8,48361.703125,0.67741935483871,598.090320219355,154.709677419355,21.758064516129,2.62903225806452,12.1935483870968,270.967741935484,139.467426722246,83.5948669280865,-0.319073719468101,-0.512238896490342,-0.671102271050319,0.141786164189156,0.631150430169382,1.16448847888875,1.32562177340783,1.37387568669589,NA,NA,NA,NA,1375.60773650452,1.41953335624785,1.14856561431236,2710,0.542465753424658
"CBT",1980,9,43822.0800781267,0.766666666666667,520.00000864,64,19.1666666666667,-0.433333333333333,9.36666666666667,286.666666666667,102.158074472928,59.348228435468,-0.97409363952847,-0.88808573459281,-0.778013819640712,-0.876028046363003,-0.122851618584419,0.376340596670249,0.922016970931871,1.09593753221856,1.15480218046722,NA,NA,NA,1196.000019872,1.17596818906256,0.88930152239589,2710,0.542465753424658
"CBT",1980,10,39175.4322076581,1.29032258064516,397.522579070968,37.0322580645161,11.7903225806452,-7.79032258064516,2,249.032258064516,57.7588114592939,15.6821665645862,-0.156419219647658,-0.738487376741026,-0.820758548283543,-0.771015725904232,-0.854603545949779,-0.165625846360434,0.323776052810092,0.864776560648435,1.0252023135951,1.08877310598161,NA,NA,914.301931863226,0.705443117085661,0.456410859021145,2710,0.542465753424658
"CBT",1980,11,35308.7998697933,0.766666666666667,327.466667173333,48.1333333333333,6.23333333333333,-11.3666666666667,-2.56666666666667,266.666666666667,30.2696616049112,0,-0.977619379330909,-0.790024343172551,-1.10005079939617,-1.17311577709129,-1.02798364631464,-1.03305759906411,-0.305501143426971,0.184552151883874,0.709132836912878,0.869695573008669,0.935605967847785,NA,753.173334498666,0.50588767355017,0.239221006883503,2710,0.542465753424658
"CBT",1980,12,33580.7994792,0.9,301.013332623333,71.4666666666667,3.6,-13.8333333333333,-5.11666666666667,228,21.9416773562392,0,-2.22376951357461,-1.82477788307658,-1.52665546787854,-1.7623959340565,-1.7352052370073,-1.4934901288737,-1.36912840860891,-0.617675531643685,-0.103977973035218,0.422672282302713,0.597661086588469,0.67775403205789,692.330665033666,0.417838373640098,0.189838373640098,2710,0.542465753424658
"CBT",1981,1,34615.741809471,0.225806451612903,333.729031474194,96.5161290322581,1.38709677419355,-18.1612903225806,-8.38709677419355,154.838709677419,19.0125269117215,0,-1.50319866417891,-2.08909859859396,-2.02756574834723,-1.79031446114662,-1.9373477256763,-1.97021953556472,-1.66587663667597,-1.49804848671111,-0.769610041601627,-0.255155289825515,0.262494670446401,0.439966553017521,767.576772390646,0.324981213547289,0.17014250386987,2710,0.542465753424658
"CBT",1981,2,37904.9143415179,0.464285714285714,417.142857142857,109.714285714286,1.42857142857143,-17.5357142857143,-8.05357142857143,167.142857142857,23.6421698084392,0,-0.733409867568083,-1.38297886182575,-1.90809995256004,-2.0477675023051,-1.78511465945047,-1.8690704401837,-1.9976755106173,-1.73812622766572,-1.58369670521913,-0.814348784727567,-0.300275521433863,0.203342931323454,959.428571428571,0.333525411711579,0.166382554568722,2710,0.542465753424658
"CBT",1981,3,42274.6838457677,1.25806451612903,474.632257770968,138.193548387097,3.24193548387097,-12.5483870967742,-4.65322580645161,220.645161290323,42.9329487602993,0,0.723463953590866,0.301583391932792,-0.231770818787073,-0.886594536210728,-1.20423169991487,-1.10369530505159,-1.36765385880927,-1.43092788718503,-1.32602603909574,-1.29175140362604,-0.579005621361113,-0.0955351310093163,1091.65419287323,0.432746139190487,0.212100977900164,2710,0.542465753424658
"CBT",1981,4,46932.4800781267,0.533333333333333,602.34666748,156.933333333333,11.0833333333333,-6.33333333333333,2.375,197.333333333333,83.8215318387352,20.7150417546626,-1.22564966351043,-0.402921079832,-0.524358785619966,-0.81351287155708,-1.22201191974014,-1.42313215530973,-1.30357829175928,-1.51756654386,-1.5837509671305,-1.47986429564755,-1.48042011639835,-0.804445737497702,1385.397335204,0.724572351310675,0.527239017977342,2710,0.542465753424658
"CBT",1981,5,50847.7935987871,2.03225806451613,514.270967545161,122.322580645161,12.2903225806452,-1.45161290322581,5.41935483870968,372.903225806452,100.209698024156,45.1456144923924,1.20833975190195,0.189205249423811,0.444888338643416,0.32422843896756,0.0558407780977799,-0.297972521271534,-0.502549644358608,-0.506715369083235,-0.787737771565634,-0.873422404108226,-0.917038198934996,-0.942968434087717,1182.82322535387,0.897667953022768,0.524764727216316,2710,0.542465753424658
"CBT",1981,6,52784.6404947633,0.2,627.733329266667,39.6,21.5333333333333,2.15,11.8416666666667,350.666666666667,153.72914684,85.2765070198152,-0.559973588952206,0.444375998751702,-0.148836142164833,0.104739627813787,0.0135952970002217,-0.188541791283918,-0.442708287638042,-0.592641238885458,-0.594113130557082,-0.817665629472324,-0.898559553858574,-0.946380870502246,1443.78665731333,1.38697662720828,1.03630996054161,2710,0.542465753424658
"CBT",1981,7,51929.1872479839,2.58064516129032,434.477422406452,0,22.5806451612903,5.24193548387097,13.9112903225806,673.548387096774,156.252434896376,98.9811688225953,0.765551045367743,0.0991347895816731,0.660859913297075,0.0997656392352703,0.28772596035933,0.196474254819231,0.000801740351252602,-0.230794944420346,-0.355857816928297,-0.362664082597255,-0.58412971748048,-0.669298181218686,999.298071534839,1.58830889173388,0.914760504637107,2710,0.542465753424658
"CBT",1981,8,48495.4838709677,1.12903225806452,459.251613987097,0,21.758064516129,3.30645161290323,12.5322580645161,629.677419354839,138.522509240554,85.4729702040178,-0.0998426189543744,0.457376026494175,-0.0337930500771281,0.504097550945983,0.000802274379105707,0.175198982483841,0.086957497391128,-0.0957713953352972,-0.312061318799456,-0.432648292884786,-0.442082163417506,-0.639339992824189,1056.27871217032,1.45150466367149,0.821827244316654,2710,0.542465753424658
"CBT",1981,9,43983.3600260433,1,423.253336586667,0,18.5,0.45,9.475,596,98.4264159500518,59.9042400158971,-0.32473104496132,-0.301330215560642,0.294025044355016,-0.0906726198318355,0.384989717641987,-0.0778822370826954,0.0728452399595732,-0.0138373681897239,-0.186974829069352,-0.395123885764066,-0.505844238007859,-0.505360009988047,973.482674149334,1.18457453313017,0.588574533130174,2710,0.542465753424658
"CBT",1981,10,39320.3612651161,1.96774193548387,314.219353958065,0.258064516129032,10.258064516129,-4.93548387096774,2.66129032258065,433.548387096774,52.5777725362588,19.7701172035298,0.923375610457444,0.48330101250098,0.270323664999163,0.571363259836452,0.179219800199481,0.581511667268628,0.0863923705920083,0.244790357579098,0.160519416923648,-0.0208970343931556,-0.234818280530889,-0.351074368697892,722.70451410355,0.739484180761798,0.305935793665024,2710,0.542465753424658
"CBT",1981,11,35412.4798177133,0.3,322.239998886667,3.73333333333333,6.83333333333333,-9.65,-1.40833333333333,310.666666666667,31.5211403767637,0,-1.26573507371762,-0.240213973971473,-0.194649710011341,-0.252033992027282,0.276895357225598,-0.0634866478447457,0.340533521444953,-0.102918948397954,0.055187233328283,-0.0206719900177142,-0.185204288817716,-0.381895866011035,741.151997439334,0.551060342884199,0.240393676217532,2710,0.542465753424658
"CBT",1981,12,33592.31953128,2.36666666666667,257.6,27.0666666666667,-0.283333333333333,-15.3666666666667,-7.825,202.666666666667,16.0512097500338,0,-0.324842535377956,-1.21197830739705,-0.386142484431554,-0.326849524672559,-0.367986086021084,0.188474682517301,-0.129539710600849,0.295137579325958,-0.133423550606655,0.0229153946161611,-0.0538487574188891,-0.216062931894016,592.48,0.339495827656576,0.136829160989909,2710,0.542465753424658
"CBT",1982,1,34615.741809471,2.70967741935484,312.051614577419,128,-3.25806451612903,-19.5322580645161,-11.3951612903226,149.677419354839,11.803715105985,0,1.14164991120794,0.608556622114208,-0.478658027934988,0.160893904359443,-0.0517303545745485,-0.116568997327967,0.32475039621061,0.0165980176656544,0.466271955622505,0.0366186046363465,0.194658451954462,0.114129820945989,717.718713528064,0.256292779683235,0.106615360328396,2710,0.542465753424658
"CBT",1982,2,37904.9143415179,0.964285714285714,437.485710689286,159.428571428571,-1.10714285714286,-20.3571428571429,-10.7321428571429,138.571428571429,17.2733555650732,0,1.10538701142628,1.28077277213774,0.951509808108562,0.192076248622949,0.593159371675424,0.27890945367322,0.22036431351168,0.546062669959842,0.236270460230111,0.641280306856897,0.20906350326177,0.355619980935302,1006.21713458536,0.270206857522563,0.131635428951134,2710,0.542465753424658
"CBT",1982,3,42274.6838457677,2.83870967741935,483.200001374194,196.903225806452,3.04838709677419,-13.4354838709677,-5.19354838709677,237.41935483871,42.0628289239523,0,1.10671442630645,1.27758300655684,1.33439362722948,1.21278912970852,0.750639011570132,0.960418743774116,0.713578932560724,0.607297797096085,0.811149987509577,0.521977823114513,0.871793503274141,0.46422110381884,1111.36000316065,0.415409937107069,0.177990582268359,2710,0.542465753424658
"CBT",1982,4,46932.4800781267,0.966666666666667,597.3333313,232,7,-9.93333333333333,-1.46666666666667,272,66.9122423273875,0,0.884583994484262,1.17373450271049,1.26869726051589,1.31632911787493,1.27329737277457,0.960107446715855,1.08311569438389,0.936140290794338,0.857877823024167,0.989391033899858,0.723148207085635,1.02624643434696,1373.86666199,0.548702640908716,0.276702640908716,2710,0.542465753424658
"CBT",1982,5,50847.7935987871,0.838709677419355,614.090321203226,212.129032258065,12.2903225806452,-2.58064516129032,4.85483870967742,379.354838709677,101.710606181368,41.2929773549104,1.003933309819,1.06775747618199,1.22345068936441,1.31142275625248,1.36366026359431,1.39401321747283,1.1650108246795,1.24258175795839,1.15700545332363,1.09201563624976,1.20914718002596,0.94087080015588,1412.40773876742,0.863052280435537,0.48369744172586,2710,0.542465753424658
"CBT",1982,6,52784.6404947633,0.533333333333333,662.9333313,152.933333333333,18.8333333333333,-0.0166666666666667,9.40833333333333,268,139.154412623326,70.7651612161242,0.948993451532286,1.20214254891414,1.1966646943341,1.29487559612084,1.37273062253307,1.42452861657304,1.4189079256309,1.21656573254657,1.28732162017259,1.22360758733252,1.19414675781928,1.31176801791715,1524.74666199,1.17927177490065,0.911271774900652,2710,0.542465753424658
"CBT",1982,7,51929.1872479839,0.967741935483871,576.309676632258,57.5483870967742,22.5161290322581,3.04838709677419,12.7822580645161,303.225806451613,159.673127435007,92.415263202872,0.183769707120883,0.776810971746239,1.00332273932738,1.07243425790697,1.22843164571883,1.32975823254922,1.39669105049737,1.38118754977799,1.16108771747221,1.24461328218738,1.19565118322585,1.16190097044882,1325.51225625419,1.47550719711379,1.17228139066217,2710,0.542465753424658
"CBT",1982,8,48495.4838709677,2.48387096774194,419.509674567742,0,21.741935483871,5.32258064516129,13.5322580645161,581.935483870968,134.979613203215,90.9631016427042,0.632462732441906,0.446695656592484,0.84194833586973,1.08314634530587,1.15238566551945,1.33195689369957,1.44714901350605,1.51910658100619,1.48349353704628,1.24533749063655,1.33937774285934,1.29241893015695,964.872251505807,1.54962264897457,0.967687165103607,2710,0.542465753424658
"CBT",1982,9,43983.3600260433,2.33333333333333,386.880000813333,0,16.4333333333333,1.1,8.76666666666667,629.333333333333,88.3616188747963,56.2462622380431,1.33472486082,1.28247229328367,0.957579948649016,1.20839413924292,1.43043507222537,1.46008594679363,1.66336941728237,1.76598917619311,1.81676288623542,1.75100999754406,1.49704198861198,1.56614927942727,889.824001870666,1.12929310709948,0.499959773766152,2710,0.542465753424658
"CBT",1982,10,39320.3612651161,0.838709677419355,375.225805958064,0,10.5967741935484,-6.03225806451613,2.28225806451613,398.709677419355,53.9865519483751,17.4541748112194,0.47936351500858,1.21642177590977,1.27467102871256,1.01920212658391,1.22351790481131,1.49140399192208,1.52284264026756,1.69320531106487,1.75934076543321,1.8159514801675,1.74171165045728,1.5069558238142,863.019353703547,0.719799199802065,0.32108952238271,2710,0.542465753424658
"CBT",1982,11,35412.4798177133,1.66666666666667,297.49333471,18.5333333333333,2.63333333333333,-13.8,-5.58333333333333,233.333333333333,23.4569662580231,0,0.683100584581196,0.762764875736985,1.2776525163513,1.3749280833299,1.15910088185046,1.30690042598001,1.56862860263955,1.59257146315144,1.74715215023559,1.80108407448251,1.84085580709353,1.74956859576822,684.234669833,0.403289978701111,0.169956645367778,2710,0.542465753424658
"CBT",1982,12,33592.31953128,0.366666666666667,297.173332726667,55.7333333333333,-0.5,-17.8333333333333,-9.16666666666667,170.666666666667,14.8924364319155,0,-0.600155214442447,0.189255083670259,0.426645991382698,1.11915436084815,1.25013879920267,1.06465634994779,1.23282484363079,1.50276638123115,1.53289693073538,1.69936302389323,1.7660436700015,1.80613544139258,683.498665271334,0.305765777251494,0.135099110584827,2710,0.542465753424658
"CBT",1983,1,34615.741809471,0.451612903225806,368.825805174194,243.483870967742,0.629032258064516,-19.5,-9.43548387096774,141.935483870968,17.1440353594385,0,-0.938648052795014,-0.868688829141222,-0.341779970905499,-0.0266850333767143,0.80781162877596,1.00262578998853,0.839023818503538,1.06519913105119,1.32665455788797,1.3698174574896,1.54466475420186,1.64399223488951,848.299351900646,0.299378361291191,0.157442877420223,2710,0.542465753424658
"CBT",1983,2,37904.9143415179,2.10714285714286,435.428570339286,287.285714285714,1.92857142857143,-16.8928571428571,-7.48214285714286,174.285714285714,24.9338524728817,0,-0.637102983662613,-0.927314764120295,-0.873183077217669,-0.425271022626693,-0.155040666911238,0.536879484351213,0.785878721167999,0.706023106314786,0.95803870293875,1.19144305842662,1.25155895634535,1.41389900223917,1001.48571178036,0.348629888098739,0.174344173813025,2710,0.542465753424658
"CBT",1983,3,42274.6838457677,2.54838709677419,463.587093725806,334.322580645161,3.16129032258065,-11.258064516129,-4.04838709677419,270.967741935484,42.9143527564563,0,0.930413268395626,0.49423554511787,0.13455780482054,0.00635479207379123,0.238934804893602,0.354615046538361,0.855401230742417,1.03006564989414,0.904328545078012,1.11276681996762,1.30890662675046,1.35477019944053,1066.25031556935,0.452912683671534,0.18194494173605,2710,0.542465753424658
"CBT",1983,4,46932.4800781267,1.86666666666667,610.56000366,373.866666666667,4.8,-11.3666666666667,-3.28333333333333,272,58.1081001596721,0,1.87315382924544,1.66647770983024,1.36799856249374,1.07504182580442,0.984010623360897,1.10370103084919,1.10466254406735,1.46145642683069,1.56315638105689,1.41822672756127,1.47310046610972,1.58735889824657,1404.288008418,0.479614992755529,0.207614992755529,2710,0.542465753424658
"CBT",1983,5,50847.7935987871,2.61290322580645,621.419355822581,397.41935483871,10.9193548387097,-4.62903225806452,3.14516129032258,402.58064516129,96.152821693994,29.0398272057752,1.52415220404269,1.88869711563503,1.79654493301709,1.61181071684104,1.41779606419423,1.42450013040972,1.507737614519,1.48664217782814,1.79457145887339,1.9157097092847,1.8321667915994,1.8291596621768,1429.26451839194,0.765305812387113,0.362725167225823,2710,0.542465753424658
"CBT",1983,6,52784.6404947633,1.06666666666667,691.413331096667,361.2,18.2166666666667,-0.0666666666666667,9.075,489.333333333333,135.36784873615,68.7251588324312,1.33713799226149,1.84276437846578,1.99980334778314,1.88751486326272,1.7451029527553,1.58343060587638,1.55523859947481,1.60213945588177,1.59392194727457,1.867664209769,1.99663863108347,1.97690870850262,1590.25066152233,1.153070671982,0.663737338648669,2710,0.542465753424658
"CBT",1983,7,51929.1872479839,0.67741935483871,645.88387273871,252.129032258065,23,4.56451612903226,13.7822580645161,601.290322580645,160.463012395002,98.2360293272219,0.0584685832619662,0.986723616750146,1.47862660765054,1.81371120316378,1.81781877584725,1.69911074063806,1.53872284779799,1.49826918743063,1.52941654867364,1.52440573131401,1.80528768692295,1.94626724528865,1485.53290729903,1.57504487357642,0.973754550995776,2710,0.542465753424658
"CBT",1983,8,48495.4838709677,2.35483870967742,528.929031864516,101.677419354839,23.0322580645161,5.14516129032258,14.0887096774194,650.322580645161,143.385526406585,93.9846512310717,-0.669480850113301,-0.313276348180257,0.527987236935395,1.18046864889723,1.61355653132076,1.70578163344042,1.58497492692227,1.40572014416719,1.34641863432459,1.40061825505285,1.41305889420151,1.72686797616469,1216.53677328839,1.60670718228994,0.956384601644784,2710,0.542465753424658
"CBT",1983,9,43983.3600260433,0.233333333333333,471.57333069,5.73333333333333,19.9,-0.383333333333333,9.75833333333333,493.333333333333,105.4219200166,61.3527877812585,-1.55199362100851,-1.5070252648371,-0.854812397804746,-0.000735868063661202,0.670060274214079,1.18051186518231,1.34847017894904,1.23379009125946,1.0587452130252,0.992634534202662,1.05835258939038,1.08341427666688,1084.618660587,1.2073465179329,0.714013184599563,2710,0.542465753424658
"CBT",1983,10,39320.3612651161,0.612903225806452,348.696771929032,0,13.1612903225806,-4.7741935483871,4.19354838709677,423.225806451613,61.4032574242621,28.58611561106,-0.983661174502064,-2.01844899375454,-1.86898029891589,-1.10609894892263,-0.234506520429398,0.413911788493256,0.955332184180879,1.12119353501302,1.00880352137675,0.856019050036802,0.796679887003969,0.869221204667737,802.002575436774,0.824007963470377,0.400782157018764,2710,0.542465753424658
"CBT",1983,11,35412.4798177133,3.66666666666667,254.293334453333,30,3.03333333333333,-11.4166666666667,-4.19166666666667,268,24.5016396784282,0,0.904577676387286,-0.211198406380923,-1.03639782011226,-1.34137925904618,-0.817490314588997,0.0294105813752234,0.615402837353342,1.10126588482713,1.24864678791312,1.13441021403967,0.982908315992842,0.912971285556877,584.874669242666,0.448061436668667,0.180061436668667,2710,0.542465753424658
"CBT",1983,12,33592.31953128,6.36666666666667,246.07999674,178.8,-2.21666666666667,-15.8666666666667,-9.04166666666667,205.333333333333,13.4070737031146,0,1.77596324599087,1.84650180272001,0.540042919014975,-0.413903671669161,-0.75088055478278,-0.451778054651821,0.270167123430799,0.847703576139955,1.30378380825715,1.44481614275766,1.32490101441564,1.16376911833801,565.983992502,0.308777049582322,0.103443716248989,2710,0.542465753424658
"CBT",1984,1,34615.741809471,0.354838709677419,363.664516329032,169.290322580645,-5.74193548387097,-26.3225806451613,-16.0322580645161,78.7096774193548,3.66360919204217,0,2.18089069340893,2.26388071050186,2.69091704406411,1.70407432477211,0.381479749178785,-0.0175973682748998,0.0509391136886094,0.648418120198484,1.21534972235723,1.585136440218,1.71335250235726,1.61793430937354,836.428387556773,0.175539951045274,0.0968302736259192,2710,0.542465753424658
"CBT",1984,2,37980.2483836207,0.551724137931034,447.117242748276,185.241379310345,-1.51724137931034,-23.0172413793103,-12.2672413793103,104.827586206897,14.2900759360443,0,1.64199391584736,2.01936568265722,2.16173353217838,2.2912632360608,1.77648970228852,0.844712701794661,0.489118759346224,0.427282266144131,0.914497559326651,1.3964503057198,1.70131392464805,1.80547480453179,1028.36965832103,0.23896511122247,0.134137525015573,2710,0.542465753424658
"CBT",1984,3,42430.7612147194,1.87096774193548,494.141939222581,220.516129032258,1.32258064516129,-16.9354838709677,-7.80645161290323,161.290322580645,35.0932105126823,0,1.95567624904845,1.95253796440071,2.0728925816173,2.24505565614822,2.42987857551175,2.06412020226717,1.53780215902355,1.18457428815185,0.977405006487356,1.29705069221412,1.67502146533149,1.89988160728351,1136.52646021194,0.339984469659081,0.178694147078436,2710,0.542465753424658
"CBT",1984,4,47070.7200520867,2.26666666666667,574.079997763333,266.4,5.21666666666667,-11.9166666666667,-3.35,196,59.545412627877,0,1.78016730038558,1.96009083984248,1.97750749432395,2.07374796061127,2.26532767265317,2.39738742574233,2.15393716962186,1.86091375037289,1.62683010949658,1.4390178763758,1.59134865396606,1.83199184394026,1320.38399485567,0.477233775984442,0.281233775984442,2710,0.542465753424658
"CBT",1984,5,50948.1291582613,1.32258064516129,683.354839693548,288.903225806452,15.2903225806452,-3.35483870967742,5.96774193548387,370.322580645161,119.483145685188,48.8160006962932,-0.647356664710998,0.567112785795387,1.11561788004052,1.30973105534625,1.53362807955826,1.76939322505559,1.86471702396392,1.62533183429937,1.32717208001238,1.13604896260647,1.03818766786531,1.34024692852111,1571.71613129516,0.932464060934471,0.56214148028931,2710,0.542465753424658
"CBT",1984,6,52807.68046872,1.8,619.413337703333,223.466666666667,18.5166666666667,0.633333333333333,9.575,513.333333333333,136.369651075381,71.7800177719814,1.31408300644069,0.378276369690635,1.00303490708525,1.34085629245591,1.48696275019116,1.67510220022964,1.82354286002097,1.88453672938312,1.69979184465288,1.47790149441541,1.35209069024813,1.28569206837433,1424.65067671767,1.19256808797187,0.679234754638538,2710,0.542465753424658
"CBT",1984,7,51851.1485635097,3.58064516129032,541.935480919355,115.096774193548,22.7258064516129,4.32258064516129,13.5241935483871,736.774193548387,159.012537800088,96.7417745348168,0.564099365767109,1.23909669803693,0.525120109901975,1.02235811474793,1.38006059726644,1.5466163115355,1.75695865648667,1.9076687371274,1.93485090784615,1.7341566182837,1.53399020710512,1.41508334666985,1246.45160611452,1.54880861873904,0.812034425190654,2710,0.542465753424658
"CBT",1984,8,48361.703125,2.87096774193548,435.096772719355,7.2258064516129,21.5161290322581,4.14516129032258,12.8306451612903,797.41935483871,135.727106700259,87.1195467642104,0.581791931525776,0.673282072986709,1.24229719128587,0.587741951496645,1.08658125124342,1.48643903298659,1.67961279200212,1.91785040602022,2.06956161406764,2.12059820129582,1.89215918503651,1.66074344519255,1000.72257725452,1.48019296226328,0.682773607424568,2710,0.542465753424658
"CBT",1984,9,43822.0800781267,0.966666666666667,416.213334146667,0,17.55,-0.516666666666667,8.51666666666667,602.666666666667,95.0119440577568,54.9420328645928,0.228583011580586,0.540443906758495,0.67044624528594,1.16158781808689,0.615251748088406,1.09470310747625,1.5287482906398,1.72762331261666,1.96891872877056,2.1033630216852,2.14650063419887,1.88816627248857,957.290668537334,1.11033258374412,0.507665917077456,2710,0.542465753424658
"CBT",1984,10,39175.4322076581,3.16129032258065,318.967739964516,24.6451612903226,7.03225806451613,-6.58064516129032,0.225806451612903,384.516129032258,43.8439467066208,2.67446719319818,2.22035946448918,1.48785660221268,1.50041256311645,1.34822956524364,1.63784676643549,1.24037070325737,1.62641938247043,1.99672497576368,2.11764481191719,2.32563683582189,2.41074615821486,2.4298830362442,733.625801918387,0.620871107000029,0.236354977967771,2710,0.542465753424658
"CBT",1984,11,35308.7998697933,1.3,349.439998883333,86,3.01666666666667,-14.1833333333333,-5.58333333333333,217.333333333333,23.9978997251859,0,0.470710997035674,2.24901152075256,1.47052882388256,1.52435877139478,1.40312547390968,1.63093060698456,1.30810540127082,1.65637161757626,1.99565470604856,2.10186292996935,2.27491576229304,2.31819809587117,803.711997431666,0.403289978701111,0.185956645367778,2710,0.542465753424658
"CBT",1984,12,33580.7994792,2.03333333333333,281.49333521,127.866666666667,-1.45,-17.5833333333333,-9.51666666666667,172,13.7852102088004,0,0.335174324346253,0.559124351483721,2.39496820397408,1.50460185562377,1.56393340696779,1.43405956194639,1.6633334247625,1.34647170795173,1.69090418229138,2.03948006013383,2.15492885720996,2.32373713574194,647.434670983,0.29747287036121,0.12547287036121,2710,0.542465753424658
"CBT",1985,1,34615.741809471,0.67741935483871,333.522576119355,124.903225806452,-4.20967741935484,-22.4032258064516,-13.3064516129032,117.41935483871,8.75606366344731,0,1.35934315067403,1.08111582108642,1.21708993877289,2.66967227255467,1.88917993057121,1.87113717257525,1.63173750232006,1.82223277121351,1.4975538453717,1.78651853198011,2.10795514638459,2.24962568830521,767.101925074516,0.219686085594395,0.102266730755685,2710,0.542465753424658
"CBT",1985,2,37904.9143415179,1,432.685711457143,156.571428571429,-1.83928571428571,-22.1071428571429,-11.9732142857143,122.857142857143,14.6118951481952,0,1.66590277540702,1.64772755163568,1.48130951831294,1.53773531700579,2.31415628382369,2.10365107278506,2.0384391323212,1.8169537395018,1.91356900493693,1.6401281061761,1.87771889223028,2.14559606608848,995.177136351429,0.244686774276209,0.121829631419066,2710,0.542465753424658
"CBT",1985,3,42274.6838457677,3.38709677419355,455.019353067742,178.709677419355,3.30645161290323,-13.4354838709677,-5.06451612903226,205.161290322581,42.8246966682554,0,1.07408661049094,1.49279637712113,1.54220641584305,1.52946366684934,1.6312447418148,2.17828570663365,2.26606294318231,2.26944516594881,2.00236548714275,1.97867599580979,1.71288470016526,1.90908728900884,1046.54451205581,0.4194928114466,0.214331521124019,2710,0.542465753424658
"CBT",1985,4,46932.4800781267,2,585.066663616667,252.666666666667,8.96666666666667,-8.4,0.283333333333333,308,75.0233153245876,3.6941983857249,0.00628377870413755,0.661106210576976,1.02678010375656,1.16417160023767,1.20204278909719,1.2754415481477,1.73604858861403,1.78895203705987,1.8533540484181,1.78839092980545,1.82225019615616,1.54420756900066,1345.65332631833,0.623465449360309,0.315465449360309,2710,0.542465753424658
"CBT",1985,5,50847.7935987871,1.38709677419355,630.812899683871,252,14.0322580645161,-2.82258064516129,5.60483870967742,447.741935483871,111.867415704602,46.3945997461895,0.141604531924443,0.0584084289876638,0.454934007441247,0.767197258407338,0.917227571553112,0.99804004387747,1.06718377075142,1.46762932707633,1.52098941775561,1.62533041347498,1.65153778683181,1.78988789162725,1450.8696692729,0.909306536691325,0.461564601207454,2710,0.542465753424658
"CBT",1985,6,52784.6404947633,0.4,690.240000406667,191.066666666667,21.2333333333333,-0.233333333333333,10.5,446.666666666667,154.457182149142,77.3536621043869,-0.611994767049264,-0.374739300536762,-0.267925160988379,0.0913288991713637,0.372512075918147,0.541375334752084,0.612592442122831,0.66509708654942,1.06168101336411,1.07829047273691,1.18430227861328,1.24964970054668,1587.55200093533,1.26879260674328,0.822125940076618,2710,0.542465753424658
"CBT",1985,7,51929.1872479839,1.61290322580645,530.890318348387,90.7096774193548,22.3870967741935,4.11290322580645,13.25,544.516129032258,157.067093528408,95.148207397116,0.5615261715196,-0.0624537306745296,-0.0542532374430672,-0.0705777157268187,0.211339233644495,0.458633466224373,0.609592840959094,0.6686531587193,0.721763822212127,1.11206254597553,1.1493353101118,1.24997918306913,1221.04773220129,1.52135432697869,0.976838197946437,2710,0.542465753424658
"CBT",1985,8,48495.4838709677,0.290322580645161,537.496775964516,1.80645161290323,23.1451612903226,1.66129032258065,12.4032258064516,366.451612903226,148.836016317718,84.7586481094047,-1.74546377305536,-0.555430383455484,-0.762807956613956,-0.616259122260943,-0.53571484429028,-0.277524131304563,-0.0390965362537372,0.13322877933778,0.198197321055737,0.263842306244143,0.707783006297114,0.728343172918046,1236.24258471839,1.43925119185606,1.07279957895283,2710,0.542465753424658
"CBT",1985,9,43983.3600260433,3.9,365.440000916667,0.533333333333333,14.9,-1.88333333333333,6.50833333333333,468,84.586801265694,44.1764369242766,1.88284682312748,0.303133707435896,0.53017699847956,0.0812517526854592,-0.00978138515166288,-0.0337979901172691,0.195226096235432,0.440164128673004,0.598473548092119,0.641046865237504,0.691594112967153,1.11091480846324,840.512002108334,0.967926743422716,0.499926743422716,2710,0.542465753424658
"CBT",1985,10,39320.3612651161,1.67741935483871,355.716129425806,0,11.5161290322581,-5.70967741935484,2.90322580645161,409.032258064516,56.645753681443,21.2154536026943,0.135718829294172,1.43534385913474,0.377234380415423,0.540838124555223,0.12676086442086,0.00554277285368284,-0.0244004045516018,0.214121188680043,0.454268380395806,0.606639317513613,0.645316321346763,0.696202815417363,818.147097679354,0.752296915408672,0.343264657344156,2710,0.542465753424658
"CBT",1985,11,35412.4798177133,4.1,241.813333126667,17.8666666666667,2.21666666666667,-11.1666666666667,-4.475,281.333333333333,23.0890280709565,0,1.32029963540426,0.903279268635595,1.60725836616088,0.820532232707246,0.879985142319278,0.457746532107864,0.292311450827369,0.21636295609088,0.441025875635405,0.666868250876906,0.804518208612168,0.825785082805987,556.170666191334,0.438603914651248,0.157270581317915,2710,0.542465753424658
"CBT",1985,12,33592.31953128,1.13333333333333,331.199997966667,109.466666666667,-2.05,-20.5,-11.275,134.666666666667,11.6124779521414,0,0.7627714520759,1.54456555667269,1.14180555837683,1.71927507667045,0.905252957958898,0.956586571181945,0.528470406303126,0.381100322346221,0.298950558605426,0.519858272325283,0.744573461682143,0.878950425574211,761.759995323334,0.258766052665025,0.124099385998358,2710,0.542465753424658
"CBT",1986,1,34615.741809471,0.451612903225806,316.4903215,36.3870967741936,2.14516129032258,-17,-7.42741935483871,170.322580645161,20.7337146739466,0,-1.87322710653211,-0.792547231596019,0.133677915674218,0.147550515796062,1.33751628292961,0.318932718136989,0.526319833081387,0.158920913647174,0.100991684664465,0.0748334858629515,0.305789821036115,0.534723421672861,727.92773945,0.350107842693305,0.179785262048144,2710,0.542465753424658
"CBT",1986,2,37904.9143415179,6.03571428571429,302.514286310714,70,1.69642857142857,-12.0357142857143,-5.16964285714286,278.571428571429,26.0710408777037,0,0.148086637179214,-1.07677311975666,-0.458901672290582,0.249507788951137,0.24176497678865,1.22881086916394,0.345374433847753,0.544529664395393,0.21238618783401,0.156248393897299,0.123575042784787,0.344264852109112,695.782858514642,0.416163684996086,0.137592256424657,2710,0.542465753424658
"CBT",1986,3,42274.6838457677,1.2258064516129,510.761293470968,105.806451612903,7.93548387096774,-9.82258064516129,-0.943548387096774,298.064516129032,58.376759864812,0,-1.48962454915189,-1.18438350058211,-1.61154551117922,-1.16150263520698,-0.640398931838209,-0.527969551341163,0.381747861212816,-0.394066296980638,-0.0489909155166653,-0.210111067682187,-0.186406340996342,-0.168728423438631,1174.75097498323,0.570169436723001,0.272104920593969,2710,0.542465753424658
"CBT",1986,4,46932.4800781267,2.83333333333333,496.426667276667,113.333333333333,9.85,-5.75,2.05,409.333333333333,78.0516952427024,18.3848812861756,-0.274462458259538,-1.0614565505756,-0.869877781551698,-1.22204145754265,-0.927481862283045,-0.547651328013945,-0.472033401437058,0.227618208627188,-0.385285326360796,-0.123696970468922,-0.241015489765334,-0.172785906955386,1141.78133473633,0.707967554780163,0.29863422144683,2710,0.542465753424658
"CBT",1986,5,50847.7935987871,1.25806451612903,587.354837725806,105.806451612903,14.5483870967742,-2.80645161290323,5.87096774193548,459.354838709677,114.80530502741,48.1730859261602,-0.169228797731458,-0.280455387692183,-0.767079061624515,-0.682262611612755,-0.955677913539242,-0.789062565889177,-0.504945697288934,-0.447248263586094,0.0959492380222255,-0.419121152878922,-0.223305387355898,-0.330782342055656,1350.91612676935,0.926238321820914,0.466883483111238,2710,0.542465753424658
"CBT",1986,6,52784.6404947633,0.966666666666667,545.813331606667,34.2666666666667,20.8833333333333,2.98333333333333,11.9333333333333,592,148.186786683396,85.8114198874239,0.0860913872801498,-0.13934201740464,-0.194986585341424,-0.564658890101003,-0.513748263356791,-0.739327330934358,-0.598030194441257,-0.372324580300587,-0.340602738215183,0.0843052639414484,-0.335144403940713,-0.18998270477462,1255.37066269533,1.39539384760014,0.80339384760014,2710,0.542465753424658
"CBT",1986,7,51929.1872479839,2,433.135481312903,0,21.2258064516129,4.91935483870968,13.0725806451613,730.322580645161,147.522124951151,94.1137558476822,1.62967078897029,1.0713537894995,0.616566256624008,0.385186373682337,-0.0122820528829012,0.0141861877722199,-0.221100251757338,-0.104527672311114,0.0973430129281286,0.116529418401049,0.523479417774538,0.114091847221457,996.211607019677,1.50381866638349,0.77349608573833,2710,0.542465753424658
"CBT",1986,8,48495.4838709677,1.80645161290323,442.941932925806,0,22.3225806451613,4.66129032258065,13.491935483871,710.967741935484,139.811237945857,90.7432458987529,-0.195649997121185,1.02879236283986,0.787544021313269,0.431832869962058,0.248014646021538,-0.133920889140933,-0.109181292617755,-0.32416820342109,-0.21305507086513,-0.0264705466903194,-0.00873571163797372,0.401443750300266,1018.76644572935,1.5455562559884,0.834588514052919,2710,0.542465753424658
"CBT",1986,9,43983.3600260433,3.5,365.546665446667,0,14.6,0.416666666666667,7.50833333333333,620,80.9582309299217,49.6051586072526,2.15912165109575,1.51030421560907,1.71725313843761,1.53162422624584,1.21059685314633,0.917666195535457,0.46877795275881,0.480928475003131,0.223068045845331,0.319376478150998,0.497963747195217,0.49924971794508,840.757330527334,1.03667826463188,0.416678264631879,2710,0.542465753424658
"CBT",1986,10,39320.3612651161,2.19354838709677,365.31612863871,2.06451612903226,10.258064516129,-4.80645161290323,2.7258064516129,433.548387096774,52.5191128957319,20.1578836543714,0.970113675050284,1.82741364185804,1.59129462980793,1.79155305437534,1.6056811569416,1.3976331346461,1.09133511292132,0.646520083562954,0.652480862030748,0.395691664135981,0.483057454231559,0.652465764975161,840.227095869033,0.742881874369521,0.309333487272747,2710,0.542465753424658
"CBT",1986,11,35412.4798177133,2.36666666666667,294.506665803333,16,3.8,-10.2166666666667,-3.20833333333333,297.333333333333,25.8751907068905,0,0.281074565889712,0.920786509729774,1.75726914569603,1.5680191649652,1.75227129664294,1.57999232007138,1.41905326935122,1.13355795855587,0.706667111626891,0.70860388826186,0.45896054028774,0.537140701492138,677.365331347666,0.482306472914736,0.184973139581403,2710,0.542465753424658
"CBT",1986,12,33592.31953128,0.333333333333333,300.58666687,24,-0.333333333333333,-16.75,-8.54166666666667,173.333333333333,15.5425224779812,0,-0.813665909566432,-0.262601086120129,0.486329888231538,1.64885895002656,1.43905780772033,1.69058681327008,1.50295138035174,1.32281563804035,1.04680527969361,0.622578036712346,0.628832539516324,0.380619863133796,691.349333801,0.321087978198275,0.147754644864942,2710,0.542465753424658
"CBT",1987,1,34615.741809471,2.06451612903226,300.387098251613,92.5161290322581,-1.45161290322581,-18.1290322580645,-9.79032258064516,157.41935483871,14.9430838445909,0,0.170550354018152,-0.32885461028741,-0.139853931675579,0.494740372098788,1.7537191357941,1.46838025098807,1.7327382182502,1.4974839562251,1.29671099373795,1.03787753966636,0.649827836695433,0.662882020053031,690.89032597871,0.291129051868283,0.133709697029573,2710,0.542465753424658
"CBT",1987,2,37904.9143415179,1.78571428571429,391.885715485714,146.428571428571,1.76785714285714,-15.5357142857143,-6.88392857142857,197.142857142857,25.293435801868,0,-0.822751122081266,-0.344000159203101,-0.561849041978593,-0.343618633694811,0.178651552687389,1.39746355192941,1.19114937701107,1.55936187045865,1.34187338555438,1.14089263101196,0.923235175603989,0.561413389898615,901.337145617142,0.365091797857938,0.167948940715081,2710,0.542465753424658
"CBT",1987,3,42274.6838457677,2.2258064516129,505.806447677419,203.612903225806,4.46774193548387,-14.7258064516129,-5.12903225806452,205.161290322581,45.620856495562,0,0.445959709484754,0.0555629604621097,0.14438277749461,-0.043464891393541,0.0527137541331264,0.390825620679512,1.41338226101198,1.23285089770453,1.59957129604468,1.36246111701078,1.17586561075207,0.986068047431967,1163.35482965806,0.417446936175682,0.212285645853101,2710,0.542465753424658
"CBT",1987,4,46932.4800781267,0.933333333333333,625.173334756667,254.8,11.4833333333333,-6.98333333333333,2.25,332,85.7764684782542,19.8264420515659,-1.38721049715426,-0.697228136846461,-0.816509446754738,-0.649842939394451,-0.718546718139769,-0.618709085027328,-0.289812044421089,0.566910567685,0.46857665972807,0.986611045032437,0.916006624052245,0.779771770311667,1437.89866994033,0.718145513216893,0.386145513216893,2710,0.542465753424658
"CBT",1987,5,50847.7935987871,1.12903225806452,586.322581629032,217.032258064516,13.9838709677419,-1.33870967741935,6.32258064516129,437.41935483871,109.932315900512,51.1567931000655,0.305968446777849,-0.58922253701923,-0.290780516087674,-0.398610394287155,-0.339288843863701,-0.414827060170881,-0.341593944701908,-0.106938610857112,0.563325514195276,0.461630333737527,0.929519983741323,0.891033307782664,1348.54193774677,0.955609329664433,0.518189974825723,2710,0.542465753424658
"CBT",1987,6,52784.6404947633,0.866666666666667,643.2,137.6,21.5166666666667,2.61666666666667,12.0666666666667,398.666666666667,152.952655940623,86.5880908791874,-0.415630061176892,-0.147067684965982,-0.634903976773846,-0.403917477604337,-0.492689983831411,-0.446558815730685,-0.481079353631538,-0.418738928992393,-0.22999646095962,0.303012683110703,0.229749751355577,0.651307476381421,1479.36,1.40771733179448,1.00905066512782,2710,0.542465753424658
"CBT",1987,7,51929.1872479839,0.290322580645161,552.877420732258,25.8064516129032,23.7258064516129,4.61290322580645,14.1693548387097,349.677419354839,165.387124001473,100.467544769321,-0.534744657238476,-0.585028851790246,-0.338538810308543,-0.719037096828914,-0.55127080485656,-0.631631683437399,-0.593851560415675,-0.620823758837794,-0.552248592538789,-0.372533206646744,0.118427169730547,0.0374590856593997,1271.61806768419,1.61513177225725,1.26545435290241,2710,0.542465753424658
"CBT",1987,8,48495.4838709677,2.54838709677419,443.251617429032,0,21.3709677419355,4.79032258064516,13.0806451612903,525.161290322581,133.685873417903,88.4935396675752,0.817639531226427,0.047269066629875,-0.246921149033968,-0.153054310127705,-0.548690452301956,-0.417058362033155,-0.497651805113659,-0.467384816752274,-0.493327998412054,-0.438873152159263,-0.27893537439461,0.208755985322917,1019.47872008677,1.50461186858798,0.979450578265396,2710,0.542465753424658
"CBT",1987,9,43983.3600260433,0.3,458.23999939,0,18.8,-0.15,9.325,486.666666666667,100.295780603759,59.1340545961766,-0.749126805369594,0.101774623418822,-0.211238919913765,-0.417226354771897,-0.335483004381079,-0.682444941792312,-0.576961489767793,-0.65080684122109,-0.615462350175053,-0.635829599735285,-0.579473831203745,-0.417853623122762,1053.951998597,1.17267276561842,0.686006098951751,2710,0.542465753424658
"CBT",1987,10,39320.3612651161,1.61290322580645,322.374192516129,0,13.7096774193548,-3.08064516129032,5.31451612903226,461.935483870968,62.4387047776514,34.6404181529011,-0.990122221398756,-1.18211937205987,-0.346227122329516,-0.508015881056154,-0.62360035898943,-0.533452752379574,-0.827896607184319,-0.71163752944873,-0.770648103840211,-0.736043697715807,-0.748110219273174,-0.691213359881394,741.460642787097,0.89114804243317,0.429212558562202,2710,0.542465753424658
"CBT",1987,11,35412.4798177133,1.26666666666667,287.466665396667,4.53333333333333,4.21666666666667,-10.2166666666667,-3,305.333333333333,26.6318491877058,0,-0.143978524364084,-0.817121010973801,-0.963933729984334,-0.314547021289602,-0.472676100635092,-0.589177977399731,-0.512449887754274,-0.817489452453903,-0.700362674197985,-0.760000341983509,-0.722184087685772,-0.731168977251711,661.173330412334,0.48985334086711,0.184520007533777,2710,0.542465753424658
"CBT",1987,12,33592.31953128,1.66666666666667,256.533332323333,29.2,-1.7,-15.3333333333333,-8.51666666666667,205.333333333333,14.2020544248696,0,0.0659652435973345,-0.113076543730088,-0.761001936682197,-0.879419010761054,-0.32799002972943,-0.469431127777857,-0.580415989598377,-0.506136994030785,-0.809770317831897,-0.695746983997756,-0.758136840771183,-0.719477306314291,590.026664343666,0.321714837586413,0.11638150425308,2710,0.542465753424658
"CBT",1988,1,34615.741809471,3.83870967741935,309.264514554839,201.161290322581,-3.62903225806452,-18.1451612903226,-10.8870967741935,160,12.0322451014408,0,1.33559714291788,0.942608889671905,0.688726277940269,-0.117444400696186,-0.480501561163134,-0.00634617517911236,-0.243636997917928,-0.368992776533777,-0.288366213907613,-0.624644359413406,-0.509851206856202,-0.583249952487887,711.30838347613,0.266896083873199,0.106896083873199,2710,0.542465753424658
"CBT",1988,2,37980.2483836207,1.17241379310345,473.379308241379,276.275862068966,1.46551724137931,-16.6034482758621,-7.56896551724138,177.931034482759,24.2247763418096,0,-0.699119510097983,0.524684711098662,0.427273138004845,0.31913694698646,-0.247580375757945,-0.614957748804235,-0.170985225628502,-0.357628682963793,-0.434263665454282,-0.334187090950977,-0.661427945730497,-0.544689653469016,1088.77240895517,0.346296401695874,0.168365367213115,2710,0.542465753424658
"CBT",1988,3,42430.7612147194,1.51612903225806,528.722580448387,312.387096774194,3.19354838709677,-13.8548387096774,-5.33064516129032,224.516129032258,42.3118141088893,0,0.862991289953402,0.4190003014413,0.815154983679961,0.791005803210899,0.720789381583134,0.255909906561582,-0.160053838538005,0.175497252407422,-0.0687765190937549,-0.146370466954739,-0.0726056479378806,-0.42949571515992,1216.06193503129,0.411110633178629,0.186594504146371,2710,0.542465753424658
"CBT",1988,4,47070.7200520867,1.63333333333333,595.093336486667,326.666666666667,10.1166666666667,-5.86666666666667,2.125,344,79.3033508755241,18.9284530290616,-0.580843905098984,0.172014249712036,-0.000546495126738164,0.349946719345408,0.370185041193731,0.317301504682391,-0.012420176997434,-0.316940413136456,-0.0494570176664889,-0.24206925764516,-0.273382061706434,-0.147029035701295,1368.71467391933,0.711769216095748,0.367769216095748,2710,0.542465753424658
"CBT",1988,5,50948.1291582613,0.806451612903226,663.225808419355,298.064516129032,14.2741935483871,-1.59677419354839,6.33870967741935,338.064516129032,111.957040101224,51.2625928453796,0.0746562912037918,-0.283980476437969,0.108909856872972,0.00972955340216223,0.249794286838088,0.29186659406052,0.26793273122948,0.0128840261874237,-0.24221012974538,-0.0568632611664884,-0.239358673525969,-0.282939201115467,1525.41935936452,0.956673341413775,0.618608825284743,2710,0.542465753424658
"CBT",1988,6,52807.68046872,1.1,649.493333943333,204.133333333333,22.1833333333333,4.26666666666667,13.225,404,154.696241693596,93.2693862612604,-0.566608689827008,-0.387566193992215,-0.488661257167162,-0.163030671134273,-0.24085381113271,-0.0318486544759903,0.0250523175521664,0.00433577782872386,-0.184297457623811,-0.393820046447552,-0.24475840165058,-0.38988688981269,1493.83466806967,1.51887256109668,1.11487256109668,2710,0.542465753424658
"CBT",1988,7,51851.1485635097,1.03225806451613,568.877416796774,58.5806451612903,24.3548387096774,5.79032258064516,15.0725806451613,473.548387096774,167.602352122089,105.630317995215,-0.688491555814598,-0.777486311580813,-0.58003599964108,-0.656564113022419,-0.40212715636491,-0.471405970186594,-0.288407169872584,-0.237757622705005,-0.234216561198981,-0.375511790978415,-0.557194093016694,-0.432013929382667,1308.41805863258,1.71217300952755,1.23862462243078,2710,0.542465753424658
"CBT",1988,8,48361.703125,0.548387096774194,461.212901948387,0,23.1129032258065,6.12903225806452,14.6209677419355,572.903225806452,142.050496185484,96.8537719895655,-0.742207064437737,-0.849836447994449,-0.936272788115462,-0.773161106653326,-0.807717622266092,-0.597793294645684,-0.659585868693902,-0.490379623491534,-0.439090308946349,-0.437903184607988,-0.562770466152306,-0.71774546223165,1060.78967448129,1.66303068248619,1.09012745667973,2710,0.542465753424658
"CBT",1988,9,43822.0800781267,1.93333333333333,419.200001526667,0,17.7166666666667,-0.05,8.83333333333333,490.666666666667,95.3535377421461,56.592862209739,0.327166182640094,-0.312644508568566,-0.560627223564141,-0.754971737147785,-0.680292777804674,-0.739838023648595,-0.557830831176448,-0.619419481531175,-0.452060977509066,-0.404171853303808,-0.402316013224122,-0.519205831276488,964.160003511334,1.1343972322889,0.643730565622236,2710,0.542465753424658
"CBT",1988,10,39175.4322076581,0.387096774193548,349.006450529032,0,14.741935483871,-1.98387096774194,6.37903225806452,509.677419354839,65.1886529789863,40.1680689609092,-1.66637791154186,-0.791243513115064,-1.13495906397,-1.07613299448563,-1.11429973707399,-0.974819614155697,-0.984897646265912,-0.801002990425003,-0.845743388456993,-0.688447534576924,-0.633677658155414,-0.625006478598805,802.714836216774,0.959337951220048,0.449660531865209,2710,0.542465753424658
"CBT",1988,11,35308.7998697933,3.9,260.37333095,23.6,2.73333333333333,-10.6666666666667,-3.96666666666667,297.333333333333,23.984768320091,0,1.07580644715888,-0.652854155083005,-0.0958861464177941,-0.550165699229243,-0.734170837445038,-0.858129811545528,-0.791702332688264,-0.835457647766411,-0.645515108311671,-0.694291188929809,-0.529718217390392,-0.474497203418978,598.858661185,0.45570047767516,0.158367144341827,2710,0.542465753424658
"CBT",1988,12,33580.7994792,2.56666666666667,274.559999343333,79.8666666666667,-1.65,-16.6166666666667,-9.13333333333333,180,13.8918740635645,0,0.480540422865223,1.16646138684117,-0.47126030292491,-0.0156561650382296,-0.43517723002708,-0.63939490580102,-0.77908381425932,-0.741576333599458,-0.793746444263674,-0.606428524172469,-0.658938817100322,-0.492949752328781,631.487998489666,0.306566214944336,0.126566214944336,2710,0.542465753424658
"CBT",1989,1,34615.741809471,1.38709677419355,312.87742023871,92.9032258064516,-3.20967741935484,-19.1451612903226,-11.1774193548387,141.935483870968,12.077322572063,0,0.762073481990425,0.735723497904155,1.27852837754903,-0.115303330437131,0.101211650800406,-0.307961230444071,-0.540172822938032,-0.663271006654653,-0.615784258853478,-0.680970654526846,-0.490236258428972,-0.551150579908956,719.618066549033,0.26079017832638,0.118854694455412,2710,0.542465753424658
"CBT",1989,2,37904.9143415179,2.89285714285714,389.942856378571,168.857142857143,-0.660714285714286,-15.5714285714286,-8.11607142857143,201.428571428571,20.8292860768414,0,0.71164532385201,0.89446333505442,0.860716880951,1.21636427652485,0.23390810858237,0.28568861086582,-0.0722277728508506,-0.364667876697768,-0.50585481825537,-0.477816495778403,-0.56678732204224,-0.374526710034991,896.868569670713,0.331909235305165,0.130480663876594,2710,0.542465753424658
"CBT",1989,3,42274.6838457677,2.09677419354839,508.90322383871,231.870967741935,6.69354838709677,-8.48387096774194,-0.895161290322581,334.193548387097,54.123517254898,0,-0.874788856733936,-0.320877973792827,0.0612402587483351,0.212134683128095,0.562562169860029,-0.174829280154617,-0.128848523658525,-0.432809038002896,-0.607887349842195,-0.66800580867702,-0.597300137596932,-0.666093604231281,1170.47741482903,0.572192213799175,0.237998665412078,2710,0.542465753424658
"CBT",1989,4,46932.4800781267,1.36666666666667,606.079999796667,236.266666666667,11.3,-4.11666666666667,3.59166666666667,416,83.6179264360328,28.9701885001509,-1.11375067563742,-1.22517556479596,-0.854473784005422,-0.528175986482927,-0.363343576002029,-0.0757596729136625,-0.5760331898028,-0.521366179681496,-0.750693932027588,-0.867870057384313,-0.901272269647269,-0.788905599072412,1393.98399953233,0.789838243760199,0.373838243760199,2710,0.542465753424658
"CBT",1989,5,50847.7935987871,0.903225806451613,617.496773996774,200.516129032258,15.7258064516129,-0.67741935483871,7.5241935483871,436.129032258065,119.408682924086,58.9087908888872,-0.682997498609111,-1.01597182759099,-1.12051978583931,-0.930423216874904,-0.724911563158167,-0.606050793236188,-0.372647891155325,-0.729497631066712,-0.694788394263698,-0.881879070853973,-0.979974380191538,-1.0262962892611,1420.24258019258,1.03780253885875,0.601673506600682,2710,0.542465753424658
"CBT",1989,6,52784.6404947633,0.566666666666667,603.84000244,112.533333333333,19.8333333333333,2.38333333333333,11.1083333333333,370.666666666667,142.252574516409,80.9683684647977,0.652443819451593,-0.102755605518607,-0.489813449019769,-0.617436003681687,-0.483681450238291,-0.356113181074723,-0.249033644304121,-0.0721822628776336,-0.387375157136045,-0.37937464274537,-0.557922659951822,-0.702654244062107,1388.832005612,1.32123197061652,0.95056530394985,2710,0.542465753424658
"CBT",1989,7,51929.1872479839,2.16129032258065,487.948390341935,10.0645161290323,24.9516129032258,6.24193548387097,15.5967741935484,495.483870967742,170.939395058413,108.599615389929,-0.907828458302097,-0.128810537307972,-0.475208694919997,-0.732163759308774,-0.839349815386854,-0.741360285440282,-0.632856334550398,-0.541113718811197,-0.369185162380767,-0.616493399614386,-0.606312183234596,-0.761444463737438,1122.28129778645,1.7708085282132,1.27532465724546,2710,0.542465753424658
"CBT",1989,8,48495.4838709677,1.19354838709677,465.341935680645,0,21.4516129032258,4.59677419354839,13.0241935483871,663.225806451613,134.540322263876,88.1837205168561,0.511823376079824,-0.41390179861068,0.0118432849229008,-0.371669579295024,-0.630439114872316,-0.751011333037354,-0.665166875422541,-0.568277062216949,-0.481607293186132,-0.329692444291201,-0.567347372745996,-0.556000876774529,1070.28645206548,1.49906717123373,0.835841364782121,2710,0.542465753424658
"CBT",1989,9,43983.3600260433,1.26666666666667,426.133333333333,0,19.3333333333333,1.01666666666667,10.175,588,101.695474037127,63.4686714050355,-0.819514353784272,-0.186140612018229,-0.630504389213769,-0.206636986865176,-0.552483045391423,-0.77134934464438,-0.897001020357173,-0.81710983496509,-0.720694751107371,-0.636406740864383,-0.48949653709761,-0.698580734699235,980.106666666666,1.24153569061942,0.653535690619424,2710,0.542465753424658
"CBT",1989,10,39320.3612651161,0.935483870967742,351.793547109677,0.774193548387097,12.1129032258065,-4.74193548387097,3.68548387096774,443.870967741935,58.1496357019432,25.7438552995353,-0.302490126170295,-0.707070180272762,-0.250449821739006,-0.677161652112945,-0.251995250638092,-0.606083998960047,-0.812000798303946,-0.922862950212662,-0.83577970025346,-0.743676055123505,-0.656995965139512,-0.511882602458074,809.125158352257,0.795080458146753,0.351209490404818,2710,0.542465753424658
"CBT",1989,11,35412.4798177133,1.4,311.040001933333,10.1333333333333,5.91666666666667,-9.86666666666667,-1.975,292,29.7782635713848,0,-0.770416345371135,-0.74271151428405,-0.94485535202056,-0.507877238127544,-0.851882130312362,-0.357466469724545,-0.694691705609879,-0.885002644278145,-0.991573400404922,-0.90446899313277,-0.808166332665192,-0.716521252075971,715.392004446666,0.528532889359284,0.236532889359284,2710,0.542465753424658
"CBT",1989,12,33592.31953128,0.833333333333333,278.293334706667,53.2,-0.833333333333333,-15.8666666666667,-8.35,186.666666666667,15.181184321685,0,-0.542980805686328,-0.915278379603845,-0.890694478901045,-1.03500624802549,-0.652713271203276,-0.934658737287865,-0.445157476816523,-0.749633149280524,-0.926632426894277,-1.03156558253701,-0.948467115151515,-0.851536983699929,640.074669825334,0.325921820894478,0.139255154227811,2710,0.542465753424658
"CBT",1990,1,34615.741809471,1.09677419354839,316.903225806452,100.774193548387,-1.24193548387097,-16.9677419354839,-9.10483870967742,171.612903225806,15.75233315385,0,-0.348010442949546,-0.490598749866338,-0.910477419167702,-0.932271868879912,-1.13471313477825,-0.816501006425973,-1.01425070329023,-0.527198596796609,-0.757619914044997,-0.925221868311236,-1.02982642822645,-0.95253216927294,728.87741935484,0.307251938972713,0.135639035746907,2710,0.542465753424658
"CBT",1990,2,37904.9143415179,2,407.085715153571,150.571428571429,1.26785714285714,-14.8392857142857,-6.78571428571429,200,24.6228985882271,0,-0.580710114532721,-0.50842542464133,-0.565812510756437,-0.879621578141505,-0.897718983571591,-1.14354098044794,-0.88266073004644,-1.07791382945002,-0.572455171881971,-0.783942004829467,-0.951644714466143,-1.05549271469265,936.297144853213,0.367859603863897,0.167859603863897,2710,0.542465753424658
"CBT",1990,3,42274.6838457677,1.54838709677419,492.180646341935,199.741935483871,6.40322580645161,-8.01612903225806,-0.806451612903226,329.032258064516,53.0313887687102,0,-0.801114116947843,-0.826192303113696,-0.750221032429039,-0.751405736022747,-1.0002797796351,-0.980695621081203,-1.22613065359054,-1.02781685014491,-1.16174309189557,-0.707352130234266,-0.868949471794926,-1.02416847445543,1132.01548658645,0.57591718133935,0.246884923274834,2710,0.542465753424658
"CBT",1990,4,46932.4800781267,2.96666666666667,530.026667276667,188.933333333333,10.2333333333333,-3.98333333333333,3.125,416,78.5459663042981,25.8782630890915,-0.320206733908688,-0.591825264521274,-0.649383597154375,-0.629727678433955,-0.646166429844641,-0.839071270586564,-0.839856379822653,-1.08584406894868,-0.932410337489581,-1.09067315274628,-0.700101847327769,-0.841774042245167,1219.06133473633,0.764214182556006,0.348214182556007,2710,0.542465753424658
"CBT",1990,5,50847.7935987871,0.870967741935484,646.709673483871,180.903225806452,14.241935483871,-2.37096774193548,5.93548387096774,432.258064516129,112.630629017644,48.6019163721137,0.0132847630732134,-0.188805043494754,-0.387221108028556,-0.445628776212918,-0.468371227787298,-0.49958131068148,-0.647219549285716,-0.666103647254858,-0.896707988480781,-0.786304319245471,-0.965105636374055,-0.666606826827557,1487.4322490129,0.930384718279833,0.498126653763704,2710,0.542465753424658
"CBT",1990,6,52784.6404947633,0.533333333333333,616.959999593333,99.2,22.9833333333333,3.25,13.1166666666667,521.333333333333,161.782765605001,92.6493531367209,-1.26763437035349,-0.867549103269165,-0.757463394615264,-0.83487250091449,-0.879635080443265,-0.879458003358035,-0.87483773090364,-0.963047024002331,-0.958416851805959,-1.11636993063455,-1.04212790367284,-1.16388490010164,1419.00799906467,1.50815933230809,0.986825998974756,2710,0.542465753424658
"CBT",1990,7,51929.1872479839,2.54838709677419,440.980646932258,2.96774193548387,22.5645161290323,5.90322580645161,14.2338709677419,796.129032258065,154.727757251409,100.838335939897,0.933058547191407,-0.333241696698434,-0.301400330559301,-0.364201733473816,-0.485554237082449,-0.538727669614995,-0.560217099107158,-0.561856528637572,-0.638794603103883,-0.655553204463023,-0.832866201337817,-0.767577510398933,1014.25548794419,1.62189936799861,0.825770335740549,2710,0.542465753424658
"CBT",1990,8,48495.4838709677,1.09677419354839,461.212901948387,0,22.0967741935484,4.54838709677419,13.3225806451613,680,138.609387375279,89.8184894397923,-0.118482294219459,0.564763028799971,-0.392221629083901,-0.387361857990247,-0.428767593662763,-0.552349517924248,-0.6027578909465,-0.619976809130442,-0.617187000330832,-0.690659868434986,-0.708907553864423,-0.864590157310138,1060.78967448129,1.52857966884024,0.84857966884024,2710,0.542465753424658
"CBT",1990,9,43983.3600260433,2.2,398.506664533333,0,20.2,3.16666666666667,11.6833333333333,694.666666666667,103.355766964778,70.9970281221498,-0.936514460125903,-0.724692896413021,0.142926384225137,-0.608051798700145,-0.593740163660867,-0.606122637941326,-0.734689447011598,-0.779382822448121,-0.787190401810335,-0.779356462305753,-0.839958107947791,-0.846834991233864,916.565328426666,1.37254301590015,0.677876349233487,2710,0.542465753424658
"CBT",1990,10,39320.3612651161,2.09677419354839,360.877417290323,4.90322580645161,11.4516129032258,-4.29032258064516,3.58064516129032,454.193548387097,55.9228670909246,25.1483953314591,0.353309591614735,-0.335812741277274,-0.399581458205748,0.253517203287701,-0.469432592592691,-0.523870661368356,-0.552312709670054,-0.67198815462316,-0.708255778703606,-0.721828157753353,-0.712727363667053,-0.776094325779319,830.018059767743,0.789224408555112,0.335030860168015,2710,0.542465753424658
"CBT",1990,11,35412.4798177133,2.2,291.306668086667,33.0666666666667,4.88333333333333,-9.48333333333333,-2.3,310.666666666667,27.8269746566687,0,-0.202064763572264,0.101539767365854,-0.338444394553221,-0.389363275603604,0.278157003183215,-0.442628933087723,-0.512434505129015,-0.544911636817564,-0.667520317320136,-0.703950663659131,-0.714686400825184,-0.702010072911065,670.005336599334,0.515985041667463,0.205318375000796,2710,0.542465753424658
"CBT",1990,12,33592.31953128,1.6,280.533334856667,64,-3.36666666666667,-18.6333333333333,-11,160,11.008476648702,0,1.10318595342356,0.442074013398287,0.512170408481504,-0.05137306887571,-0.13352666781138,0.428539050067817,-0.292126034362062,-0.389106888019536,-0.43904205412659,-0.57375261972142,-0.615091274432971,-0.628274646766172,645.226670170334,0.264506590091639,0.104506590091639,2710,0.542465753424658
"CBT",1991,1,34615.741809471,0.903225806451613,337.238707512903,127.870967741935,-2.85483870967742,-19.4193548387097,-11.1370967741935,139.354838709677,12.3883556689506,0,0.555904540995669,0.916678394510304,0.624057321472455,0.692065410227134,-0.00413393871447228,-0.0833594712052463,0.429534075183824,-0.244634344974172,-0.294499126531799,-0.346454944249749,-0.480228947383954,-0.529032751360103,775.649027279677,0.261630705983902,0.122275867274225,2710,0.542465753424658
"CBT",1991,2,37904.9143415179,1.03571428571429,421.942856378571,141.714285714286,3.19642857142857,-14.9642857142857,-5.88392857142857,188.571428571429,28.2861046570696,0,-1.74132252245507,-0.780406155225687,-0.116496664393157,-0.194148376318682,-0.0248589828492255,-0.525345211794246,-0.547901062539746,0.0681732686591335,-0.495711711827937,-0.491198408035439,-0.515033902125556,-0.63581031801623,970.468569670713,0.394159118973443,0.205587690402014,2710,0.542465753424658
"CBT",1991,3,42274.6838457677,4.67741935483871,473.703227870968,255.096774193548,3.37096774193548,-12.2903225806452,-4.45967741935484,246.451612903226,43.3866496482831,0,1.18474428753341,0.16968114795352,0.360324503168707,0.621837807689111,0.53080704870835,0.562289170186182,0.05712351709215,-0.0167106530729639,0.410252895164594,-0.118680732677828,-0.152561658175492,-0.21754852397733,1089.51742410323,0.439110799109706,0.19265918620648,2710,0.542465753424658
"CBT",1991,4,46932.4800781267,2.26666666666667,570.45333252,327.866666666667,7.45,-8.23333333333333,-0.391666666666667,328,68.633462673857,0,0.835338532446615,1.17972772751346,0.651162038723011,0.689801770867983,0.858096098037154,0.792482594876943,0.785059506272495,0.430923657010249,0.360252584347073,0.636791040135228,0.159866517066065,0.144321674148389,1312.042664796,0.593621250680428,0.265621250680428,2710,0.542465753424658
"CBT",1991,5,50847.7935987871,0.709677419354839,679.329031667742,332.387096774194,14.3064516129032,-2,6.15322580645161,494.193548387097,112.610631502224,50.0427837308233,-0.00101898148524505,0.391877445321179,0.745632313190818,0.423605173795556,0.475370477344458,0.650842827015619,0.612372479248656,0.617090129241032,0.327819170413873,0.246334552538963,0.496650833448103,0.0777790381155986,1562.45677283581,0.944500168145451,0.450306619758354,2710,0.542465753424658
"CBT",1991,6,52784.6404947633,1.4,644.159999593333,247.2,19.3833333333333,2.71666666666667,11.05,553.333333333333,138.742513470091,80.6234064083156,1.06766831048709,0.6024729049411,0.755651239908048,0.967265112128181,0.705910183170104,0.733428220028232,0.874076220439142,0.826664213518961,0.825747780496629,0.598235798959651,0.546064125304913,0.738717141392479,1481.56799906467,1.31612211994539,0.762788786612054,2710,0.542465753424658
"CBT",1991,7,51929.1872479839,2.16129032258065,556.800001574194,116.258064516129,22.6451612903226,4.95161290322581,13.7983870967742,605.161290322581,157.281222741988,98.3292436677288,0.600052569537725,1.08877405157713,0.710020777605373,0.815410481916818,1.02632224270306,0.781426267070957,0.804160843300416,0.931440440338733,0.884281401710872,0.898022138092428,0.705649960995725,0.647798690278882,1280.64000362065,1.57669753327021,0.971536242947633,2710,0.542465753424658
"CBT",1991,8,48495.4838709677,0.870967741935484,495.1741904,6.32258064516129,22.1290322580645,5.08064516129032,13.6048387096774,718.709677419355,137.859486445019,91.3585301957721,-0.0366360309327545,0.375150940134542,0.863719404586262,0.571798100348691,0.711246281338898,0.949846474461698,0.694795017985821,0.725953551824205,0.85269743502898,0.804642195438127,0.823799015897395,0.622055220899048,1138.90063792,1.55696586398618,0.838256186566824,2710,0.542465753424658
"CBT",1991,9,43983.3600260433,1.36666666666667,408.95999959,0,18.0666666666667,1.16666666666667,9.61666666666667,608,95.7340237775441,60.6295226963126,0.177175681316111,0.0778187232738527,0.420481597287619,0.84018121794675,0.585748579569119,0.721313811860617,0.963745830403544,0.701006785586492,0.730596560959232,0.845924880851066,0.795511466173076,0.815621523751942,940.607999057,1.19591274537217,0.587912745372165,2710,0.542465753424658
"CBT",1991,10,39320.3612651161,1.87096774193548,339.200002116129,1.54838709677419,13.5322580645161,-3.74193548387097,4.89516129032258,441.290322580645,62.1830075313457,32.4068140724004,-0.895790163810654,-0.29541994190979,-0.317342478883479,0.127517379058015,0.580993904835838,0.353222394475556,0.51805963106561,0.766632623335089,0.519542303169139,0.557291683785492,0.671938759369954,0.632842557697731,780.160004867097,0.865485085761035,0.42419476318039,2710,0.542465753424658
"CBT",1991,11,35412.4798177133,3.56666666666667,268.373333233333,56.5333333333333,1.88333333333333,-10.95,-4.53333333333333,286.666666666667,22.5106399348609,0,1.33019630583086,0.130350870306457,0.356097075376347,0.274610719935151,0.529804061178905,0.861746757811255,0.636135786819389,0.754519166458534,0.978680308876823,0.731356248411826,0.758903679027582,0.852050859545853,617.258666436666,0.436678952134294,0.150012285467627,2710,0.542465753424658
"CBT",1991,12,33592.31953128,0.4,324.266664633333,100.4,-0.75,-16.65,-8.7,169.333333333333,15.034401900803,0,-0.634755346262483,0.733926955907998,-0.179495964897409,0.110122060570304,0.0537085454052221,0.392737111079041,0.759933851662088,0.551155175050387,0.68707685437266,0.916764919645872,0.671086800925257,0.701532265303877,745.813328656666,0.317143061667122,0.147809728333789,2710,0.542465753424658
"CBT",1992,1,34615.741809471,0.516129032258065,338.064513916129,133.41935483871,-1.04838709677419,-17.8387096774194,-9.44354838709677,158.709677419355,15.6427176252009,0,-0.486615945203687,-0.622336279354191,0.291692164837861,-0.358827043828252,-0.171617429872631,-0.192089072593225,0.191374423836814,0.62487438957478,0.46915662757909,0.620898537518092,0.855479429229436,0.630911957157137,777.548382007097,0.299188588991533,0.140478911572178,2710,0.542465753424658
"CBT",1992,2,37980.2483836207,1.55172413793103,396.137931037931,159.172413793103,2.17241379310345,-13.7931034482759,-5.81034482758621,215.172413793103,26.6852805145065,0,-1.2442415001879,-1.06606427452061,-0.978938356485165,-0.201731166751553,-0.630180695136039,-0.50786066698975,-0.49296809542922,-0.051068700210861,0.445437967941667,0.312203194751702,0.47804444558428,0.704979133769731,911.117241387241,0.396377129457421,0.181204715664318,2710,0.542465753424658
"CBT",1992,3,42430.7612147194,2.61290322580645,478.967739967742,209.161290322581,6.2741935483871,-9.37096774193548,-1.54838709677419,296.774193548387,52.827797573821,0,-0.622949074410947,-0.973006741031871,-0.923791036536309,-0.923135921516798,-0.404944445402346,-0.695799374148063,-0.658014182930222,-0.661595274947467,-0.25473350608429,0.290739040333395,0.202098962206334,0.378135984031162,1101.62580192581,0.545414742384855,0.248640548836468,2710,0.542465753424658
"CBT",1992,4,47070.7200520867,1.33333333333333,589.119999186667,218.533333333333,12.1833333333333,-3.7,4.24166666666667,394.666666666667,87.4530147319186,33.153683747347,-1.51437622021029,-1.39770219761962,-1.59012540019747,-1.4957967421469,-1.4162551425654,-1.01885979941631,-1.14261127282899,-1.09202376782936,-1.09677508862907,-0.731197819894593,-0.183992588188215,-0.168121767966341,1354.97599812933,0.826795330833183,0.432128664166516,2710,0.542465753424658
"CBT",1992,5,50948.1291582613,1.93548387096774,560.722579464516,162.58064516129,15.5322580645161,0.209677419354839,7.87096774193548,520,116.988682794366,61.1009712750007,-0.324888939905355,-1.03987714581813,-1.05016197342667,-1.2258199595032,-1.20956214693614,-1.21265403778821,-0.932509698590724,-1.0378376815485,-1.01964089743724,-1.02909990650046,-0.770104372913517,-0.328958021632083,1289.66193276839,1.06265467426617,0.542654674266168,2710,0.542465753424658
"CBT",1992,6,52807.68046872,0.566666666666667,596.693336993333,72.6666666666667,19.0166666666667,2.35,10.6833333333333,530.666666666667,136.979177077057,78.4470957782229,1.15200042022164,0.45990349713491,-0.269058651746042,-0.350168573648822,-0.50441006610265,-0.54130056600456,-0.553054118545412,-0.3267044566432,-0.474127841457747,-0.49298420715339,-0.529540188956223,-0.361512647129538,1372.39467508467,1.28439972527707,0.753733058610404,2710,0.542465753424658
"CBT",1992,7,51851.1485635097,1.93548387096774,459.04516306129,1.03225806451613,20.5967741935484,4.32258064516129,12.4596774193548,645.161290322581,144.450325554799,90.5194657211883,1.91589113424902,1.85245924940857,1.19751306647822,0.441625345389435,0.288678783218432,0.128427150644059,0.0589272452790336,0.0347175158181095,0.234046685379509,0.084483809708703,0.0651191910629733,0.0157240738332868,1055.80387504097,1.44460084127423,0.799439550951645,2710,0.542465753424658
"CBT",1992,8,48361.703125,2.67741935483871,418.993551929032,0,20.8387096774194,4.48387096774194,12.6612903225806,763.870967741935,130.969409295856,86.1859029219883,1.17470720781075,1.86337156969748,2.06701488863184,1.4828795060751,0.684451706542229,0.504124973185593,0.337175088566984,0.260852215017772,0.228733496832221,0.413045303820297,0.250685865084207,0.243717630064609,963.685169436773,1.46384982218376,0.69997885444182,2710,0.542465753424658
"CBT",1992,9,43822.0800781267,0.933333333333333,429.759999593333,0,18.3833333333333,0.95,9.66666666666667,633.333333333333,97.4102107336007,60.8850212942989,-0.16720131378499,0.746401093938918,1.44867799415852,1.70900732834409,1.34230440679735,0.614581565376853,0.43353028121304,0.265803385943917,0.192923436402213,0.15632462843384,0.33947313693604,0.18933406653747,988.447999064666,1.19993724748457,0.566603914151232,2710,0.542465753424658
"CBT",1992,10,39175.4322076581,1.29032258064516,333.109675254839,0,14.0645161290323,-2.54838709677419,5.75806451612903,510.967741935484,63.2997410552306,36.9669083321325,-1.20160340299918,-0.830080553948929,0.149315545677785,1.07039198273105,1.34906056631968,1.02280550079007,0.350316226023115,0.198868519366933,0.0519128123513302,-0.00891867424168928,-0.0345937131216285,0.147240697042278,766.15225308613,0.919021410394256,0.408053668458772,2710,0.542465753424658
"CBT",1992,11,35308.7998697933,2.03333333333333,297.706665036667,42.9333333333333,-0.383333333333333,-13.7166666666667,-7.05,225.333333333333,18.5923428418876,0,1.8357833368064,0.231209654018359,0.225274983970746,0.810806333771925,1.398217470374,1.57336785550603,1.35204230461316,0.678389192375873,0.509698326729756,0.35107014437321,0.280373721177682,0.242345154756777,684.725329584334,0.360453824576086,0.135120491242753,2710,0.542465753424658
"CBT",1992,12,33580.7994792,1.93333333333333,272.213333636667,81.2,-3.16666666666667,-16.9166666666667,-10.0416666666667,182.666666666667,11.9197181188,0,0.922071082859801,2.09365285878551,0.555844306221419,0.394296721222151,0.927597780589257,1.49305770425694,1.65690451123494,1.45951333230318,0.779749864832396,0.60611028762173,0.442429932335903,0.367344557880858,626.090667364334,0.28540893418857,0.102742267521903,2710,0.542465753424658
"CBT",1993,1,34615.741809471,3.51612903225806,306.787094606452,193.935483870968,-1.53225806451613,-15.0806451612903,-8.30645161290323,197.41935483871,15.9636849955193,0,0.29257279515888,0.666371374366559,1.70909066822988,0.609932928298946,0.353647032860461,0.927254239661381,1.52266841371308,1.67772726330983,1.44316686216399,0.80096998698417,0.648411831962779,0.495431087619931,705.61031759484,0.327029104365389,0.129609749526679,2710,0.542465753424658
"CBT",1993,2,37904.9143415179,6.25,334.857142310714,303.571428571429,-1.14285714285714,-13.2142857142857,-7.17857142857143,231.428571428571,20.5558694306587,0,1.53199247711615,1.12753680167416,1.18485546410991,1.75043391626855,1.07303126090139,0.779735231821725,1.2378126468191,1.69825748487883,1.77414370775413,1.57252210660281,0.992595942721824,0.844943993489714,770.171427314642,0.356899220508961,0.12547064908039,2710,0.542465753424658
"CBT",1993,3,42274.6838457677,2.74193548387097,565.264516522581,405.161290322581,4.91935483870968,-11.741935483871,-3.41129032258065,268.387096774194,48.2672081418691,0,0.100049025288291,0.860683456888316,0.796578759114757,0.954106407817733,1.44933705205958,0.917528389127514,0.730452764618623,1.15943273432484,1.66332528916064,1.70422329054238,1.49243925982195,0.988661462319933,1300.10838800194,0.475053865326468,0.206666768552274,2710,0.542465753424658
"CBT",1993,4,46932.4800781267,3.13333333333333,566.506669106667,458.933333333333,7.35,-7.7,-0.175,354.666666666667,68.0701810159522,0,1.00041348587197,0.810851538061014,1.09826890154421,1.02424311378597,1.14428899289102,1.47683795933974,1.09689560099408,0.995281986573119,1.30847543325507,1.74288641009265,1.75136964803578,1.54051672215735,1302.96533894533,0.6030597083793,0.248393041712633,2710,0.542465753424658
"CBT",1993,5,50847.7935987871,1.58064516129032,650.529034029032,451.741935483871,13.9516129032258,-1.69354838709677,6.12903225806452,530.322580645161,110.19218882272,49.8831694027513,0.324443832280265,0.681560312620329,0.645727158451897,0.89903989302612,0.872563620950077,1.0194764543834,1.30173585562882,0.992009316508099,0.917753187775326,1.18910401399492,1.66532587846967,1.75667909362425,1496.21677826677,0.942922496433881,0.41259991578872,2710,0.542465753424658
"CBT",1993,6,52784.6404947633,0.866666666666667,688.853336586667,370.933333333333,18.8,1.51666666666667,10.1583333333333,564,136.919213921238,75.306191092118,1.18418575756524,0.890417346628032,1.02063388879594,0.938518077220854,1.11518085546189,1.0882510386411,1.19441818514552,1.39479231457104,1.15620888122746,1.10719895103057,1.35090302123007,1.78270498466845,1584.36267414933,1.24015191677599,0.676151916775991,2710,0.542465753424658
"CBT",1993,7,51929.1872479839,0.870967741935484,653.419351887097,254.58064516129,21.9838709677419,4.19354838709677,13.0887096774194,507.096774193548,154.16868600923,94.2079060977797,0.807858117253848,1.27800390806937,1.01436469900985,1.12024190604458,1.06061695819163,1.235561089756,1.20857661753222,1.30362393400247,1.4863511392306,1.25910334281001,1.23866883152177,1.47608967804016,1502.86450934032,1.50540543870679,0.99830866451324,2710,0.542465753424658
"CBT",1993,8,48495.4838709677,1.83870967741935,512.412901848387,117.41935483871,20.3225806451613,4.7258064516129,12.5241935483871,572.903225806452,127.32248090699,85.4283659540582,1.48731323913274,1.36011780975919,1.67833052946738,1.42766187362516,1.47774728093083,1.40172490980451,1.58087868368968,1.53850311212803,1.61696628480673,1.81301783622561,1.55752511586418,1.55933931092069,1178.54967425129,1.45073614158582,0.877832915779364,2710,0.542465753424658
"CBT",1993,9,43983.3600260433,1.56666666666667,468.053330486667,10.5333333333333,17.3166666666667,0.166666666666667,8.74166666666667,528,93.3616592787721,56.1161589049305,0.574953638859868,1.37773932559362,1.29575440201056,1.59470466456483,1.49445489440935,1.55286991681323,1.52366974087963,1.70300820610348,1.64748852596016,1.7049566710341,1.89528566635743,1.61708799900613,1076.52266011933,1.12738428907379,0.59938428907379,2710,0.542465753424658
"CBT",1993,10,39320.3612651161,2.74193548387097,306.580647619355,0,10.6451612903226,-4.09677419354839,3.2741935483871,459.354838709677,53.3418134825,23.3884179347227,0.925054628093618,0.984390901424492,1.48504664882297,1.42396392133923,1.64989077990506,1.66080435448621,1.70945667461286,1.64925582699824,1.78300426820777,1.73641170292695,1.7731109239967,1.94300487037511,705.135489524516,0.772324989045513,0.312970150335836,2710,0.542465753424658
"CBT",1993,11,35412.4798177133,3.2,303.0399999,49.6,1.2,-13.4666666666667,-6.13333333333333,225.333333333333,21.1625884907741,0,1.54256485080815,1.62941102138212,1.31247555125734,1.71243912532516,1.62215273120294,1.77207236834733,1.85826696627422,1.88937988491667,1.82862896018363,1.93389235963497,1.87421171174574,1.87590505562515,696.99199977,0.386723275916704,0.161389942583371,2710,0.542465753424658
"CBT",1993,12,33592.31953128,1,304.106667583333,111.866666666667,-1.88333333333333,-17.6833333333333,-9.78333333333333,162.666666666667,13.2028767962213,0,0.180342883072813,1.41005054682488,1.64943479024845,1.30658459050543,1.75088961288274,1.64763546785547,1.79766224943927,1.88541049252821,1.90835140499533,1.85657607234041,1.97072797401155,1.9049785913449,699.445335441666,0.291289562919447,0.12862289625278,2710,0.542465753424658
"CBT",1994,1,34615.741809471,0.67741935483871,326.296775077419,104.258064516129,-1.2258064516129,-17.3064516129032,-9.26612903225806,169.032258064516,15.6335853635081,0,-0.436526588622118,-0.162956288732712,0.835323542412267,1.26248555449293,1.17962470707549,1.71789593093326,1.60218135564511,1.7525847929474,1.7606729135425,1.77596532594779,1.7430709527654,1.88951539648646,750.482582678064,0.303388425762953,0.134356167698437,2710,0.542465753424658
"CBT",1994,2,37904.9143415179,3.35714285714286,383.199999667857,170.142857142857,-0.928571428571429,-16.1071428571429,-8.51785714285714,187.142857142857,20.1436088932358,0,0.994310815593121,0.448573608101535,0.40762439444265,1.04867972428592,1.29359297000427,1.30484365644711,1.76897731973831,1.68077753123722,1.77053909459325,1.76612710006859,1.78495264548435,1.75291077695169,881.359999236071,0.321684962448775,0.134542105305918,2710,0.542465753424658
"CBT",1994,3,42274.6838457677,1.09677419354839,531.303220690323,213.677419354839,6.87096774193548,-10.4193548387097,-1.7741935483871,270.967741935484,54.7642891203457,0,-1.08705998324738,-0.381486260827977,-0.409844312143875,-0.271345325548755,0.288949921836095,0.571073025471397,0.68738492926429,1.27881441285038,1.32599561503761,1.48315514373725,1.44153581575366,1.49690451761879,1221.99740758774,0.536420489175938,0.265452747240454,2710,0.542465753424658
"CBT",1994,4,46932.4800781267,2.93333333333333,539.94666748,256.666666666667,9.33333333333333,-5.56666666666667,1.88333333333333,385.333333333333,75.6399636234531,17.1631800945024,0.0469369528529927,-0.529955356903717,-0.127560161709629,-0.19518810395836,-0.117088007119604,0.278927287164232,0.48270165849,0.589285096296721,1.07024459558388,1.18130991842326,1.37089072149093,1.32579638488161,1241.877335204,0.699583747050501,0.314250413717168,2710,0.542465753424658
"CBT",1994,5,50847.7935987871,0.645161290322581,660.232256490323,233.548387096774,16.2741935483871,-0.403225806451613,7.93548387096774,460.645161290323,122.358012803922,61.506783111878,-1.01026106129671,-0.637144650985743,-0.880675476502924,-0.625721797099688,-0.648692460453475,-0.573411529108683,-0.242529879015938,-0.0289018982366871,0.0532929849276542,0.464065230850973,0.651810204690775,0.991994467784552,1518.53418992774,1.06733583582275,0.606690674532429,2710,0.542465753424658
"CBT",1994,6,52784.6404947633,0.4,629.75999451,133.066666666667,23.1833333333333,4.25,13.7166666666667,532,161.544874997967,96.0714573967992,-1.2588625609255,-1.36420120911996,-1.04216945229663,-1.17222227662521,-1.00302038551478,-1.00722238492825,-0.926391812512914,-0.660735651711421,-0.46722958422999,-0.405098390197591,-0.0709954112086542,0.123149315369114,1448.447987373,1.5683397338289,1.0363397338289,2710,0.542465753424658
"CBT",1994,7,51929.1872479839,0,554.21935346129,13.6774193548387,24.8548387096774,5.58064516129032,15.2177419354839,374.193548387097,171.52995328299,106.454512467014,-1.1618605475271,-1.49432088008965,-1.46543441555156,-1.21986467585792,-1.3361766361541,-1.2214731140857,-1.21949024436217,-1.15228978977266,-0.933825813987888,-0.761229535645754,-0.704094440672394,-0.422350091189608,1274.70451296097,1.72823729779306,1.35404374940596,2710,0.542465753424658
"CBT",1994,8,48495.4838709677,0.741935483870968,460.077418174194,0,23.5322580645161,6.59677419354839,15.0645161290323,352.258064516129,143.788610650672,99.2296317804671,-0.976496254833921,-1.27781905112627,-1.51979248047914,-1.50955677341856,-1.31343885521601,-1.4120329197527,-1.32368286466685,-1.32166347289942,-1.25788386371998,-1.07744998729574,-0.932699561197923,-0.880757278207444,1058.17806180065,1.71128440682355,1.35902634230742,2710,0.542465753424658
"CBT",1994,9,43983.3600260433,2.2,410.1333313,0,18.5666666666667,1.98333333333333,10.275,445.333333333333,97.1100077868173,63.9740244111358,0.0897319198752821,-0.647021970936034,-1.07511677118497,-1.44691124042898,-1.47083999314129,-1.28734349400662,-1.39091759636281,-1.30320101926563,-1.29984087500455,-1.23528602818507,-1.05992648165381,-0.916895888954402,943.30666199,1.24986694259798,0.804533609264651,2710,0.542465753424658
"CBT",1994,10,39320.3612651161,1.70967741935484,322.374192267742,0.258064516129032,10.5967741935484,-3.80645161290323,3.39516129032258,463.225806451613,53.0281125648028,24.0867151020796,0.804238407792568,0.658681049414293,-0.0841267718459275,-0.741484350418646,-1.20322244285086,-1.33468000108872,-1.17261055307592,-1.28718606682961,-1.18856998586802,-1.19188843338459,-1.12471878232324,-0.944706002281948,741.460642215807,0.778957159331707,0.315731352880094,2710,0.542465753424658
"CBT",1994,11,35412.4798177133,3.2,268.799998983333,24.8,2.01666666666667,-10.9333333333333,-4.45833333333333,281.333333333333,22.7405653111198,0,1.19812943447721,1.3308379515071,0.975583193565374,0.41742918031285,-0.337606547771541,-0.931804626326084,-1.17798794974412,-1.02662151180813,-1.15876725206134,-1.04943167342604,-1.05548343621633,-0.983732425888459,618.239997661666,0.439155287488869,0.157821954155536,2710,0.542465753424658
"CBT",1994,12,33592.31953128,1.2,296.320000456667,81.3333333333333,0.166666666666667,-14.7166666666667,-7.275,210.666666666667,16.8235797005087,0,-0.938048986384616,0.416442358471503,0.85163025415745,0.692170134761758,0.118770093925764,-0.532043313865821,-1.04318842556004,-1.2540809310795,-1.09799433878917,-1.22425898991157,-1.1207776282468,-1.12379124902224,681.536001050334,0.35425377406647,0.143587107399803,2710,0.542465753424658
"CBT",1995,1,34615.741809471,2.06451612903226,302.554838854839,107.096774193548,-1.35483870967742,-15.4354838709677,-8.39516129032258,197.41935483871,16.1221668697353,0,-0.171939269868549,-0.60857193264927,0.213374994627974,0.667829955881097,0.530953893876414,-0.0418632531242268,-0.631019082658223,-1.04137484708467,-1.22928616643881,-1.08061108194667,-1.21088728532117,-1.11152307272557,695.87612936613,0.324777053793149,0.127357698954439,2710,0.542465753424658
"CBT",1995,2,37904.9143415179,4.35714285714286,410.171429225,200.428571428571,4.26785714285714,-10.8928571428571,-3.3125,274.285714285714,31.4214963926109,0,-1.69993059382451,-1.22680403615943,-1.20420477203072,-0.475431740545246,-0.0255660642286837,-0.0475541245255784,-0.496945051475227,-0.940981708932593,-1.26762697796413,-1.38969036213482,-1.22201663586989,-1.34315452214861,943.3942872175,0.478571914787194,0.20428620050148,2710,0.542465753424658
"CBT",1995,3,42274.6838457677,4.2258064516129,503.638712235484,290.193548387097,5.25806451612903,-10.1774193548387,-2.45967741935484,303.225806451613,49.5302624980354,0,0.135750898265296,-0.616578412282667,-0.512861668285396,-0.65950064165615,-0.201710957709877,0.105407166649524,0.033458651271471,-0.377798846409168,-0.789242596436862,-1.11731626022879,-1.28395134394944,-1.13557901120794,1158.36903814161,0.509917560785392,0.206691754333779,2710,0.542465753424658
"CBT",1995,4,46932.4800781267,3.2,544.746665446667,340.8,7.51666666666667,-7.25,0.133333333333333,361.333333333333,68.6059506482582,2.00475803546707,0.946922150471808,0.792630090816989,0.278194191017385,0.218577237532473,0.0599665611536341,0.352333629108398,0.511090596416879,0.461477529488738,0.115413460784267,-0.370264061946955,-0.715328221957082,-0.955555026258243,1252.91733052733,0.616720820535052,0.255387487201719,2710,0.542465753424658
"CBT",1995,5,50847.7935987871,4.87096774193548,549.574196106452,356,10.8870967741935,-2.2741935483871,4.30645161290323,523.870967741935,93.3692617406957,37.4683137979466,1.82299050406681,1.70916753151204,1.48597871560548,1.17261979797039,1.07199041183648,1.014196504933,1.19498687636072,1.24735654121417,1.25183659079824,0.979507001452275,0.464497364313096,0.0528128279789163,1264.02065104484,0.830561328922072,0.306690361180137,2710,0.542465753424658
"CBT",1995,6,52784.6404947633,1.83333333333333,674.453331503333,284.933333333333,18.3833333333333,1.4,9.89166666666667,648,134.431154284261,73.6991133560811,1.48015869433066,2.17732839935617,1.91661015251108,1.68523797136026,1.4332815553257,1.34658952544986,1.28820953925219,1.40356049814645,1.44679624444153,1.47265124965692,1.28619373094003,0.859697816480592,1551.24266245767,1.21819562472476,0.570195624724756,2710,0.542465753424658
"CBT",1995,7,51929.1872479839,1.61290322580645,577.548387096774,168.258064516129,21.6129032258065,4.45161290322581,13.0322580645161,824.516129032258,151.14187104918,93.8782840418252,1.22091203943119,1.6853855067396,2.16500097357155,2.07959692049164,1.90106947381905,1.66139270179786,1.57465200777453,1.5037412239813,1.59233100003454,1.62734198694091,1.68599516235047,1.5224754830813,1328.36129032258,1.49985816899822,0.67534203996596,2710,0.542465753424658
"CBT",1995,8,48495.4838709677,0.806451612903226,492.800000590323,30.7096774193548,23.8225806451613,6.66129032258065,15.241935483871,887.741935483871,145.525429007928,100.176256000979,-1.22173858015103,0.205366738847664,1.01525335608411,1.80581550060773,1.77418325839231,1.6782825572808,1.41494514669606,1.32783453648001,1.23527537017354,1.36287061152492,1.43008668847193,1.46967526203624,1133.44000135774,1.73092750699966,0.843185571515785,2710,0.542465753424658
"CBT",1995,9,43983.3600260433,2,404.79999949,0,18.05,1.78333333333333,9.91666666666667,632,94.9507919344488,62.1587980091546,0.400069827416639,-0.61559096581987,0.375462413728354,1.02999641733904,1.7899914301991,1.79164694928796,1.7687461470455,1.49022268796376,1.39232613677732,1.27901406889184,1.40198516901405,1.45777509703726,931.039998827,1.22023937046963,0.588239370469634,2710,0.542465753424658
"CBT",1995,10,39320.3612651161,0.774193548387097,370.167742822581,1.03225806451613,12,-4.88709677419355,3.55645161290323,414.193548387097,57.8556998207391,25.0105161528063,-0.276520993091132,0.2718165257078,-0.627177102746778,0.276680937396061,0.902195900532182,1.68017040103765,1.70927193104981,1.65677478092981,1.37536958557097,1.29485080507251,1.18389294715793,1.30518877841507,851.385808491936,0.787878445761311,0.373684897374214,2710,0.542465753424658
"CBT",1995,11,35412.4798177133,2.1,288.746666976667,11.8666666666667,6.26666666666667,-8.45,-1.09166666666667,333.333333333333,30.359467099115,0,-0.747649433855268,-0.710968868799978,-0.094369986902029,-0.862146629751221,0.147730984990346,0.779261276729185,1.493787918867,1.54364983727493,1.50452802084861,1.24530248705916,1.17016829643658,1.05931166058084,664.117334046334,0.564016871557398,0.230683538224065,2710,0.542465753424658
"CBT",1995,12,33592.31953128,1.26666666666667,281.813332876667,42.6666666666667,1.03333333333333,-13.8,-6.38333333333333,236,18.218176296879,0,-1.30943714370378,-1.25051610088817,-1.12377972181595,-0.546920814497621,-1.16985634850016,-0.134956917213183,0.575681720241667,1.3310444448629,1.39991829724621,1.37226934466139,1.11901941738692,1.04732319420736,648.170665616334,0.379395172179602,0.143395172179602,2710,0.542465753424658
"CBT",1996,1,34615.741809471,4.80645161290323,298.425808080645,279.612903225806,-2.38709677419355,-15.6451612903226,-9.01612903225806,193.548387096774,14.6112305805544,0,0.978387924281694,-0.0907259321412779,-0.614295083730513,-0.688551970462646,-0.318334827295284,-0.920226101155916,-0.0239027451559795,0.664773501195904,1.41946064819656,1.46695272885055,1.45135461076934,1.23134018816453,686.379358585483,0.309395494732862,0.115847107636088,2710,0.542465753424658
"CBT",1996,2,37980.2483836207,4.03448275862069,456.827585682759,376.827586206897,1.5,-13.8620689655172,-6.18103448275862,227.586206896552,25.3668126367492,0,-0.217860067412087,0.54109974298272,-0.109386135832356,-0.482307297498433,-0.565450521764641,-0.346609641764152,-0.889921222816312,-0.0511762304086656,0.637885629861959,1.32522189190932,1.3840524032742,1.37049178888194,1050.70344707035,0.385315397834447,0.157729190937895,2710,0.542465753424658
"CBT",1996,3,42430.7612147194,2.09677419354839,553.703225906452,439.612903225806,4.75806451612903,-11.741935483871,-3.49193548387097,259.354838709677,47.7638004415236,0,0.0771706398514339,0.0438025547232042,0.417620410554623,0.0623443355621814,-0.236782010434396,-0.332326461853067,-0.243167393936822,-0.720550173335575,-0.0345616665661173,0.643290304282931,1.27040818020698,1.33475858139397,1273.51741958484,0.472199041297581,0.212844202587904,2710,0.542465753424658
"CBT",1996,4,47070.7200520867,2.4,578.026665243333,477.866666666667,8.93333333333333,-6.45,1.24166666666667,386.666666666667,74.3514963982396,12.2429583864855,0.143773207842602,0.244197574361797,0.192403157179319,0.407615466056357,0.1660543270317,-0.0549495414595849,-0.150835542326025,-0.0909492387507288,-0.499804152895752,0.0251418809304714,0.635212540406712,1.20117338050345,1329.46133005967,0.668121293576513,0.281454626909846,2710,0.542465753424658
"CBT",1996,5,50948.1291582613,0.838709677419355,657.961290912903,453.290322580645,16.7096774193548,0.338709677419355,8.5241935483871,541.935483870968,124.001775606593,65.1817430368346,-1.15485939642333,-0.679948975020241,-0.493076204296374,-0.480774656289307,-0.266681592794683,-0.425757386400806,-0.57013539550511,-0.592106295441528,-0.545078490436683,-0.858877463318312,-0.430154212266685,0.163690500062145,1513.31096909968,1.11089931161346,0.568963827742492,2710,0.542465753424658
"CBT",1996,6,52807.68046872,1.6,651.093336993333,355.466666666667,20.9833333333333,3.41666666666667,12.2,504,148.117134190221,87.3631407486406,0.159208057623713,-0.680753232495657,-0.453459082645881,-0.329800018975955,-0.334706087684534,-0.181083790527973,-0.284732902313297,-0.398027811683388,-0.434092385754329,-0.409685583839863,-0.683821230958424,-0.34709834527664,1497.51467508467,1.42013649581703,0.916136495817033,2710,0.542465753424658
"CBT",1996,7,51851.1485635097,0.870967741935484,645.780643587097,206.58064516129,24.7903225806452,6.64516129032258,15.7177419354839,516.129032258065,168.950570256749,109.282138721662,-0.839923127921706,-0.412571902945883,-0.854143751378675,-0.681266253621462,-0.58927173175428,-0.59864142248302,-0.465284934686,-0.549314499046499,-0.623265873728477,-0.636917190929655,-0.613340004039226,-0.849976290038008,1485.29548025032,1.78458750103761,1.26845846877955,2710,0.542465753424658
"CBT",1996,8,48361.703125,0.354838709677419,551.432257867742,54.1935483870968,23.7096774193548,5.40322580645161,14.5564516129032,531.612903225806,147.184275551193,96.5070653044662,-1.51706819763164,-1.29826200905297,-0.924950702530921,-1.15799227601864,-0.976458591192441,-0.903940574343384,-0.913322656371482,-0.792425982794281,-0.851867734342709,-0.910771018869758,-0.9170217381963,-0.891695751274458,1268.29419309581,1.65611248424529,1.12449958101948,2710,0.542465753424658
"CBT",1996,9,43822.0800781267,1.66666666666667,385.173331706667,0,16.3833333333333,0.866666666666667,8.625,538.666666666667,88.4143014779198,55.5080755961694,1.25030412112244,-0.164299720078467,-0.571464675148534,-0.409951563619819,-0.856961592532323,-0.721667754749355,-0.680080912649909,-0.690582940226658,-0.569771807188485,-0.638226068759467,-0.703082598216336,-0.711254533944674,885.898662925334,1.11851404982761,0.579847383160943,2710,0.542465753424658
"CBT",1996,10,39175.4322076581,3.80645161290323,352.309678603226,20.5161290322581,11.258064516129,-5.03225806451613,3.11290322580645,420.645161290323,55.6440495816354,22.4496997373492,0.714486774316728,1.25550275745613,0.271670710485946,-0.285210546983143,-0.18135696116471,-0.718445097218744,-0.60850977150443,-0.559966278960594,-0.562279115359294,-0.446241599789123,-0.517153680408768,-0.586380199166768,810.31226078742,0.763559866499509,0.342914705209186,2710,0.542465753424658
"CBT",1996,11,35308.7998697933,2.6,297.813332873333,93.2,4.46666666666667,-9.16666666666667,-2.35,313.333333333333,27.0200281412305,0,0.0700216694795298,0.570902770931006,1.15560931862235,0.337240653745425,-0.182068759861814,-0.0916963602296174,-0.668345315036095,-0.565052840569968,-0.519199850089871,-0.52206840654156,-0.4026795880801,-0.472570924642079,684.970665608666,0.514078266148585,0.200744932815252,2710,0.542465753424658
"CBT",1996,12,33580.7994792,4.23333333333333,257.280000306667,172.4,-3.08333333333333,-15.2666666666667,-9.175,212,12.4735010578615,0,1.44896370816699,0.917935726563776,1.13317395618571,1.38576640816694,0.603968079901258,0.0638250857661199,0.0994353359205741,-0.505729748250819,-0.422802325115845,-0.385590194445062,-0.393421029025535,-0.274101430834841,591.744000705334,0.305565958887388,0.0935659588873881,2710,0.542465753424658
"CBT",1997,1,34615.741809471,4.09677419354839,313.393549270968,193.161290322581,-2.04838709677419,-14.8870967741935,-8.46774193548387,202.58064516129,15.2759494242612,0,0.636554201498623,1.14282611612033,1.02603412239779,1.26785689554117,1.54959216686641,0.676932979087113,0.0875415596063803,0.14151680861377,-0.398214986612057,-0.32051676413869,-0.280522173509857,-0.294394634074723,720.805163323226,0.322944748346152,0.120364103184862,2710,0.542465753424658
"CBT",1997,2,37904.9143415179,1.60714285714286,452.000004357143,283.714285714286,-0.589285714285714,-16.7321428571429,-8.66071428571429,175.714285714286,20.4538958107723,0,0.473719792907964,0.703500017215718,1.03536109335143,0.97633037245088,1.1361410072417,1.50064110665071,0.747192094704115,0.190796795843528,0.246608937297142,-0.289162985949406,-0.227563643284092,-0.19058572344239,1039.60001002143,0.31811782832285,0.142403542608564,2710,0.542465753424658
"CBT",1997,3,42274.6838457677,0.903225806451613,566.812905587097,313.677419354839,6.56451612903226,-11.0483870967742,-2.24193548387097,277.41935483871,53.6595536547424,0,-0.971038811081963,-0.522932345144881,-0.146531319922757,0.291283514068671,0.299552503954975,0.496502554383019,0.941471250324101,0.240930884170879,-0.162880114866722,0.00094212742154858,-0.44568038073604,-0.364452467773494,1303.66968285032,0.518207240282734,0.240787885444024,2710,0.542465753424658
"CBT",1997,4,46932.4800781267,3,534.08000488,344.533333333333,7.03333333333333,-7.18333333333333,-0.075,357.333333333333,66.5341578372131,0,1.15638175319532,0.355434390149678,0.463957247655822,0.550237557876886,0.790271695819883,0.785858765788238,0.871667933547788,1.20738694335633,0.695988336845531,0.267259676876523,0.362291867441467,-0.0363434295215048,1228.384011224,0.607460633856566,0.250127300523233,2710,0.542465753424658
"CBT",1997,5,50847.7935987871,2.41935483870968,624.103232103226,316.516129032258,14.7096774193548,-0.532258064516129,7.08870967741935,485.161290322581,113.124870112197,56.128499733493,0.11918443939565,0.639995234606886,0.246886360060767,0.347034783631189,0.419141610863091,0.644953035897809,0.656355034567228,0.7330385160172,1.01502667738077,0.575719275097209,0.212788532575463,0.302331980491718,1435.43743383742,1.0073205264826,0.522159236160017,2710,0.542465753424658
"CBT",1997,6,52784.6404947633,1.06666666666667,658.026662193333,216.4,20.65,3.3,11.975,636,146.09685779469,86.0543050088025,0.313234251077476,0.18371204654345,0.588843861683833,0.292890452726683,0.362519006260513,0.422970733178013,0.617612445353767,0.613511557444655,0.684621660245926,0.910941204054136,0.561306772631595,0.251621795181266,1513.46132304467,1.39923469635266,0.763234696352663,2710,0.542465753424658
"CBT",1997,7,51929.1872479839,0.838709677419355,549.058064122581,89.4193548387097,23.1935483870968,5.54838709677419,14.3709677419355,718.709677419355,159.912139598113,101.625214570134,0.141001330725978,0.315563820604456,0.198479086525461,0.512065976715652,0.260291218981805,0.322419026573385,0.377069677695545,0.556347879088114,0.561396200307557,0.651035125384228,0.882323600706782,0.53741097492913,1262.83354748194,1.63636329893933,0.917653621519976,2710,0.542465753424658
"CBT",1997,8,48495.4838709677,1.80645161290323,445.316128145161,0.129032258064516,21.3870967741935,5.75806451612903,13.5725806451613,778.064516129032,131.860503056705,91.1828335453656,0.958552443088291,0.608565110800682,0.585240284318693,0.40492959268471,0.684247964335362,0.411494078484805,0.469647439089723,0.521128517707027,0.69273515126427,0.688377530935832,0.773367646843161,1.03116826517906,1024.22709473387,1.55369844482529,0.775633928696262,2710,0.542465753424658
"CBT",1997,9,43983.3600260433,2.63333333333333,371.306667073333,0,18.6833333333333,3.33333333333333,11.0083333333333,724,95.8695375018325,67.6522230633361,0.355863899985216,0.88241279887528,0.66866627108731,0.665116701350638,0.478852011883393,0.738686318286177,0.458947279982156,0.513929346227252,0.562805298892808,0.72286171623335,0.715492736701377,0.799927901316954,854.005334268666,1.31248289009333,0.588482890093325,2710,0.542465753424658
"CBT",1997,10,39320.3612651161,2.09677419354839,368.412905293548,8,11.7258064516129,-4.91935483870968,3.40322580645161,440,57.0276533932968,24.1330993009929,0.14293980353579,0.470042989473964,0.848334281012182,0.669344750176274,0.663095301283368,0.484072225935978,0.739002501670678,0.472186941979048,0.526059553945452,0.573623729295799,0.724380092712993,0.720094702184177,847.34968217516,0.779401090927485,0.339401090927485,2710,0.542465753424658
"CBT",1997,11,35412.4798177133,2.73333333333333,291.94666977,54.9333333333333,3.15,-10.6166666666667,-3.73333333333333,286.666666666667,24.7207635860823,0,0.637066082859076,0.474002335866703,0.650788229898853,1.00808973445392,0.850445665033086,0.812530870682037,0.634363622642778,0.855633679363173,0.590734738569542,0.637073749759991,0.678683000176599,0.811308819853398,671.477340471,0.463744478947801,0.177077812281134,2710,0.542465753424658
"CBT",1997,12,33592.31953128,1.23333333333333,304.320000713333,122.933333333333,-2.03333333333333,-16.8,-9.41666666666667,173.333333333333,13.3476303754333,0,0.210804904014818,0.628896888998385,0.487846394045679,0.622822669006002,0.991325001660329,0.851105750957394,0.812215737268523,0.655067712299651,0.879568031387536,0.613630152475057,0.659957533991161,0.700668477878673,699.936001640666,0.299821580329322,0.126488246995989,2710,0.542465753424658
"CBT",1998,1,34615.741809471,2.51612903225806,289.858062748387,115.354838709677,-1.06451612903226,-15.2096774193548,-8.13709677419355,200,16.602457031782,0,-0.18036895207763,0.00895183063161788,0.370271191034966,0.3452392274882,0.452284937658306,0.882490769302196,0.732530283882016,0.722783450639936,0.610499489869664,0.839255412738277,0.601206151386252,0.653897998243977,666.67354432129,0.331367113975452,0.131367113975452,2710,0.542465753424658
"CBT",1998,2,37904.9143415179,2,384.571429664286,175.857142857143,-0.410714285714286,-14.75,-7.58035714285714,204.285714285714,21.5562425265159,0,0.281003378241463,0.140532863326429,0.186042675949288,0.469492139403492,0.433992576525852,0.467791311144001,0.884589483281444,0.763255015717022,0.761522485550373,0.65398340335732,0.863138821556857,0.639136046126727,884.514288227858,0.345991268981013,0.141705554695299,2710,0.542465753424658
"CBT",1998,3,42274.6838457677,1.83870967741935,514.890323267742,226.838709677419,4.29032258064516,-11.8225806451613,-3.76612903225806,269.677419354839,46.2956719372727,0,0.273284798419399,0.399866111060014,0.300883958977464,0.357320149030186,0.552080764987589,0.506539219906127,0.529531293156935,0.881109569712156,0.771658743573553,0.799942358271027,0.711814182803351,0.902379405396034,1184.24774351581,0.462606304059257,0.192928884704418,2710,0.542465753424658
"CBT",1998,4,46932.4800781267,2.5,563.41333618,262.8,7.9,-7.31666666666667,0.291666666666667,338.666666666667,70.2583377992638,3.78206378258983,0.669187904423139,0.679881221482497,0.686765348573637,0.576311481795493,0.609852082805172,0.735207841040527,0.679306733907265,0.715104638591421,0.981115779454138,0.886143260069279,0.903618999144119,0.847179949232628,1295.850673214,0.623842061286784,0.285175394620117,2710,0.542465753424658
"CBT",1998,5,50847.7935987871,0.193548387096774,677.367748625806,246.838709677419,15.8709677419355,-1.14516129032258,7.36290322580645,430.967741935484,120.84447094589,57.8826964404621,-0.902913371642715,-0.257601023369348,-0.0649771042545,0.0222274653519529,-0.0096594296770106,0.053551185727039,0.185592486730258,0.179927584705311,0.202451638408455,0.425355086079475,0.405686699432383,0.516787335000405,1557.94582183935,1.02641926670071,0.595451524765228,2710,0.542465753424658
"CBT",1998,6,52784.6404947633,0.8,618.239997356667,166.266666666667,18.6666666666667,1.66666666666667,10.1666666666667,434.666666666667,135.832762248375,75.3562827416097,1.27398078010484,0.187078840384508,0.394906750269452,0.457214671841848,0.491306991384188,0.441112008952865,0.50264055771519,0.582732415233157,0.558766217632859,0.574127128253832,0.767793437852101,0.733266840936533,1421.95199392033,1.24084363371581,0.806176967049143,2710,0.542465753424658
"CBT",1998,7,51929.1872479839,2.29032258064516,487.019354051613,36.3870967741936,24.0322580645161,7.67741935483871,15.8548387096774,601.290322580645,161.055343690576,110.054465754957,0.176835734599899,1.00504129331675,0.216183250004576,0.357165200789453,0.420645251187569,0.453188388924827,0.404535646936346,0.456550361845132,0.541969748954314,0.541354271137693,0.570695960055934,0.744554173838903,1120.14451431871,1.80031736546183,1.19902704288118,2710,0.542465753424658
"CBT",1998,8,48495.4838709677,0.935483870967742,474.012904996774,0,23.1774193548387,5.7741935483871,14.4758064516129,654.193548387097,143.149692748073,96.0732729854811,-0.851048947871924,-0.325880273114651,0.47456504799324,-0.133070380055338,0.0617369627879355,0.134767181960578,0.172687780121862,0.138805895930707,0.191887932378377,0.28018337100537,0.287271133337018,0.316779590085795,1090.22968149258,1.6475003001103,0.993306751723201,2710,0.542465753424658
"CBT",1998,9,43983.3600260433,0.633333333333333,426.98666687,0,21.4666666666667,3.58333333333333,12.525,682.666666666667,108.9264510791,75.1170475558716,-1.98441666432205,-1.91038847381094,-1.06175891585919,-0.210050432671562,-0.633989025092863,-0.392983551424311,-0.327576987428895,-0.287789188031665,-0.300031261029288,-0.243037533429283,-0.148277289718937,-0.118186656347552,982.069333801,1.45081297768167,0.768146311015006,2710,0.542465753424658
"CBT",1998,10,39320.3612651161,3,311.019357990323,1.16129032258065,11.2258064516129,-3.04838709677419,4.08870967741935,495.483870967742,54.5174470709361,28.0052137357065,0.770073832722693,-1.02775513845739,-1.36887725734221,-0.740538940671629,0.0238686829194545,-0.479298439001418,-0.264529312218946,-0.189629248781141,-0.142842035031614,-0.162906747611859,-0.107928806724846,-0.0151722771295861,715.344523377743,0.817963698565754,0.322479827598012,2710,0.542465753424658
"CBT",1998,11,35412.4798177133,2.46666666666667,297.706668346667,39.0666666666667,4.4,-8.83333333333333,-2.21666666666667,322.666666666667,26.8504317277887,0,0.0783460204049348,0.622984204636795,-0.735947003189204,-1.19851949390172,-0.654147918913978,0.111929731991856,-0.420244368720273,-0.214543789348587,-0.144258972301971,-0.0990238092281388,-0.117485236122214,-0.0630310503956243,684.725337197334,0.519176958897981,0.196510292231314,2710,0.542465753424658
"CBT",1998,12,33592.31953128,0.5,292.586665346667,60.6666666666667,0.466666666666667,-14.7333333333333,-7.13333333333333,210.666666666667,17.2304539229633,0,-1.25048467978887,-0.669777052153393,-0.0126389955262145,-1.08709394614276,-1.42319551575071,-0.898489646114641,-0.101126026943301,-0.56981176935755,-0.344366329240798,-0.272514844505161,-0.227703976707298,-0.240085476694488,672.949330297334,0.358146341374528,0.147479674707861,2710,0.542465753424658
"CBT",1999,1,34615.741809471,3.06451612903226,289.03225806129,85.9354838709677,0.0806451612903226,-13.4032258064516,-6.66129032258065,225.806451612903,18.6854241852778,0,-0.631209509873746,-1.05268555440476,-0.832325438883435,-0.2722864069231,-1.24665334259758,-1.53740804536867,-1.03376087467628,-0.249725316051671,-0.618115730076494,-0.38376432726413,-0.304827919468583,-0.264393810119872,664.774193540967,0.371392832173741,0.145586380560838,2710,0.542465753424658
"CBT",1999,2,37904.9143415179,1.71428571428571,411.428571428571,162.857142857143,2,-13.9107142857143,-5.95535714285714,218.571428571429,26.3172430830089,0,-1.11038331442964,-1.05928043770182,-1.22913149915303,-1.01907599974819,-0.513468300670843,-1.36119081225031,-1.67223436661522,-1.19545842507068,-0.384832993209952,-0.711757576065104,-0.470404880274664,-0.388967283040131,946.285714285713,0.392016636699377,0.173445208127948,2710,0.542465753424658
"CBT",1999,3,42274.6838457677,0.774193548387097,518.812904603226,200.645161290323,8.04838709677419,-7.95161290322581,0.0483870967741935,332.903225806452,58.6725523365476,0.819835965756217,-1.56815199410045,-1.75282273477179,-1.67368896348491,-1.70948938471635,-1.56535960768384,-1.10998573877691,-1.67913735826791,-1.86358309753731,-1.49480874242256,-0.791138595970535,-1.00187670718011,-0.743139312937523,1193.26968058742,0.612930047221447,0.280026821414995,2710,0.542465753424658
"CBT",1999,4,46932.4800781267,4.3,493.546663413333,223.333333333333,7.3,-6.7,0.3,376,67.4220762777853,3.86945568711349,1.20105500443952,-0.0504863010859518,-0.322064024051903,-0.411530705821749,-0.600945427509244,-0.559858198072155,-0.300839453261137,-0.974024373081562,-1.20337493527155,-0.960379067718607,-0.32546813795389,-0.579702940211563,1135.15732585067,0.624218874920789,0.248218874920789,2710,0.542465753424658
"CBT",1999,5,50847.7935987871,2.25806451612903,637.109680174193,231.354838709677,12.9838709677419,-2.29032258064516,5.34677419354839,485.161290322581,105.318647189902,44.6546915322373,0.825662465318752,1.1023428054708,0.397215725772678,0.209145578592589,0.0929082796236607,-0.058480777208784,-0.0322908391861952,0.12256590324681,-0.469032318194548,-0.701180634946827,-0.587794677388703,-0.0696309892899007,1465.35226440064,0.893149695335595,0.407988405013014,2710,0.542465753424658
"CBT",1999,6,52784.6404947633,1,605.973337806667,155.333333333333,19.95,2.06666666666667,11.0083333333333,645.333333333333,143.509858072326,80.376794134356,0.570138001797916,0.834205632150845,1.05959927154984,0.50854665669309,0.350288937116699,0.2511929705732,0.151099087923709,0.161272324476996,0.272358111982815,-0.218285988739304,-0.425018254697049,-0.3699187441533,1393.73867695533,1.31248289009333,0.667149556759992,2710,0.542465753424658
"CBT",1999,7,51929.1872479839,3.38709677419355,428.903226790323,26.4516129032258,22.7741935483871,7.32258064516129,15.0483870967742,978.064516129032,152.793701626433,105.492806654539,1.23387431720113,1.12257474159725,1.15216142378877,1.30182071488839,0.800492216770243,0.648131201852512,0.54083482254743,0.439134983091088,0.45014715584067,0.555786757891941,0.117370190999719,-0.0925280333838763,986.477421617743,1.70950841635784,0.731443900228812,2710,0.542465753424658
"CBT",1999,8,48495.4838709677,2.67741935483871,408.2580655,0,20.9838709677419,6.38709677419355,13.6854838709677,939.354838709677,127.89019717783,91.7974277491783,1.51554217234139,1.63081345515589,1.55650099984282,1.58052087907188,1.67513306617633,1.13958346785536,0.9740056130069,0.852557214219942,0.734225566039968,0.72966521856697,0.822555817762264,0.393390204999215,938.99355065,1.5651608538631,0.625806015153425,2710,0.542465753424658
"CBT",1999,9,43983.3600260433,1.86666666666667,410.88000183,0,17.1333333333333,0.716666666666667,8.925,656,91.9747281309757,57.0686309942933,0.817123348417888,1.52037934476553,1.56129548000113,1.57050090776854,1.70551301725556,1.80192382145531,1.31644988854514,1.13903748484778,1.0050422733225,0.867981726763274,0.856347273160134,0.942258494839962,945.024004209,1.14144862432684,0.485448624326839,2710,0.542465753424658
"CBT",1999,10,39320.3612651161,1.19354838709677,377.496775474194,0.774193548387097,14.758064516129,-4.67741935483871,5.04032258064516,440,66.3803397661578,33.183932096614,-1.72681556399055,-0.378022826007807,0.677888014215804,1.04118391637634,1.08746676096979,1.25164064809963,1.41872566000245,0.932316787931008,0.768316899461408,0.659829012644036,0.539268754355429,0.542641341034537,868.242583590646,0.874293472546098,0.434293472546098,2710,0.542465753424658
"CBT",1999,11,35412.4798177133,0.433333333333333,315.840001933333,11.3333333333333,9.8,-8.16666666666667,0.816666666666667,345.333333333333,37.3759262855748,6.64876416173589,-2.02182327434714,-2.27503626790648,-1.67219228412102,-0.326314415881995,0.469710869310256,0.603122270946961,0.742323219982681,0.963931444080765,0.516770452661924,0.375398328585876,0.287986060801387,0.186733996607764,726.432004446666,0.647979164383763,0.30264583105043,2710,0.542465753424658
"CBT",1999,12,33592.31953128,1.26666666666667,266.77333349,43.0666666666667,-0.8,-15.3333333333333,-8.06666666666667,193.333333333333,15.3741252613626,0,-0.464783996349207,-1.87100741155606,-2.12788457409986,-1.58147558252579,-0.470890728300556,0.359853951955235,0.515677021581179,0.68007077827614,0.915991435726825,0.470138395402143,0.329448328287597,0.243984462563187,613.578667027,0.333186205305273,0.13985287197194,2710,0.542465753424658
"CBT",2000,1,34615.741809471,3.32258064516129,287.483871951613,146.58064516129,-0.596774193548387,-13.3064516129032,-6.95161290322581,245.161290322581,17.6682371697061,0,-0.25669355619911,-0.393669488421253,-1.71861913861941,-2.06782658400798,-1.53405540756764,-0.628528793358205,0.201640013732626,0.409404511249292,0.624053490476834,0.864860071215971,0.455228908404786,0.323037532991737,661.21290548871,0.36319516629393,0.118033875971349,2710,0.542465753424658
"CBT",2000,2,37980.2483836207,3.58620689655172,385.1034467,218.896551724138,2.24137931034483,-12.0172413793103,-4.88793103448276,252.413793103448,27.1586499908196,0,-0.840144897477334,-0.62747005923976,-0.617060204827414,-1.7478395160992,-2.11190216549242,-1.54280730673701,-0.776785139131851,0.0443283946009982,0.302098911326417,0.516751547395492,0.759174184072557,0.37481797796683,885.73792741,0.425138180305608,0.17272438720216,2710,0.542465753424658
"CBT",2000,3,42430.7612147194,2.7741935483871,506.116131196774,318.58064516129,5.5,-10.258064516129,-2.37903225806452,286.451612903226,50.3082347918977,0,-0.219714926033612,-0.461910540121124,-0.414092273532997,-0.441839482163849,-1.37335015838282,-1.73572526667646,-1.35594128242918,-0.734166245109119,-0.0404602021383777,0.261594701274754,0.483623303074865,0.719034307761896,1164.06710175258,0.512973979683702,0.226522366780476,2710,0.542465753424658
"CBT",2000,4,47070.7200520867,1.33333333333333,620.16000366,354.133333333333,12.05,-4.21666666666667,3.91666666666667,445.333333333333,87.1970874383373,31.0783667884094,-1.48926789757758,-1.15008885479417,-1.2367846423553,-1.12520232137699,-1.06703577868742,-1.67875158955994,-1.88393494820708,-1.60480693125208,-1.14044312981365,-0.549651216721497,-0.20172933548636,0.102161010180741,1426.368008418,0.808129875703851,0.362796542370518,2710,0.542465753424658
"CBT",2000,5,50948.1291582613,1.25806451612903,653.31612863871,300.903225806452,17.3064516129032,0.274193548387097,8.79032258064516,526.451612903226,127.760138124145,66.8271327224384,-1.47777992884067,-1.63455991975264,-1.46617205635526,-1.56710330009426,-1.49040103539582,-1.44900324886707,-1.88088994634972,-2.0027865606879,-1.77851234818018,-1.416203616832,-0.97049015723131,-0.696956239550662,1502.62709586903,1.1311019248282,0.604650311924976,2710,0.542465753424658
"CBT",2000,6,52807.68046872,0.9,628.906664023333,195.866666666667,21.6666666666667,3.33333333333333,12.5,464,152.827923225906,89.1011839363549,-0.39964602291515,-1.15119591356046,-1.36800650062147,-1.26333206575202,-1.33658109952982,-1.30468508356695,-1.28486661816041,-1.60167708528626,-1.74609253365998,-1.57131633140764,-1.30431586195111,-0.952381276257326,1446.48532725367,1.44843272280996,0.984432722809965,2710,0.542465753424658
"CBT",2000,7,51851.1485635097,1.29032258064516,571.870968725807,56.7741935483871,25.1612903225806,6.41935483870968,15.7903225806452,531.612903225806,172.078212662474,109.691175711899,-1.09546613192192,-0.935673013262895,-1.28976119088534,-1.43404057666342,-1.38403468659048,-1.44807566655759,-1.42163270430646,-1.40031289780773,-1.63999958804211,-1.78969406713303,-1.6652905860855,-1.42529670135654,1315.30322806936,1.79289998210297,1.26128707887716,2710,0.542465753424658
"CBT",2000,8,48361.703125,2,414.554836151613,0,23.7903225806452,6.80645161290323,15.2983870967742,748.387096774194,145.018567843506,100.477016767383,-0.972294931678789,-1.22992798066442,-1.11961534579217,-1.37495884883096,-1.48674280546779,-1.4497500515722,-1.50456900031547,-1.48531972836436,-1.45936390469296,-1.64713354632026,-1.76259924090501,-1.67251975486106,953.47612314871,1.73721896644214,0.988831869667942,2710,0.542465753424658
"CBT",2000,9,43822.0800781267,1.63333333333333,410.880000813333,0,19.3,2.26666666666667,10.7833333333333,682.666666666667,100.200757684903,66.5287560044089,-0.514149063874545,-1.03716344927731,-1.25231844148725,-1.18020992512984,-1.43142136146484,-1.53623667411198,-1.49796798155266,-1.54597209438436,-1.52505785939039,-1.49522742066833,-1.66624646302522,-1.77972692953822,945.024001870666,1.29298377534588,0.610317108679218,2710,0.542465753424658
"CBT",2000,10,39175.4322076581,0.935483870967742,330.116130212903,0,12.7096774193548,-2.54838709677419,5.08064516129032,514.838709677419,58.9192959272204,33.3990429347519,-0.452704119859717,-0.551480042593925,-1.11923990856641,-1.31570303816584,-1.21754731939013,-1.46466835571538,-1.55973305549924,-1.52810253596414,-1.57326554199963,-1.5542248741974,-1.52211552026525,-1.69718637969362,759.267099489677,0.87675427124578,0.361915561568361,2710,0.542465753424658
"CBT",2000,11,35308.7998697933,1.4,311.57333323,30.5333333333333,0.35,-13.9666666666667,-6.80833333333333,218.666666666667,19.6988463538337,0,1.47049183065757,0.567239121529691,0.243578110960193,-0.365550441387783,-0.885925578714346,-0.887815133266291,-1.2908654792844,-1.42936107495182,-1.39787137339877,-1.44422008036045,-1.42659008031519,-1.39280912694735,716.618666429,0.367220520356159,0.148553853689492,2710,0.542465753424658
"CBT",2000,12,33580.7994792,2.23333333333333,262.506665806667,80.1333333333333,-1.03333333333333,-14.7833333333333,-7.90833333333333,206.666666666667,15.1973205231102,0,-0.0810256255496168,1.19548200753314,0.457450232094939,0.150189916201606,-0.409809937549326,-0.881083538051003,-0.882327589858406,-1.28846503620007,-1.432001300072,-1.40145493360866,-1.44911945042664,-1.43110985015784,603.765331355334,0.337308184249932,0.130641517583265,2710,0.542465753424658
"CBT",2001,1,34615.741809471,0.709677419354839,318.451612409677,92.9032258064516,-1.51612903225806,-18,-9.75806451612903,152.258064516129,14.9159517803941,0,-0.215652623561787,-0.164966882370708,0.783104845609211,0.3037179172052,-0.0503200108884734,-0.561481235651693,-0.944922055163629,-0.904052763044592,-1.26703619456221,-1.42063058040206,-1.3951185109444,-1.44802674325481,732.438708542257,0.291870530036398,0.139612465520269,2710,0.542465753424658
"CBT",2001,2,37904.9143415179,2.17857142857143,356.000002721429,137.428571428571,1.03571428571429,-13.625,-6.29464285714286,227.142857142857,24.5386831258225,0,-0.50752847210575,-0.377001126298356,-0.29524542719403,0.460489628968348,0.142735685068231,-0.192805346387215,-0.629415383698653,-0.99733136615861,-0.94035067712472,-1.2967280369379,-1.45473353739963,-1.42529867527509,818.800006259287,0.381980641014595,0.154837783871738,2710,0.542465753424658
"CBT",2001,3,42274.6838457677,2.25806451612903,466.993550451613,199.483870967742,5.04838709677419,-8.67741935483871,-1.81451612903226,318.709677419355,48.6710522082936,0,-0.0425688381055356,-0.173885247920245,-0.166063160494685,-0.125857326575519,0.394362672079585,0.153580737726077,-0.161987162530186,-0.551854761616599,-0.885282227590096,-0.848753375603495,-1.2201610840558,-1.4059412618987,1074.08516603871,0.534828301562873,0.216118624143518,2710,0.542465753424658
"CBT",2001,4,46932.4800781267,1.63333333333333,592.000002033333,230,10.7333333333333,-4.23333333333333,3.25,412,81.0726134625725,26.7145343793199,-0.793711675075747,-0.482983143292005,-0.530129915043555,-0.493934482189377,-0.436455212189178,-0.0379238172323172,-0.183599750576861,-0.407257959439631,-0.714270323290964,-0.992300957239664,-0.962633022092873,-1.31232471917673,1361.60000467667,0.771004569248827,0.359004569248827,2710,0.542465753424658
"CBT",2001,5,50847.7935987871,1.29032258064516,635.458064909677,200.774193548387,16.5,-0.112903225806452,8.19354838709677,505.806451612903,123.345692936147,63.1238557397487,-1.04463117055331,-1.05827301000257,-0.871348947700585,-0.907061213431922,-0.871887880316885,-0.822042164333054,-0.506533547580093,-0.572159952859758,-0.74195851069696,-0.976121020058071,-1.17226994257325,-1.17077252465828,1461.55354929226,1.08624298394194,0.580436532329042,2710,0.542465753424658
"CBT",2001,6,52784.6404947633,0.533333333333333,610.346666463333,105.2,22.0166666666667,3.23333333333333,12.625,497.333333333333,155.330337322292,89.8230328801072,-0.684090598266228,-1.07128717048689,-1.07060886330543,-0.934299775709756,-0.967887737594869,-0.947509177253776,-0.893607281949372,-0.639747421228209,-0.685994278060005,-0.819014374632357,-1.01623925197918,-1.18704246280666,1403.79733286567,1.46036844546854,0.963035112135208,2710,0.542465753424658
"CBT",2001,7,51929.1872479839,1.93548387096774,455.432257867742,4.7741935483871,24.2741935483871,7.03225806451613,15.6532258064516,663.225806451613,164.374900331725,108.918250375739,-0.24425349740356,-0.588553208727682,-0.916242990984714,-0.973666158731622,-0.897161295382537,-0.934790083528667,-0.92469143064658,-0.87973859567421,-0.659792650251601,-0.697202265102643,-0.823076973901875,-0.998461592236615,1047.49419309581,1.77722704909079,1.11400124263918,2710,0.542465753424658
"CBT",2001,8,48495.4838709677,3.45161290322581,423.535484067742,0,22.3064516129032,5.88709677419355,14.0967741935484,825.806451612903,137.411553109584,94.0282739329527,0.422854334400682,0.0341448013224973,-0.406121470901424,-0.788499515313282,-0.870543072445743,-0.820526332706039,-0.858146099923866,-0.853491385115388,-0.809525541943387,-0.615952824481289,-0.65696830318648,-0.771949520891342,974.131613355807,1.60754789990933,0.781741448296432,2710,0.542465753424658
"CBT",2001,9,43983.3600260433,0.733333333333333,431.360001626667,0,20.3333333333333,1.83333333333333,11.0833333333333,701.333333333333,105.521628589848,68.0257437943998,-1.49366262336522,-0.733378816143364,-0.540501963974634,-0.798189986805502,-1.07192900462414,-1.10647105289698,-1.06672050847813,-1.09777940749377,-1.08408118672094,-1.0371560564842,-0.858816707244831,-0.882627156207796,992.128003741334,1.31903989925676,0.617706565923429,2710,0.542465753424658
"CBT",2001,10,39320.3612651161,1.54838709677419,353.651611329032,5.67741935483871,12.6612903225806,-3.35483870967742,4.65322580645161,485.161290322581,59.2375492093619,31.1018269275963,-0.39531844455057,-1.44115971455201,-0.799041743764189,-0.621716867654613,-0.835599530194497,-1.11553600269338,-1.14426414745366,-1.10004246415527,-1.12328289925926,-1.11211080445311,-1.06203510887685,-0.886508420282644,813.398706056774,0.850978733446713,0.365817443124132,2710,0.542465753424658
"CBT",2001,11,35412.4798177133,2.3,262.933332823333,11.0666666666667,6.26666666666667,-7.78333333333333,-0.758333333333333,361.333333333333,30.2556519116354,0,-0.688660293435162,-0.749290472281226,-1.45906353017177,-0.998585205572195,-0.764358167991597,-0.938535749838553,-1.19227112917894,-1.20615236926545,-1.15783108899526,-1.18017350568598,-1.16527887627088,-1.11008063280448,604.746665493666,0.577946680793963,0.21661334746063,2710,0.542465753424658
"CBT",2001,12,33592.31953128,1.53333333333333,283.413332113333,80.8,-2.73333333333333,-16.8333333333333,-9.78333333333333,174.666666666667,12.4723871602722,0,0.610541625840699,-0.294321266941204,-0.515941503121872,-1.12885833809937,-0.788304869418215,-0.6435768846806,-0.837488190589259,-1.13199684088442,-1.16054524609838,-1.11575081945386,-1.14062455129151,-1.12603924063843,651.850663860666,0.291289562919447,0.11662289625278,2710,0.542465753424658
"CBT",2002,1,34615.741809471,0.967741935483871,313.806452596774,135.354838709677,-2.17741935483871,-16.7741935483871,-9.4758064516129,180.645161290323,14.5288552629937,0,-0.02654083231519,0.3115246508802,-0.263657979740274,-0.483212431842622,-1.12787704361354,-0.855513368314839,-0.702971725476226,-0.837287654241164,-1.09536664504152,-1.1312098804259,-1.08858370034372,-1.11988089725187,721.75484097258,0.29843057080317,0.117785409512847,2710,0.542465753424658
"CBT",2002,2,37904.9143415179,1.07142857142857,426.171429771429,164.285714285714,-0.25,-17.8214285714286,-9.03571428571429,155.714285714286,20.4641469554596,0,0.325903193952499,0.255191504879705,0.413929201881262,0.0212662852770342,-0.206983054212046,-0.923395528522191,-0.692687603816267,-0.604155503611042,-0.747237086188299,-1.0285225950506,-1.07904320968824,-1.03509006696184,980.194288474287,0.308921099970589,0.153206814256303,2710,0.542465753424658
"CBT",2002,3,42274.6838457677,1.90322580645161,503.225806451613,221.806451612903,3.38709677419355,-13.258064516129,-4.93548387096774,221.935483870968,43.133378166989,0,0.794290620287151,0.777484064144411,0.642661852675761,0.75119279687463,0.484853167751292,0.255917102989622,-0.465105792135209,-0.296390991192687,-0.308119510743258,-0.458583522192492,-0.784606633056655,-0.876765552608048,1157.41935483871,0.42361132500512,0.201675841134152,2710,0.542465753424658
"CBT",2002,4,46932.4800781267,0.966666666666667,581.013335163333,223.333333333333,12.25,-3.28333333333333,4.48333333333333,365.333333333333,87.4323230757899,34.6773499034109,-1.54801627313166,-0.648672197027666,-0.439484115611868,-0.370014167694559,-0.196581946439155,-0.390581089467896,-0.477812194090945,-0.967440718883873,-0.839472643565958,-0.786437374639335,-0.866695268380312,-1.0974467518111,1336.33067087567,0.840920985102358,0.475587651769025,2710,0.542465753424658
"CBT",2002,5,50847.7935987871,0,674.580648112903,178.838709677419,16.4032258064516,-1.35483870967742,7.5241935483871,294.193548387097,124.242188024606,58.9087908888872,-1.26080384471579,-1.55223952913981,-1.07799570088284,-0.961915457586743,-0.891826641912827,-0.748756759283186,-0.869198727550434,-0.88162240378891,-1.23672783263014,-1.13743121642118,-1.07946244295827,-1.15575341589358,1551.53549065968,1.03780253885875,0.743608990471651,2710,0.542465753424658
"CBT",2002,6,52784.6404947633,0,638.399995933333,81.3333333333333,24.4333333333333,4.13333333333333,14.2833333333333,300,170.281265087712,99.2775283741683,-1.9460459792742,-1.85389083072676,-1.90478946651324,-1.60805557269892,-1.54499360422224,-1.48001794236699,-1.35751064239946,-1.40433627822937,-1.3756429729781,-1.58168623960072,-1.52016955458965,-1.43812519605565,1468.31999064667,1.62710472033355,1.32710472033355,2710,0.542465753424658
"CBT",2002,7,51929.1872479839,1.09677419354839,511.277419551613,0.516129032258065,26.6290322580645,6.33870967741935,16.4838709677419,344.516129032258,182.742187948682,113.582102335946,-1.92931537484913,-2.34457176333585,-2.08912892539921,-2.04471251451576,-1.87625449597532,-1.84693582597655,-1.79080872006957,-1.69701778966528,-1.72818784305346,-1.72135961387552,-1.87281712357811,-1.79244127271491,1175.93806496871,1.87406035829887,1.52954422926661,2710,0.542465753424658
"CBT",2002,8,48495.4838709677,0.67741935483871,471.845164141935,0,23.3548387096774,4.69354838709677,14.0241935483871,329.032258064516,146.159376585709,93.6354993578966,-1.33037235419823,-1.96338112569258,-2.19697940757441,-2.02899448492585,-2.01999385558676,-1.88080052967115,-1.86166831323159,-1.82317780761824,-1.74061979099604,-1.75761581128341,-1.74830295810256,-1.87424247752825,1085.24387752645,1.59999533973913,1.27096308167461,2710,0.542465753424658
"CBT",2002,9,43983.3600260433,3.2,354.560001626667,0,17.8,2.53333333333333,10.1666666666667,576,92.8156320786991,63.4265163740852,0.884715539966886,-0.332010440388924,-1.51025334574863,-2.04966388539022,-1.89802122945998,-1.9159049142009,-1.75741999195487,-1.73220464986818,-1.69540734926545,-1.61050318154545,-1.62810304364138,-1.6269885127103,815.488003741334,1.24084363371581,0.66484363371581,2710,0.542465753424658
"CBT",2002,10,39320.3612651161,2.19354838709677,336.206451909677,2.32258064516129,10.9354838709677,-4.75806451612903,3.08870967741935,429.677419354839,54.5521345086752,22.3081084563122,0.622420277411704,1.01668651550436,0.0870831014108465,-1.24248992306105,-1.88697966134382,-1.79753340438036,-1.83244715631944,-1.69049271087532,-1.66269524810412,-1.6283098566305,-1.53997169862118,-1.56402033325738,773.274839392257,0.762252722020258,0.332575302665419,2710,0.542465753424658
"CBT",2002,11,35412.4798177133,2.8,314.346664936667,63.2,3.26666666666667,-12.3,-4.51666666666667,253.333333333333,24.8233945728401,0,0.628659275084973,0.842702731669267,1.09298974499105,0.365436196244104,-1.05060709434625,-1.84319083125004,-1.76445808677731,-1.80458263800873,-1.6482561335508,-1.61500995107696,-1.57973396359487,-1.48481144103704,722.997329354334,0.437228173656733,0.1838948403234,2710,0.542465753424658
"CBT",2002,12,33592.31953128,1.1,288.106663516667,97.6,-1.13333333333333,-15.7833333333333,-8.45833333333333,188,14.8145812458798,0,-0.334872353117592,0.302695924218867,0.621198712880531,0.966581038318308,0.217790772905573,-1.07764194398321,-1.7922734961933,-1.76993396643005,-1.81951077467177,-1.6636685451888,-1.63222112530563,-1.59690108250259,662.645326088334,0.323181749016027,0.135181749016027,2710,0.542465753424658
"CBT",2003,1,34615.741809471,0.645161290322581,323.096776654839,121.032258064516,2.06451612903226,-13.4032258064516,-5.66935483870968,221.935483870968,21.7950636127241,0,-2.07638085345597,-1.43463678734686,-0.85097915782876,-0.384457269313752,0.23123597476579,-0.507193547996119,-1.4532219485684,-1.92066060177632,-1.88776545327591,-1.93640904157594,-1.78953789859101,-1.76229037664854,743.12258630613,0.400657976978328,0.17872249310736,2710,0.542465753424658
"CBT",2003,2,37904.9143415179,2.82142857142857,352.228572846429,150.571428571429,-0.232142857142857,-14.6785714285714,-7.45535714285714,217.142857142857,21.9012716478703,0,0.411031446220068,-1.06038000203847,-0.86057620604288,-0.440029277187856,-0.0934024740384062,0.310370987600655,-0.341123575660226,-1.33848690230263,-1.89257989910994,-1.88008931433648,-1.93870063755835,-1.77753403970543,810.125717546787,0.349352612727231,0.132209755584374,2710,0.542465753424658
"CBT",2003,3,42274.6838457677,2.38709677419355,487.638712235484,211.483870967742,5.25806451612903,-9.54838709677419,-2.14516129032258,308.387096774194,49.5051187555482,0,-0.154440040277852,0.140988152988174,-0.606496486202235,-0.573372912559702,-0.325196157616752,-0.0741390853938033,0.217032384148083,-0.358355383325,-1.19880359086338,-1.78096154161584,-1.84279804461316,-1.93330433225368,1121.56903814161,0.521929792611687,0.213542695837493,2710,0.542465753424658
"CBT",2003,4,46932.4800781267,1.9,587.413337196667,265.6,10.2833333333333,-5.38333333333333,2.45,388,79.7944818643995,21.2439409482278,-0.608287563219566,-0.407370315885051,-0.200640378949063,-0.693687971712867,-0.663140199146816,-0.477081745160246,-0.272382490056033,-0.0372686060932972,-0.486246769852512,-1.20150582520171,-1.75178748609604,-1.92283437858485,1351.05067555233,0.728452857180196,0.340452857180196,2710,0.542465753424658
"CBT",2003,5,50847.7935987871,1.90322580645161,627.716129425806,232.258064516129,15.9354838709677,-0.241935483870968,7.84677419354839,541.935483870968,120.094473392902,60.9486298798983,-0.650529801201868,-0.739278341171141,-0.623092150913335,-0.489689633194636,-0.822114036996506,-0.808866476225476,-0.662827324517094,-0.482589947966801,-0.305544362791115,-0.671474567785499,-1.22951369853161,-1.67712937171958,1443.74709767935,1.0609039158916,0.518968432020634,2710,0.542465753424658
"CBT",2003,6,52784.6404947633,0.3,612.266664633333,132.4,20.0333333333333,2.48333333333333,11.2583333333333,568,143.399826994944,81.853846745342,0.510636777046742,-0.172483062408526,-0.342536818094249,-0.289307875173571,-0.20585142383572,-0.48456502291801,-0.463682025226091,-0.349199065005796,-0.232420719102698,-0.103665785460945,-0.417887389466024,-0.968321265569016,1408.21332865667,1.33445189596438,0.766451895964379,2710,0.542465753424658
"CBT",2003,7,51929.1872479839,0.709677419354839,562.477416009677,20.3870967741935,27.6451612903226,6.48387096774194,17.0645161290323,481.290322580645,189.783830339909,116.815838930925,-2.36705256532574,-1.46843864401613,-1.3298134082767,-1.25234428967604,-1.19219151976371,-1.13597277663104,-1.29929917123419,-1.27014731874429,-1.16304454554325,-1.0384763392841,-0.921140845299179,-1.14345338469265,1293.69805682226,1.94446940394866,1.46317908136802,2710,0.542465753424658
"CBT",2003,8,48495.4838709677,2.06451612903226,410.941934893548,0,23.6935483870968,6.70967741935484,15.2016129032258,583.225806451613,144.594557606646,99.9612979311688,-0.89888439059211,-2.1713335475664,-1.48203777104515,-1.39256457957072,-1.32817792308108,-1.28495119960984,-1.24295329359337,-1.37598627923769,-1.34357911650311,-1.25415977877897,-1.15115117820601,-1.05223934035634,945.16645025516,1.72644586535086,1.14322005889925,2710,0.542465753424658
"CBT",2003,9,43983.3600260433,1.96666666666667,428.800001016667,0,18.35,0.883333333333333,9.61666666666667,585.333333333333,97.3257987991243,60.6295226963126,0.016669237624743,-0.639632048508334,-2.0672069494528,-1.42380092890352,-1.36441550305864,-1.31228459715825,-1.27792910452966,-1.23540080647379,-1.36104589780844,-1.32629286931204,-1.2387052727494,-1.13850736965086,986.240002338334,1.19591274537217,0.610579412038832,2710,0.542465753424658
"CBT",2003,10,39320.3612651161,0.612903225806452,347.458065403226,0,15.6451612903226,-1.41935483870968,7.11290322580645,561.290322580645,67.8439130867326,43.8763545177523,-2.03391541411408,-1.45907433526872,-1.6804692628777,-2.57045264375653,-1.81118872409432,-1.6223495133076,-1.53526326002752,-1.4964350221113,-1.45558814024425,-1.56549083402068,-1.52624687853729,-1.44503536902515,799.15355042742,1.00899299374429,0.447702671163643,2710,0.542465753424658
"CBT",2003,11,35412.4798177133,3.3,254.72000173,18.4,2.36666666666667,-9.31666666666667,-3.475,328,23.1917916644502,0,1.11937654832432,-0.929683386555935,-0.543611730256251,-1.05988347902713,-2.55791662368837,-1.65954295553994,-1.51504388983548,-1.43627619827054,-1.3959086583419,-1.34819318893612,-1.4706809160864,-1.42874541746299,585.856003979,0.472797286795889,0.144797286795889,2710,0.542465753424658
"CBT",2003,12,33592.31953128,2.3,268.160000103333,60.9333333333333,-0.0833333333333333,-13.75,-6.91666666666667,224,16.6701471361427,0,-0.550179284395229,0.596766572692491,-1.04717233194556,-0.701070913880777,-1.12278132951585,-2.41927607978974,-1.65250210700422,-1.54377201384267,-1.46880010149555,-1.4282879705304,-1.38357825480406,-1.50214855165264,616.768000237666,0.364173322432439,0.140173322432439,2710,0.542465753424658
"CBT",2004,1,34615.741809471,1.96774193548387,326.29677336129,154.322580645161,-1.82258064516129,-17.0483870967742,-9.43548387096774,172.903225806452,14.9104845902846,0,0.15220203702792,-0.190518625612259,0.520022639622701,-0.917293940351207,-0.723152350348176,-1.10497852571883,-2.12097234830602,-1.53568578535931,-1.48641086723411,-1.43070101364523,-1.39612988475188,-1.35438343221567,750.482578730967,0.299378361291191,0.126475135484739,2710,0.542465753424658
"CBT",2004,2,37980.2483836207,0.96551724137931,410.593101241379,176.827586206897,-0.46551724137931,-16.2413793103448,-8.35344827586207,190.344827586207,20.899863045092,0,0.176254873137143,0.267763129792644,-0.00179169396580227,0.533235869931764,-0.649756065160325,-0.597456210331083,-0.969497313579603,-2.05631115771876,-1.5039441969393,-1.46213355379098,-1.40987169402382,-1.37268705988147,944.364132855172,0.325834286062082,0.135489458475875,2710,0.542465753424658
"CBT",2004,3,42430.7612147194,0.580645161290323,546.683870377419,194.58064516129,9.12903225806452,-7.69354838709677,0.717741935483871,301.935483870968,62.4180720574564,7.30289100933317,-1.9430660093024,-1.6785513272152,-1.34560255229451,-1.25496780307191,-0.803879137196527,-1.43516255661991,-1.34496703828345,-1.57406784048729,-2.22718579655797,-1.90368246067954,-1.78871386676507,-1.70983631615926,1257.37290186806,0.64336875794579,0.341433274074821,2710,0.542465753424658
"CBT",2004,4,47070.7200520867,3.23333333333333,504.213337196667,191.466666666667,10.6333333333333,-3.58333333333333,3.525,366.666666666667,80.0474423626837,28.5333678088792,-0.475162902740044,-1.58704777799123,-1.36476601184721,-1.14025322589341,-1.09617914269959,-0.76407382807929,-1.26131117161365,-1.24150707654992,-1.46310082712833,-2.06544540813573,-1.83275120045309,-1.83566681649758,1159.69067555233,0.78613173141258,0.419465064745912,2710,0.542465753424658
"CBT",2004,5,50948.1291582613,0.451612903225806,626.787096577419,157.290322580645,16.2258064516129,-0.290322580645161,7.96774193548387,425.806451612903,121.917527972572,61.7094548819123,-0.985402797451092,-0.871125222308226,-1.47638845907085,-1.40099253178172,-1.27167114237486,-1.258798471329,-1.0208036925593,-1.36537184904897,-1.35313296470633,-1.50183468457532,-1.96249324434585,-1.81059852136069,1441.61032212806,1.06968323394657,0.643876782333669,2710,0.542465753424658
"CBT",2004,6,52807.68046872,0.933333333333333,594.026665243333,62.8,21.1,2.95,12.025,480,149.678055555366,86.3455563412155,-0.0725000286926041,-0.71114451153815,-0.690772338057215,-1.15908252094093,-1.10411663686741,-1.0338320897038,-1.02726025354115,-0.8269610038235,-1.13481608881277,-1.13963236087165,-1.29985824954582,-1.75373125848916,1366.26133005967,1.40385599448502,0.923855994485022,2710,0.542465753424658
"CBT",2004,7,51851.1485635097,1.61290322580645,461.10967623871,0.129032258064516,22.2903225806452,5.95161290322581,14.1209677419355,601.290322580645,152.682555362696,100.189241893127,1.05518718755134,0.610423191790489,-0.116274664396456,-0.264681123985554,-0.735954052395762,-0.699801946366854,-0.661499753307673,-0.661639880901446,-0.484525812866857,-0.789510690352581,-0.826654648473805,-0.990059963781489,1060.55225534903,1.61007237279036,1.00878205020971,2710,0.542465753424658
"CBT",2004,8,48361.703125,0.580645161290323,473.187097364516,0,21.0322580645161,4.53225806451613,12.7822580645161,518.709677419355,132.071758677231,86.8530304726988,0.770328914687831,1.09820766112383,0.754583674579048,0.0392232231263224,-0.127828508342543,-0.60188758252074,-0.572356828876538,-0.541815000766062,-0.541741521047304,-0.385046434286516,-0.679106672392254,-0.715273451082607,1088.33032393839,1.47550719711379,0.956797519694431,2710,0.542465753424658
"CBT",2004,9,43822.0800781267,1.76666666666667,394.24000041,0,16.8333333333333,1.61666666666667,9.225,594.666666666667,89.5434400673393,58.6192969166703,1.12455869397745,1.22379848784895,1.3071613364918,1.06287435436159,0.369392435986417,0.143487177964529,-0.391256158794951,-0.363055912085547,-0.338009776174391,-0.345854231168347,-0.18977827069085,-0.490648220731515,906.752000943,1.16479694883231,0.570130282165639,2710,0.542465753424658
"CBT",2004,10,39175.4322076581,1.32258064516129,322.270969025806,0,10.7096774193548,-2.32258064516129,4.19354838709677,516.129032258065,52.3413232248711,28.58611561106,0.855114718796881,1.24171056625028,1.35429250957988,1.41666459596101,1.18033674281834,0.548205934437941,0.294639821174697,-0.238601016122285,-0.203116296067354,-0.186153663399108,-0.196727803194765,-0.0421213060077535,741.223228759354,0.824007963470377,0.307878931212312,2710,0.542465753424658
"CBT",2004,11,35308.7998697933,2.53333333333333,286.613332873333,11.6,5,-7.9,-1.45,357.333333333333,27.8143489417359,0,-0.125183302484065,0.564736047921962,1.08791499477131,1.26823927551345,1.37009521478547,1.14944308916668,0.557781898532905,0.307565691737218,-0.221895614233762,-0.18726420199266,-0.167740218716157,-0.176778323811407,659.210665608666,0.549375354749393,0.192042021416061,2710,0.542465753424658
"CBT",2004,12,33580.7994792,1.23333333333333,299.62666575,74.5333333333333,-1.21666666666667,-15.65,-8.43333333333333,197.333333333333,14.7439750462263,0,-0.266534860556519,-0.275883179388552,0.377641276462272,0.97542743034984,1.18760015214474,1.33299059694392,1.1037175283908,0.519710961642132,0.281392386736298,-0.247539996222036,-0.214792637487545,-0.193419338564497,689.141331225,0.323812246255351,0.126478912922018,2710,0.542465753424658
"CBT",2005,1,34615.741809471,4.74193548387097,328.361292193548,203.612903225806,0.516129032258065,-12.1129032258065,-5.79838709677419,259.354838709677,19.484328104567,0,-0.373593416794814,-0.358215018574138,-0.414891640308676,0.167883187517713,0.795790391155417,1.06097053363495,1.24156785829296,1.00173676644219,0.454492902840566,0.247317348296461,-0.253362355738752,-0.224725686737075,755.23097204516,0.396738613987079,0.137383775277402,2710,0.542465753424658
"CBT",2005,2,37904.9143415179,3,406.857144492857,256.285714285714,1.23214285714286,-12.9107142857143,-5.83928571428571,235.714285714286,25.0552809300932,0,-0.422078876650216,-0.419534024097409,-0.395823741356086,-0.397854146106451,0.0681152864400966,0.584660418244798,0.890240049466914,1.13500529514624,0.926622932353367,0.414937254666019,0.223401057882516,-0.261823851503108,935.771432333571,0.395503452969892,0.159789167255606,2710,0.542465753424658
"CBT",2005,3,42274.6838457677,2.16129032258065,519.948385916129,325.290322580645,4.08064516129032,-10.3709677419355,-3.14516129032258,285.161290322581,45.7841563918127,0,0.408940860745184,0.203450955788421,0.0835645565125316,0.0473806072462431,-0.00570320912708174,0.293381275561637,0.684950316966534,0.935508319124833,1.16701957860448,0.978486699394865,0.524956330901382,0.343129807665758,1195.8812876071,0.484583891364181,0.1994226010416,2710,0.542465753424658
"CBT",2005,4,46932.4800781267,1.43333333333333,623.03999939,360.266666666667,9.8,-5.38333333333333,2.20833333333333,381.333333333333,77.6164914565713,19.5281865923184,-0.396311793949546,0.0560952197645811,-0.0268791078824693,-0.0926451021485755,-0.104278401968442,-0.140553758759819,0.0944108730465587,0.412564175433285,0.634805295428694,0.905700146572692,0.805264095877441,0.442456166561693,1432.991998597,0.716014482150274,0.334681148816941,2710,0.542465753424658
"CBT",2005,5,50847.7935987871,1.48387096774194,684.180644374194,314.967741935484,15.5483870967742,-0.112903225806452,7.71774193548387,490.322580645161,117.56868577896,60.1346339555056,-0.431998397930857,-0.50301309451563,-0.228433529816867,-0.262385987994141,-0.303686880117202,-0.300430834899034,-0.310951921586076,-0.108099072312481,0.140623952182779,0.306321525901272,0.591149058267717,0.559181155902072,1573.61548206065,1.0516094642228,0.561286883577642,2710,0.542465753424658
"CBT",2005,6,52784.6404947633,1.43333333333333,618.02666931,221.066666666667,19.1,2.61666666666667,10.8583333333333,533.333333333333,137.060659130967,79.4875222273432,1.22187696768966,0.44401785209003,0.185258241501952,0.31329017863568,0.258932346611362,0.196207047487901,0.213388085696718,0.190169930233722,0.315619430582585,0.505470660352397,0.651899831141551,0.873214438175652,1421.461339413,1.29945493534919,0.766121602015858,2710,0.542465753424658
"CBT",2005,7,51929.1872479839,0.548387096774194,601.600002164516,81.1612903225806,25.741935483871,6.69354838709677,16.2177419354839,605.161290322581,175.686778287962,112.092804129726,-1.46348574634368,-0.149772632276838,-0.378513805988626,-0.446936329122011,-0.294646163238014,-0.332811605923107,-0.36719645294576,-0.346483800362153,-0.337216291755947,-0.182145608455771,-0.00300377642875696,0.117600360037731,1383.68000497839,1.84254413010631,1.23738283978373,2710,0.542465753424658
"CBT",2005,8,48495.4838709677,2.38709677419355,408.980643487097,0,21.3387096774194,6.03225806451613,13.6854838709677,771.612903225806,130.962233622116,91.7974277491783,1.14104890413008,-0.534037286578657,0.275841167993709,-0.0789504606845829,-0.200016516057816,-0.0854743916407532,-0.128752540692032,-0.170020392107188,-0.154134194200056,-0.158850308741484,-0.0211776265846967,0.166464449215119,940.655480020323,1.5651608538631,0.793547950637296,2710,0.542465753424658
"CBT",2005,9,43983.3600260433,2.7,405.86666819,0,18.9,2.96666666666667,10.9333333333333,693.333333333333,97.4198913511229,67.2782208180685,0.120478885019716,0.881982927116606,-0.357794391115699,0.325831211936081,-0.048911341451583,-0.177512824505943,-0.0913736853952907,-0.135722536642551,-0.175252579275089,-0.163304581429948,-0.166557831222201,-0.0244385279593293,933.493336837,1.30595460458173,0.6126212712484,2710,0.542465753424658
"CBT",2005,10,39320.3612651161,1.96774193548387,321.651613790323,0.129032258064516,12.741935483871,-1.58064516129032,5.58064516129032,550.967741935484,58.3319759393817,36.0405294722883,-0.136000648179456,0.152550482085258,0.742516405244267,-0.366694988523032,0.285487759182105,-0.0900339816565653,-0.213023848445016,-0.112514001060581,-0.146848589622287,-0.18669832201556,-0.172136766971092,-0.173003512063648,739.798711717743,0.907780935823591,0.356813193888107,2710,0.542465753424658
"CBT",2005,11,35412.4798177133,2.13333333333333,293.333331303333,16.5333333333333,5.08333333333333,-8.16666666666667,-1.54166666666667,360,28.0311069931086,0,-0.261518832934434,-0.300510163315174,0.0379697432753239,0.659017033882824,-0.360238818751454,0.293832453885743,-0.0882558124944455,-0.21371172711778,-0.116493733358826,-0.150776803592826,-0.186830165587109,-0.170301365668095,674.666661997666,0.545684467340656,0.185684467340656,2710,0.542465753424658
"CBT",2005,12,33592.31953128,3.76666666666667,256.21333466,107.6,-3,-15.8333333333333,-9.41666666666667,196,12.4432169512151,0,1.32304426173221,0.534187493170775,0.219414150818981,0.340460497760161,0.868323981992256,-0.127763330427161,0.448697891593418,0.0724139849082282,-0.0741303515891391,0.0158361731695583,-0.0246366521144911,-0.0657664254511388,589.290669718,0.299821580329322,0.103821580329322,2710,0.542465753424658
"CBT",2006,1,34615.741809471,3,305.032258067742,151.225806451613,-1.33870967741935,-15.9677419354839,-8.65322580645161,181.935483870968,15.9821992044309,0,0.140899815349759,0.794057312306058,0.466439676484235,0.245752465041601,0.250901203750931,0.825181495332149,-0.198272642573674,0.402308731696788,0.0961081360799226,-0.0357185192191121,0.0605760297180338,0.0186863779793072,701.574193555807,0.318303936711752,0.136368452840784,2710,0.542465753424658
"CBT",2006,2,37904.9143415179,1.14285714285714,431.88571385,211.285714285714,-0.339285714285714,-15.8035714285714,-8.07142857142857,191.428571428571,21.3102030346273,0,0.111154806572882,0.222942470528211,0.654750295877415,0.471655662585259,0.303699874610681,0.242752622219614,0.793908033577002,-0.155184483989374,0.437988722296575,0.14654987499608,0.0115636053312271,0.103863982896657,993.337141855,0.333062933686062,0.141634362257491,2710,0.542465753424658
"CBT",2006,3,42274.6838457677,2.2258064516129,486.606449251613,248.129032258065,3.79032258064516,-9.70967741935484,-2.95967741935484,301.935483870968,44.8111654060726,0,0.577145496215922,0.544095385942194,0.511292390375052,0.80297640787627,0.693825210007049,0.537564469543964,0.461523505983179,0.907905010779659,0.0233942493772933,0.575406577336617,0.316394109918863,0.176269718461031,1119.19483327871,0.491326080306487,0.189390596435519,2710,0.542465753424658
"CBT",2006,4,46932.4800781267,1.4,638.18666687,270.666666666667,11.65,-4.1,3.775,400,85.2414077329432,30.1636522763952,-1.28398165449094,-0.534689654169372,-0.399750002814311,-0.295500560840435,0.0110756095792046,-0.0659497298496833,-0.122529648012769,-0.154294571238374,0.238085947552073,-0.416662161409641,0.166776165422343,0.0118526710867686,1467.829333801,0.800111022499409,0.400111022499409,2710,0.542465753424658
"CBT",2006,5,50847.7935987871,0.580645161290323,659.406455745161,216.903225806452,17.0967741935484,0.338709677419355,8.71774193548387,405.161290322581,126.381679125795,66.3793360271018,-1.41119341735748,-1.49831792461536,-1.09260554524959,-1.01659285459442,-0.914960676999518,-0.667062840179296,-0.698044950640695,-0.677177632640141,-0.694558046380424,-0.407876662760368,-0.852676878082858,-0.361153309235318,1516.63484821387,1.12556023626883,0.720398945946251,2710,0.542465753424658
"CBT",2006,6,52784.6404947633,0.766666666666667,611.199998983333,107.066666666667,22.7333333333333,4.36666666666667,13.55,446.666666666667,158.267624122957,95.1237645154234,-0.938929969347822,-1.38468450256477,-1.4672444409416,-1.18981805630576,-1.14359903858421,-1.07323254027032,-0.869838426335936,-0.875795673989964,-0.852182724313716,-0.86110321892498,-0.645375217007915,-0.989279942727429,1405.75999766167,1.55141483962379,1.10474817295713,2710,0.542465753424658
"CBT",2006,7,51929.1872479839,3.54838709677419,429.522580545161,4.64516129032258,23.6935483870968,8.38709677419355,16.0403225806452,788.387096774194,156.666538665226,111.097372820619,0.828093837506059,-0.139590049079937,-0.7988577980776,-1.02048333939542,-0.827015180100407,-0.798392837100386,-0.757770805920407,-0.586104883265027,-0.589166832547586,-0.583790272977208,-0.610456226793931,-0.413265761776749,987.90193525387,1.82179258504418,1.03340548826999,2710,0.542465753424658
"CBT",2006,8,48495.4838709677,2.51612903225806,414.451610935484,0,21.4032258064516,6.75806451612903,14.0806451612903,954.838709677419,129.709749671867,93.9410238073162,1.3014779186491,1.25593080092077,0.366987039802427,-0.424286582039708,-0.718419483663092,-0.560679090005362,-0.538052560275094,-0.509639500190696,-0.345508143518891,-0.362275274054951,-0.371675963835476,-0.395831708221735,953.238705151613,1.60586685108934,0.651028141411925,2710,0.542465753424658
"CBT",2006,9,43983.3600260433,2.33333333333333,399.680001323333,0,15.4666666666667,0.483333333333333,7.975,644,84.7444379100423,52.0909444036607,1.71974425948203,1.89250935339415,1.64610063166793,1.01020718909543,0.128011212832338,-0.298377985875159,-0.174792357598294,-0.155757138654543,-0.139334664603881,0.0204916857476247,-0.00748682557707272,-0.0238658327198348,919.264003043666,1.07021202598616,0.426212025986163,2710,0.542465753424658
"CBT",2006,10,39320.3612651161,2.90322580645161,316.800002064516,7.2258064516129,9.46774193548387,-2.69354838709677,3.38709677419355,517.41935483871,48.7080605755784,24.0403100651108,1.62993846019919,1.80865512491341,2.0382850377384,1.88483949171385,1.33696699886901,0.536677174187146,0.0301836196457882,0.158701522852964,0.178069939506393,0.180065275799395,0.331196012462187,0.295800199766348,728.640004748387,0.778513451552315,0.261094096713605,2710,0.542465753424658
"CBT",2006,11,35412.4798177133,2.23333333333333,317.33333079,37.7333333333333,4.9,-9.1,-2.1,326.666666666667,27.8240251262997,0,-0.194049172001074,1.25878065608636,1.64616296402273,1.89454347908258,1.77246161496055,1.27918080777034,0.533794389029215,0.0374528807509009,0.160703094941963,0.178911832796363,0.183228283257292,0.32874039736082,729.866660817,0.523675094243196,0.197008427576529,2710,0.542465753424658
"CBT",2006,12,33592.31953128,0.9,270.9333369,83.6,0.316666666666667,-12.5166666666667,-6.1,249.333333333333,17.3660801187932,0,-1.17848839489844,-0.816119175651208,0.654740526123421,1.44251088369965,1.77659316760244,1.67251804623687,1.13336093823597,0.371634971524014,-0.0899337858781025,0.0350206018688055,0.0551275128334979,0.0650835878844657,623.14667487,0.387709808441513,0.13837647510818,2710,0.542465753424658
"CBT",2007,1,34615.741809471,0.838709677419355,332.903226793548,131.741935483871,-1.11290322580645,-16.9032258064516,-9.00806451612903,174.193548387097,15.9602899385394,0,-0.485145284262071,-0.929453763462736,-0.886127350117596,0.362144236657798,1.33833076647331,1.74029195117686,1.62542315653553,1.01851818808672,0.297589121533614,-0.122121970568465,0.00997638908239677,0.0290698471624164,765.67742162516,0.309591022247684,0.135397473860587,2710,0.542465753424658
"CBT",2007,2,37904.9143415179,2.5,349.600002289286,159,1.30357142857143,-11.3928571428571,-5.04464285714286,268.571428571429,25.3166940417585,0,-0.634339852608042,-0.631236001792883,-0.918090467710839,-0.878613527358373,0.143968350353209,1.03784798356334,1.49173622917129,1.4794872279199,0.914319763606791,0.238009212930073,-0.158798142848209,-0.0284338787944882,804.080005265358,0.420124807505567,0.151553378934138,2710,0.542465753424658
"CBT",2007,3,42274.6838457677,1.2258064516129,505.290319629032,211.225806451613,7.2741935483871,-7.35483870967742,-0.0403225806451613,360,55.8237343276629,0,-1.2008024576491,-1.21012845423973,-1.13054136654094,-1.24823834078202,-1.2344805561357,-0.423425466046335,0.367264788309701,0.90589929702666,1.05727907444332,0.579587327696009,-0.0210407206047023,-0.355254735424082,1162.16773514677,0.608993398942547,0.248993398942547,2710,0.542465753424658
"CBT",2007,4,46932.4800781267,1.46666666666667,576.85333557,196.8,10.8666666666667,-3.21666666666667,3.825,414.666666666667,80.7920029960578,30.4872218323111,-0.780252809514666,-1.19500179219129,-1.21845194591267,-1.16379086444652,-1.24359534463548,-1.22967963654172,-0.607495720739842,0.0049499852497134,0.458968836510063,0.680228018138296,0.329159535899077,-0.153243374116195,1326.762671811,0.802933129289994,0.388266462623327,2710,0.542465753424658
"CBT",2007,5,50847.7935987871,0.741935483870968,599.741937451613,140.774193548387,15.2258064516129,-0.0806451612903226,7.57258064516129,452.903225806452,115.567988771513,59.2158049607935,-0.301340445312842,-0.620562321472,-0.915015524788007,-0.974024589223257,-0.977184180853425,-1.07715407133734,-1.08474550817665,-0.605826244427591,-0.134978949824305,0.209265717268742,0.428882522438786,0.139019596345115,1379.40645613871,1.04123918194162,0.588335956135163,2710,0.542465753424658
"CBT",2007,6,52784.6404947633,0.5,590.186664836667,47.6,21.5666666666667,4.03333333333333,12.8,398.666666666667,150.93606964961,90.8313566026371,-0.247385782922378,-0.419018211403713,-0.58486217871342,-0.800999327197635,-0.853625294365298,-0.871398283663553,-0.940682920689369,-0.933412230147239,-0.572749052408551,-0.207085956358648,0.0764348875624661,0.267279985560959,1357.42932912433,1.47722379379701,1.07855712713034,2710,0.542465753424658
"CBT",2007,7,51929.1872479839,2.12903225806452,451.716131393548,0,24.8709677419355,7.91935483870968,16.3951612903226,557.41935483871,166.599871636119,113.086178347837,-0.467750803078004,-0.433500163624892,-0.509576524370958,-0.659005468961276,-0.851891945648081,-0.903908881399575,-0.921378462786089,-0.974241003112819,-0.960523462983278,-0.655176944861031,-0.329837066892115,-0.0834280321818318,1038.94710220516,1.86350280276989,1.30608344793118,2710,0.542465753424658
"CBT",2007,8,48495.4838709677,0.935483870967742,459.974193941935,0,23.4838709677419,7.79032258064516,15.6370967741935,748.387096774194,140.827535021117,102.277207730534,-0.492115087103003,-0.582428204245086,-0.597729828590748,-0.657001346307468,-0.762827363988839,-0.939105500663618,-0.986508591511324,-1.00024696911162,-1.03845846850162,-1.02803965000591,-0.767335246803498,-0.474487193461705,1057.94064606645,1.77539110536153,1.02700400858734,2710,0.542465753424658
"CBT",2007,9,43983.3600260433,2.66666666666667,397.546666973333,0,18.6333333333333,3,10.8166666666667,704,96.1065854579723,66.6954731857776,0.324082409564212,-0.137366204084625,-0.315843940544236,-0.413280119695264,-0.564409545321184,-0.69516258999375,-0.896105470381831,-0.941796063407393,-0.95476478666186,-0.991125560998046,-0.979702067358998,-0.720971007030585,914.357334038666,1.29585633364011,0.591856333640106,2710,0.542465753424658
"CBT",2007,10,39320.3612651161,1.58064516129032,353.651612806452,0.387096774193548,12.5,-2.98387096774194,4.75806451612903,498.064516129032,58.5168803783288,31.668858906569,-0.248066240683834,0.233424784779405,-0.179937290676025,-0.363027914541666,-0.433258487789689,-0.607578983149595,-0.731091167656928,-0.914997243385715,-0.951471880060885,-0.967156832580446,-0.999641922554939,-0.989157354170504,813.39870945484,0.857238203731981,0.359173687602949,2710,0.542465753424658
"CBT",2007,11,35412.4798177133,0.366666666666667,298.453336076667,1.2,8.08333333333333,-7.53333333333333,0.275,366.666666666667,33.8320849649983,2.75051794152246,-1.59534319824482,-1.29432160690689,-0.696012673046664,-0.933406299680403,-0.855773813070317,-0.792893417917924,-0.870873271780076,-0.944611758294067,-1.10751122260676,-1.14096003804678,-1.14780397447339,-1.17007829534709,686.442672976334,0.623089039048113,0.256422372381446,2710,0.542465753424658
"CBT",2007,12,33592.31953128,5.86666666666667,245.866666416667,83.4666666666667,-3.86666666666667,-15.4333333333333,-9.65,206.666666666667,11.4843896724074,0,2.13084605373387,-0.327818177806364,-0.447963486987307,0.000261471601106395,-0.285355520323955,-0.399446355859531,-0.448874013482793,-0.623623051036033,-0.744911148900821,-0.933039554298522,-0.971619384475363,-0.983465481025573,565.493332758334,0.294366754911727,0.0877000882450603,2710,0.542465753424658
"CBT",2008,1,34615.741809471,5.41935483870968,319.070969119355,242.709677419355,-5.46774193548387,-18.4516129032258,-11.9596774193548,161.290322580645,9.61390250593383,0,2.04900620736783,2.31850552958245,1.10842160716118,0.708680346933411,0.684754314331422,0.350569501164207,0.0488189813491031,-0.065426366285928,-0.259880150959492,-0.434824660416588,-0.650703489635623,-0.701404898786636,733.863228974516,0.244953113171364,0.0836627905907195,2710,0.542465753424658
"CBT",2008,2,37980.2483836207,4.3448275862069,416.993103551724,397.241379310345,-0.793103448275862,-14.3275862068966,-7.56034482758621,215.172413793103,20.9835877995818,0,1.02907479899793,1.72275407860213,2.00849589738454,1.22682899200799,0.945817207489321,0.889051338566998,0.608569571150614,0.272480639945581,0.143818168025887,-0.0682853083572947,-0.273070014166959,-0.501463742192701,959.084138168965,0.346527472122189,0.131355058329086,2710,0.542465753424658
"CBT",2008,3,42430.7612147194,2,555.458063925806,474.58064516129,2.95161290322581,-13.3870967741935,-5.21774193548387,230.967741935484,41.7968429793464,0,1.01882732347929,1.19486098855834,1.5701025842789,1.8642189785602,1.39723914539295,1.17030293655869,1.1863573684903,0.907138766079095,0.539600383705903,0.418506359988729,0.215094952393991,-0.0108405560115309,1277.55354702935,0.414648344017472,0.183680602081988,2710,0.542465753424658
"CBT",2008,4,47070.7200520867,1.66666666666667,614.720003253333,537.333333333333,7.45,-8.2,-0.375,334.666666666667,68.6261266761309,0,0.765206890112786,1.06999659650587,1.17106956029865,1.43464762670275,1.70058799067539,1.35762157841249,1.18898796565635,1.22997575182974,1.03604137619124,0.721778520076974,0.602468497729658,0.451207018707399,1413.85600748267,0.594342605326503,0.259675938659836,2710,0.542465753424658
"CBT",2008,5,50948.1291582613,1.67741935483871,632.877418764516,525.677419354839,13.3870967741935,-1.40322580645161,5.99193548387097,486.451612903226,106.525663742745,48.9764203355635,0.671765893288507,0.784735623144028,0.989525020597594,1.09969879301552,1.33283731342731,1.6155050239634,1.33013670622975,1.19358305687011,1.24571223308768,1.09168417417486,0.829366506367505,0.710096546176716,1455.61806315839,0.934026261803795,0.447574648900569,2710,0.542465753424658
"CBT",2008,6,52807.68046872,0.3,718.93333435,435.066666666667,20.65,2.86666666666667,11.7583333333333,458.666666666667,146.83375073523,84.7895428312187,0.157481142436161,0.465297111938885,0.63149629359342,0.829345720716961,0.940739336891365,1.17467049673952,1.39650540604682,1.12889480056374,1.02845982642452,1.06114072977934,0.946589838408978,0.737791275783869,1653.546669005,1.37936342334202,0.920696756675358,2710,0.542465753424658
"CBT",2008,7,51851.1485635097,0.870967741935484,663.535484067742,294.58064516129,24.5483870967742,6.59677419354839,15.5725806451613,389.677419354839,167.319293176006,108.462990812937,-0.676002055860183,-0.302695187172241,0.0506189174472706,0.253840991448745,0.495466698829481,0.626631258246346,0.892264967297157,1.13091127838678,0.845632416546566,0.772609921319998,0.806611247020768,0.677215727003467,1526.13161335581,1.76806396901257,1.37838654965773,2710,0.542465753424658
"CBT",2008,8,48361.703125,1.45161290322581,552.051608180645,125.032258064516,22.8387096774194,6.41935483870968,14.6290322580645,473.548387096774,139.704525021304,96.8970899621695,-0.234626857840997,-0.60746677113441,-0.408223721755976,-0.107793583629283,0.113509994785614,0.350476278721262,0.488204805574722,0.776621338872525,1.02563458454926,0.723029874263246,0.650443965944834,0.687728534543423,1269.71869881548,1.66389723983274,1.19034885273596,2710,0.542465753424658
"CBT",2008,9,43822.0800781267,0.933333333333333,450.986667886667,10.8,18.6166666666667,1.73333333333333,10.175,504,97.6354430899063,63.4686714050355,-0.204500251949261,-0.316258113124473,-0.554748432159057,-0.397832308906537,-0.159476479778266,0.0563720924151082,0.27184495688232,0.408655610432506,0.701564552821225,0.943334257419855,0.639540239643896,0.574141214403797,1037.26933613933,1.24153569061942,0.737535690619424,2710,0.542465753424658
"CBT",2008,10,39175.4322076581,1,356.129031274194,1.54838709677419,13.1129032258065,-2.93548387096774,5.08870967741935,482.58064516129,60.447252425465,33.4420262950267,-0.733880145362891,-0.495317454258319,-0.59175274780509,-0.744301560814411,-0.539732134565655,-0.318261885312882,-0.0933741432373924,0.13352521965884,0.27202396051436,0.557971516467267,0.791925006495587,0.510329276219981,819.096771930646,0.877247165205796,0.394666520044506,2710,0.542465753424658
"CBT",2008,11,35308.7998697933,1.66666666666667,268.69333242,8.26666666666667,6.56666666666667,-6.91666666666667,-0.175,372,30.6537808257124,0,-0.884453363853331,-1.08134537270072,-0.8432811102321,-0.899445020988016,-0.964733441731282,-0.681315931630782,-0.433997989968209,-0.199914041384406,0.0224929122902994,0.159274109776462,0.441962381035602,0.666889690657392,617.994664566,0.6030597083793,0.2310597083793,2710,0.542465753424658
"CBT",2008,12,33580.7994792,4.93333333333333,242.559999853333,72.5333333333333,-2,-13.75,-7.875,224,14.0959921729038,0,1.17823353498372,-0.159194390225701,-0.634401363039566,-0.456461036340762,-0.554707343801746,-0.719579450019504,-0.509273117763547,-0.299527545414656,-0.0766911733050956,0.141522490485034,0.275613898432408,0.556525807271385,557.887999662666,0.338181731206101,0.114181731206101,2710,0.542465753424658
"CBT",2009,1,34615.741809471,2.7741935483871,308.438709877419,134.193548387097,-0.354838709677419,-13.6129032258065,-6.98387096774194,223.225806451613,17.9917209462353,0,-0.513303000945675,0.332604484977782,-0.39182346928351,-0.760720863799384,-0.700160609657894,-0.771176003558207,-0.859396970090901,-0.610170044487357,-0.346322458435584,-0.112536412622393,0.109946992099411,0.242001898223309,709.409032718064,0.36229432864023,0.139068522188617,2710,0.542465753424658
"CBT",2009,2,37904.9143415179,3,408.799999239286,190,1.75,-13.0535714285714,-5.65178571428571,235.714285714286,26.0357012080529,0,-0.69455648719232,-0.690094577424457,-0.0232851756015516,-0.488400541243906,-0.780074225652632,-0.800446214190693,-0.869575269408475,-0.949365938591868,-0.673008970574402,-0.390232479417716,-0.156509893029448,0.0612703661641181,940.239998250358,0.40119429500598,0.165480009291694,2710,0.542465753424658
"CBT",2009,3,42274.6838457677,2.12903225806452,506.322578677419,239.612903225806,5.64516129032258,-9.62903225806452,-1.99193548387097,305.806451612903,50.7731207277129,0,-0.390650150857689,-0.532340085795587,-0.560698707870394,-0.135978212802567,-0.48653703151519,-0.704478586722741,-0.801629609577795,-0.868105107740009,-0.940803016778317,-0.687061199902146,-0.399879001245686,-0.171396440801829,1164.54193095806,0.5278724023213,0.222065950708397,2710,0.542465753424658
"CBT",2009,4,46932.4800781267,2.4,579.093335976667,317.066666666667,8.46666666666667,-6,1.23333333333333,404,72.0706801781766,12.1762856380433,0.433243623713447,0.184939728063155,0.0122683057422531,-0.0902453699119096,0.164639782441542,-0.0999009584788902,-0.316140911648544,-0.438867385366162,-0.519128927753146,-0.677881501001395,-0.468365942993693,-0.192455062381484,1331.91467274633,0.667721077535415,0.263721077535415,2710,0.542465753424658
"CBT",2009,5,50847.7935987871,1.61290322580645,621.522579070968,264.645161290323,15.9516129032258,1.45161290322581,8.70161290322581,603.870967741935,117.487580333645,66.2797300836254,-0.410167413639228,-0.0732025326372895,-0.136364903158406,-0.224826649480143,-0.291861129078949,-0.0850805454750871,-0.270052218331653,-0.421251824007499,-0.52862202791061,-0.611419325211532,-0.752592171316542,-0.596871717724004,1429.50193186323,1.12433200727525,0.520461039533318,2710,0.542465753424658
"CBT",2009,6,52784.6404947633,1.36666666666667,597.013334146667,158.666666666667,18.0666666666667,3.23333333333333,10.65,654.666666666667,129.07466736422,78.2485552737387,1.8611469242923,0.956908698466824,0.861014242186533,0.689169793319604,0.584455988045214,0.490236002068321,0.650558153068445,0.493867958185415,0.327988456311956,0.221898788834736,0.139657728321924,-0.086937734822269,1373.13066853733,1.28154955240263,0.626882885735968,2710,0.542465753424658
"CBT",2009,7,51929.1872479839,1.48387096774194,520.464518883871,30.1935483870968,23.5967741935484,6.04838709677419,14.8225806451613,681.290322580645,161.711687456492,104.207340483123,0.00742098770531028,1.36123954128036,0.736712309805665,0.706346697114448,0.583701078698213,0.490181237233083,0.402125392189981,0.550638838643742,0.412534696275544,0.281794667271984,0.194078602652698,0.105216036265902,1197.0683934329,1.68481396313193,1.00352364055129,2710,0.542465753424658
"CBT",2009,8,48495.4838709677,0.580645161290323,473.187099825806,0,22.1612903225806,4.64516129032258,13.4032258064516,664.516129032258,138.840766288341,90.2591251669975,-0.235759786886472,-0.131277248698925,1.05267848283909,0.537499610853033,0.551608702927256,0.439388101907502,0.348455198069575,0.268535669110264,0.415628191456429,0.274929300318792,0.145631538742219,0.0647696282522215,1088.33032959935,1.53664319861655,0.872127069584291,2710,0.542465753424658
"CBT",2009,9,43983.3600260433,2.06666666666667,394.55999756,0,18.3,2.11666666666667,10.2083333333333,568,95.7038843712733,63.637226313608,0.293126631657443,0.0192767582037296,0.0597802073413932,1.02830496905242,0.586263265569072,0.595076610179784,0.472418600522337,0.377424360725597,0.295566412189882,0.433016690221491,0.292322940064185,0.170480466201878,907.487994388,1.24430732072485,0.676307320724854,2710,0.542465753424658
"CBT",2009,10,39320.3612651161,1.96774193548387,324.025805564516,3.35483870967742,8.41935483870968,-4.25806451612903,2.08064516129032,459.354838709677,46.6643758278011,16.1930167654907,1.76996263698833,1.27182581824956,0.962524256774823,0.69453649761227,1.39267859299041,1.03827267608669,0.98584504872068,0.8526188230321,0.746123510789035,0.651809678399554,0.77006816349041,0.625423826605483,745.259352798387,0.709518743069763,0.250163904360087,2710,0.542465753424658
"CBT",2009,11,35412.4798177133,0.8,338.240000916667,22.9333333333333,6.73333333333333,-8.15,-0.708333333333333,350.666666666667,31.2313534380996,0,-1.13743282273458,0.735336829557081,0.759238880985571,0.552959532999953,0.448247280322195,1.16430258939921,0.80830445016127,0.784837368514008,0.665360991762779,0.569784023406364,0.486537025357331,0.602804850477104,777.952002108334,0.580062265924126,0.229395599257459,2710,0.542465753424658
"CBT",2009,12,33592.31953128,2.66666666666667,267.840001933333,80.1333333333333,-3.85,-17.1833333333333,-10.5166666666667,169.333333333333,11.0190906552877,0,1.41693809020543,-0.274469807370402,1.27584894751323,1.00837827404668,0.791970741830845,0.644337820010163,1.3024713740664,0.984763351976744,0.944733924131787,0.819267042961354,0.717730927365883,0.62720532364192,616.032004446666,0.274871586836585,0.105538253503252,2710,0.542465753424658
"CBT",2010,1,34615.741809471,2,310.400000293548,138.709677419355,-1,-14.4032258064516,-7.70161290322581,205.161290322581,16.889526114723,0,-0.416918191177996,0.52988257385145,-0.43406222532231,0.938436181719841,0.822493048066231,0.601503971033452,0.467551829218142,1.20947631815944,0.894887344659144,0.873520640060075,0.770603053369865,0.684005207336749,713.92000067516,0.342758147015973,0.137596856693392,2710,0.542465753424658
"CBT",2010,2,37904.9143415179,2.21428571428571,422.971431732143,207.428571428571,-1.46428571428571,-15.6428571428571,-8.55357142857143,188.571428571429,19.3938414096328,0,0.900064055346673,0.397527233079619,0.810263659552952,0.131992483587602,1.05341808256206,0.968652187410895,0.789783282481504,0.633596294606566,1.28518344674148,0.998843024069846,0.969255459318981,0.8699054336201,972.834292983929,0.32078985615617,0.132218427584741,2710,0.542465753424658
"CBT",2010,3,42274.6838457677,0.741935483870968,556.696779309677,252.645161290323,4.41935483870968,-11.2096774193548,-3.39516129032258,267.096774193548,46.8004961229495,0,0.0141720815808029,0.489055698491563,0.298312794839769,0.650144765498859,0.181762625405234,0.86888316708914,0.863865285875033,0.696241281753385,0.57372704211201,1.23038871648301,0.968270927660858,0.952680843883264,1280.40259241226,0.47562666664839,0.208529892454842,2710,0.542465753424658
"CBT",2010,4,46932.4800781267,2.56666666666667,549.013332113333,285.466666666667,8.38333333333333,-5.05,1.66666666666667,400,71.0301968045844,15.5437563829366,0.583111022850772,0.499525879088751,0.691218413529282,0.534501614000818,0.770339664864521,0.443523717128443,0.905732210674235,0.927031846511144,0.809102858683015,0.690265637836962,1.25583818582401,1.03938998706177,1262.73066386067,0.688816345769809,0.288816345769809,2710,0.542465753424658
"CBT",2010,5,50847.7935987871,1.16129032258065,651.148392212903,257.161290322581,13.2741935483871,-1.46774193548387,5.90322580645161,425.806451612903,105.954732460932,48.3876119257547,0.676593683302447,0.698984101796896,0.634037754595513,0.769662989976495,0.655322896085807,0.868919635372724,0.636346407149912,0.975032228473007,1.00628967145049,0.903330446793479,0.803127635897357,1.33977577912587,1497.64130208968,0.928309474219537,0.502503022606634,2710,0.542465753424658
"CBT",2010,6,52784.6404947633,0.866666666666667,628.58666382,155.2,21.8666666666667,4.31666666666667,13.0916666666667,548,152.447134691786,92.5061312925429,-0.364402249191692,0.142429662720488,0.329407783211147,0.338212229405422,0.46814132000827,0.390391265365287,0.582855236224123,0.376473025438286,0.687848117482021,0.695254848336094,0.620526968260406,0.555710372264934,1445.749326786,1.50569650662868,0.957696506628683,2710,0.542465753424658
"CBT",2010,7,51929.1872479839,1.7741935483871,494.141935287097,27.4838709677419,24.4838709677419,7.38709677419355,15.9354838709677,694.193548387097,165.062540151004,110.508185525204,-0.338707286954386,-0.430933149261398,-0.0383322601972136,0.121156210134733,0.148738949181454,0.272487396071668,0.204492118658508,0.384767307173773,0.205908570063765,0.529621536159527,0.546062363904866,0.460532437362565,1136.52645116032,1.80962696090302,1.11543341251593,2710,0.542465753424658
"CBT",2010,8,48495.4838709677,3,411.664515341935,0,21.5161290322581,6.62903225806452,14.0725806451613,901.935483870968,130.743670914787,93.8973916584705,1.2387394938716,0.459988418417848,0.0820678581097795,0.285502508011927,0.389286703075083,0.383433161731961,0.501387848714554,0.425370474332321,0.595799978612229,0.402348649989798,0.718308999344375,0.752479705236924,946.82838528645,1.60502690615662,0.703091422285653,2710,0.542465753424658
"CBT",2010,9,43983.3600260433,0.933333333333333,441.919999693333,0,20.7333333333333,2.65,11.6916666666667,713.333333333333,106.523853664301,71.0380896313084,-1.60994875337477,-0.137610116085258,-0.237329370392656,-0.411445263733124,-0.168213940995613,-0.00558149136362113,-0.00865005741073227,0.11003808467641,0.0531933079213816,0.221645950620184,0.0470485640543038,0.373115044670747,1016.41599929467,1.37329937003191,0.659966036698576,2710,0.542465753424658
"CBT",2010,10,39320.3612651161,2.80645161290323,303.174190151613,3.48387096774194,12.6129032258065,-1.45161290322581,5.58064516129032,569.032258064516,57.8040738964718,36.0405294722883,0.130069010125495,-1.14622107387733,0.00539883741451938,-0.168478778193177,-0.337315922271276,-0.150345790201798,0.00232124877214954,0.0136825138300558,0.135650290263099,0.0784482205757251,0.24221612989511,0.0748886564884947,697.30063734871,0.907780935823591,0.338748677759075,2710,0.542465753424658
"CBT",2010,11,35412.4798177133,1.96666666666667,307.413333636667,32.9333333333333,3.26666666666667,-10.6666666666667,-3.7,298.666666666667,24.9288883655133,0,0.408785260964542,0.320743562536914,-0.663160902525808,0.218606470451691,0.0249777258342693,-0.176415594412344,-0.0293503110578345,0.102179387159527,0.105808955502839,0.22340367519552,0.165943733226911,0.321919163101755,707.050667364334,0.464903861481938,0.166237194815271,2710,0.542465753424658
"CBT",2010,12,33592.31953128,5.5,234.02666652,86.8,1.4,-9.26666666666667,-3.93333333333333,318.666666666667,18.7643117149102,0,-0.18330854820973,0.20673560117664,0.179757261784927,-0.69749136476912,0.109211144972313,-0.0362993203563745,-0.219298805579729,-0.0554312406058379,0.0853193657428175,0.0875202983592672,0.204595944028897,0.148186214057114,538.261332996,0.456841975549235,0.138175308882568,2710,0.542465753424658
"CBT",2011,1,34615.741809471,1.35483870967742,300.696775377419,62.0645161290323,-2.96774193548387,-17.1935483870968,-10.0806451612903,169.032258064516,13.3008757187343,0,0.431521522434652,0.185884597287662,0.372627759917239,0.338860021086033,-0.637165154817519,0.117290931845955,-0.0521938208868723,-0.196679352383946,0.0134376925790626,0.154296202805038,0.164518905432957,0.278617504408361,691.602583368064,0.284530883423498,0.115498625358982,2710,0.542465753424658
"CBT",2011,2,37904.9143415179,3.07142857142857,357.257143835714,117.285714285714,-2.10714285714286,-16.3214285714286,-9.21428571428571,194.285714285714,18.0306978384319,0,1.39962390549503,1.10955415285368,0.837420875007755,0.934183806891774,0.837743845935602,-0.141541193102481,0.521412423507263,0.267335688646676,0.090092795850395,0.264541399371306,0.367825847617374,0.369291439443309,821.691430822142,0.30462552360845,0.110339809322736,2710,0.542465753424658
"CBT",2011,3,42274.6838457677,2.45161290322581,468.851614674194,195.354838709677,4.38709677419355,-8.87096774193548,-2.24193548387097,318.709677419355,46.5555696957349,0,0.330698557052625,0.939476170834882,0.894545624812458,0.812913717380416,0.913931891764469,0.829196938047835,0.0331346779153653,0.570141741656177,0.328010336195218,0.201958669344276,0.371682772043813,0.462277020883635,1078.35871375065,0.518207240282734,0.199497562863379,2710,0.542465753424658
"CBT",2011,4,46932.4800781267,3.3,536.533329266667,223.466666666667,7.56666666666667,-5.41666666666667,1.075,416,67.7079389311309,10.8924674668531,1.05992952605602,0.950212638614679,1.1670977362999,1.10749094415745,1.07679020629419,1.14032024425178,1.05903430040669,0.511519454171631,0.900388927952294,0.647197980961933,0.503146930956719,0.659722784066239,1234.02665731333,0.660157232362234,0.244157232362234,2710,0.542465753424658
"CBT",2011,5,50847.7935987871,1.32258064516129,604.387096774194,196.387096774194,11.8548387096774,-1.53225806451613,5.16129032258065,534.193548387097,97.8081723144638,43.3943291632266,1.32858674200845,1.37791973923127,1.26528732195899,1.39215706912764,1.34949618575289,1.39277365521052,1.44033439746669,1.36459917940284,0.998269832582051,1.28654586502532,1.06025636123076,0.871680013832959,1390.09032258065,0.881694247672494,0.347500699285397,2710,0.542465753424658
"CBT",2011,6,52784.6404947633,0.266666666666667,643.946660363333,103.333333333333,21.05,3.08333333333333,12.0666666666667,601.333333333333,149.128234315112,86.5880908791874,-0.0846325786819334,0.848093068823956,1.01399168669564,0.983578201410414,1.1346236862903,1.12168199486021,1.13158748190991,1.15941879288146,1.11314499894891,0.775623742917336,1.04153434000627,0.868628752106047,1481.07731883567,1.40771733179448,0.80638399846115,2710,0.542465753424658
"CBT",2011,7,51929.1872479839,1.58064516129032,457.083873132258,5.41935483870968,24.1451612903226,7.80645161290323,15.9758064516129,830.967741935484,161.554514266597,110.734882506128,0.0367133084762241,-0.0152478769513479,0.663642917586558,0.854887270590555,0.875822181645735,1.04290122110981,1.03914046205646,1.04144869610719,1.06731923554395,1.03902116419373,0.725211320897599,0.972853686149179,1051.29290820419,1.81429758272808,0.983329840792598,2710,0.542465753424658
"CBT",2011,8,48495.4838709677,0.806451612903226,472.051615067742,0,24.2096774193548,7,15.6048387096774,600,147.331016170265,102.106081004432,-1.47540418891345,-0.73833842419292,-0.626726491151804,0.0810603268838142,0.374293649618432,0.440401811775051,0.636402855073348,0.654501927047511,0.65610678178296,0.699586071022518,0.687390960331945,0.339168664242419,1085.71871465581,1.7717242120348,1.1717242120348,2710,0.542465753424658
"CBT",2011,9,43983.3600260433,1.2,407.67999827,0,18.9,2.91666666666667,10.9083333333333,597.333333333333,97.4877321217971,67.1534457222189,-0.135928471544668,-1.16493751644268,-0.645763672392026,-0.585649057207179,0.0368797737123059,0.322957857472481,0.376580794756448,0.572594527653151,0.592473461191854,0.585263713956616,0.629374419000471,0.623061059474145,937.663996021,1.30378487387737,0.706451540544041,2710,0.542465753424658
"CBT",2011,10,39320.3612651161,1.90322580645161,339.199998429032,1.03225806451613,12.1451612903226,-2.66129032258065,4.74193548387097,494.193548387097,57.1815939619007,31.5817782322128,0.0757697140708944,0.0960850070847822,-0.968101413646244,-0.571050388319493,-0.517735911649081,0.038110632960536,0.315403388697075,0.379850811033548,0.570103036212702,0.590671207439947,0.582337655469333,0.627455823649353,780.159996386774,0.85627256595611,0.362079017569013,2710,0.542465753424658
"CBT",2011,11,35412.4798177133,1.43333333333333,297.386667126667,20.5333333333333,4.21666666666667,-9.35,-2.56666666666667,309.333333333333,26.5758894904471,0,-0.0941428415298967,-0.0390787905442713,0.065016132599088,-0.884054102043866,-0.524270126926749,-0.468336528887656,0.0690762076187462,0.332778342326515,0.392008207080008,0.575116386597674,0.595315189777211,0.582717579415981,683.989334391334,0.50588767355017,0.196554340216837,2710,0.542465753424658
"CBT",2011,12,33592.31953128,0.4,290.453333533333,37.8666666666667,0.166666666666667,-14.25,-7.04166666666667,218.666666666667,16.9248031409819,0,-1.19462170011331,-0.756615751221195,-0.558777647984662,-0.354613623357568,-1.15331126083449,-0.764763973838895,-0.653201446491615,-0.0900443293125156,0.198584592808238,0.262153952255082,0.449856557178221,0.475925054718057,668.042667126666,0.360685298905201,0.142018632238534,2710,0.542465753424658
"CBT",2012,1,34615.741809471,2.67741935483871,312.877416303226,110.838709677419,1.06451612903226,-14.1612903225806,-6.54838709677419,215.483870967742,20.0569881415012,0,-1.12974826359313,-1.29301825529307,-1.10217085237107,-0.906917546085173,-0.790172630730329,-1.43276066432228,-1.01226911811491,-0.830805585827255,-0.228976910803164,0.0782073829969162,0.155278327886989,0.341742716508749,719.61805749742,0.374625005272952,0.15914113430521,2710,0.542465753424658
"CBT",2012,2,37980.2483836207,2.13793103448276,395.586209003448,183.310344827586,-0.344827586206897,-14.6034482758621,-7.47413793103448,204.137931034483,21.7189417539082,0,0.274180054680783,-0.449585897681396,-0.802828468175582,-0.732328459978829,-0.608323143725657,-0.631461654201802,-1.26483338365105,-0.920344823109972,-0.748586698777206,-0.147735965381744,0.141795360107558,0.214079438724207,909.84828070793,0.348845735224731,0.144707804190248,2710,0.542465753424658
"CBT",2012,3,42430.7612147194,0.548387096774194,565.883868803226,232,7.85483870967742,-8.2741935483871,-0.209677419354839,332.903225806452,58.0569173592247,0,-1.5275160934371,-1.17344103835013,-1.32157421985959,-1.40906340414411,-1.34705545571517,-1.15082617323293,-1.15401435107371,-1.57963810485451,-1.27750490082973,-1.09937972714003,-0.47741888337324,-0.162690081562421,1301.53289824742,0.60154019785357,0.268636972047119,2710,0.542465753424658
"CBT",2012,4,47070.7200520867,0.966666666666667,581.653337603333,214.133333333333,12.6666666666667,-3.13333333333333,4.76666666666667,390.666666666667,89.300828333362,36.4440998703628,-1.72386971059868,-2.14272555328512,-1.89331949396851,-1.92314623728209,-1.87776340391941,-1.78497832712637,-1.56140696166411,-1.54422709206065,-1.88021158053859,-1.5935009127775,-1.47525084886218,-0.868740646103153,1337.80267648767,0.857753604217535,0.467086937550868,2710,0.542465753424658
"CBT",2012,5,50948.1291582613,0.419354838709677,645.16128933871,155.741935483871,17.4193548387097,0.0483870967741935,8.73387096774194,291.612903225806,128.750306641106,66.47890713002,-1.64843486707065,-1.83939572005691,-2.09483350088637,-2.0458675796131,-2.06433189143549,-2.05466818343793,-2.02228194999169,-1.81883002119823,-1.78417044103907,-1.97509763409589,-1.7538350108257,-1.70372155134947,1483.87096547903,1.12678964861676,0.835176745390952,2710,0.542465753424658
"CBT",2012,6,52807.68046872,0.3,596.586673986667,51.4666666666667,24.5833333333333,5.26666666666667,14.925,325.333333333333,169.427972451648,102.879054326819,-1.86742379065976,-1.9630712730293,-2.04135841959883,-2.21993165851032,-2.18970303282893,-2.21009572023073,-2.23967572575245,-2.16476230093287,-2.01326803033834,-1.94184181265475,-2.10714993656215,-1.91358770618714,1372.14935016933,1.6959755601164,1.37064222678307,2710,0.542465753424658
"CBT",2012,7,51851.1485635097,2.32258064516129,438.193550354839,0,24.5806451612903,7.79032258064516,16.1854838709677,571.612903225806,164.788716166514,111.911970410705,-0.247247279183128,-1.43819206176011,-1.64062118533082,-1.74814054650276,-1.91583150809023,-1.89184292153132,-1.91280302277441,-1.93177551342906,-1.90470233943512,-1.84728366036894,-1.83338199736789,-1.95890866928743,1007.84516581613,1.83875576681125,1.26714286358544,2710,0.542465753424658
"CBT",2012,8,48361.703125,1.61290322580645,452.541935090323,0,23.6612903225806,6.54838709677419,15.1048387096774,754.838709677419,144.717167519604,99.4449579130996,-0.985096566781757,-0.671215176108972,-1.48182636493185,-1.64413665995005,-1.74305463609076,-1.87311129572585,-1.85689587382795,-1.88064729673512,-1.88800524372196,-1.85765546821026,-1.80909105410554,-1.80935319131154,1040.84645070774,1.71573147380977,0.960892764132353,2710,0.542465753424658
"CBT",2012,9,43822.0800781267,1.23333333333333,408.32000173,0,19.25,2.55,10.9,680,99.6204366882989,67.1118420120379,-0.484267615319227,-1.02720850256094,-0.722347214480874,-1.54485675336164,-1.68792327727356,-1.78149650556623,-1.88747484469366,-1.8684102311017,-1.88865445924748,-1.88940665280327,-1.85915425050204,-1.82108565779128,939.136003979,1.30306233619738,0.623062336197379,2710,0.542465753424658
"CBT",2012,10,39175.4322076581,0.451612903225806,355.406451812903,0.903225806451613,12.9032258064516,-2.70967741935484,5.09677419354839,504.516129032258,59.6424800678482,33.4849967764428,-0.685199668007552,-0.697689683193813,-1.23259780714304,-0.885682447039796,-1.62261567935309,-1.73453481307598,-1.81357258728637,-1.93004379603266,-1.91471567599918,-1.93526269574872,-1.93505896960344,-1.90975097820069,817.434839169677,0.877740304149636,0.373224175117378,2710,0.542465753424658
"CBT",2012,11,35308.7998697933,0.633333333333333,308.05333252,10.8,7.93333333333333,-7.46666666666667,0.233333333333333,345.333333333333,33.5191237910763,2.40741712593156,-1.51483931846454,-1.46267493936797,-1.46267060779883,-1.91293087134468,-1.37687319769318,-2.00264745992926,-1.93680400453429,-1.96984594072406,-2.07187885337092,-2.0575549310162,-2.07693207281477,-2.07588646890196,708.522664796,0.62121000843995,0.275876675106617,2710,0.542465753424658
"CBT",2012,12,33580.7994792,2.2,239.68000031,39.6,-1.48333333333333,-13.5166666666667,-7.5,238.666666666667,14.80390874993,0,0.0424141839535644,-1.2850901176948,-1.33757881690845,-1.28565496070944,-1.65772954942275,-1.30575703338747,-1.8934555786912,-1.91456405948916,-1.96523250309301,-2.0651878345871,-2.05029897064957,-2.0702156953787,551.264000713,0.348148811253674,0.109482144587007,2710,0.542465753424658
"CBT",2013,1,34615.741809471,1.70967741935484,302.658064319355,76.3870967741936,-3.14516129032258,-17.4677419354839,-10.3064516129032,180.645161290323,12.9556419480035,0,0.619083999173055,0.425167638835305,-0.832391185013243,-1.05340646382924,-1.08117205959049,-1.45104875508136,-1.1546324721384,-1.6886020785051,-1.82181463479088,-1.91420475771671,-2.03540310392414,-2.01657968627698,696.113547934516,0.279491433863415,0.0988462725730921,2710,0.542465753424658
"CBT",2013,2,37904.9143415179,0.892857142857143,422.971427917857,103,-1.82142857142857,-17.1964285714286,-9.50892857142857,165.714285714286,18.1088888038051,0,0.891191793105461,0.91596319630607,0.739769684939424,-0.21443523958741,-0.539506452714649,-0.727910865365928,-1.12893119493219,-0.941438701987178,-1.57020445669889,-1.76307636161946,-1.87910673010653,-2.01411600295067,972.834284211071,0.297654028974372,0.131939743260086,2710,0.542465753424658
"CBT",2013,3,42274.6838457677,1.7741935483871,480.6193572,150.322580645161,4.30645161290323,-10.4838709677419,-3.08870967741935,277.41935483871,46.4960010729597,0,0.230240999258281,0.634990356086171,0.724492906484856,0.702072871088619,0.0384455562937302,-0.245512310302877,-0.508033580996527,-0.86305033778441,-0.76389035465235,-1.3879533326414,-1.66033623210408,-1.82059324261469,1105.42452156,0.486627108177749,0.209207753339039,2710,0.542465753424658
"CBT",2013,4,46932.4800781267,3.13333333333333,534.079999796667,189.333333333333,7.85,-5.7,1.075,388,69.1697391332949,10.8924674668531,0.874007841299519,0.789109198446234,0.918449618955945,0.927543566119345,0.927260387651764,0.480440866451442,0.225944048908078,-0.00296116096930573,-0.33812241899389,-0.372563342077329,-0.9978777352211,-1.39512271565322,1228.38399953233,0.660157232362234,0.272157232362234,2710,0.542465753424658
"CBT",2013,5,50847.7935987871,1.45161290322581,602.219352477419,165.161290322581,14.3870967741935,-0.435483870967742,6.9758064516129,530.322580645161,111.05173879103,55.4024735680764,0.22846903127983,0.555043367215329,0.583259568954438,0.723480044187104,0.757518834385323,0.801991343662579,0.462117347066111,0.263273935146677,0.0740262262223223,-0.227388021451484,-0.296044315797292,-0.852756960850318,1385.10451069806,0.999548003383403,0.469225422738242,2710,0.542465753424658
"CBT",2013,6,52784.6404947633,0,618.6666687,61.0666666666667,23.4,4.46666666666667,13.9333333333333,609.333333333333,162.655442620904,97.3002112305966,-1.383410128594,-0.826094599825965,-0.301586122390228,-0.154893450214721,-0.00150373495125964,0.0794052338137149,0.131649148989541,-0.159998268475918,-0.283146735047991,-0.437097268655596,-0.661436113624635,-0.684575570698574,1422.93333801,1.59058461966248,0.981251286329145,2710,0.542465753424658
"CBT",2013,7,51929.1872479839,2.41935483870968,449.961292387097,0,24.5483870967742,8.01612903225806,16.2822580645161,699.354838709677,163.983042944203,112.454267724352,-0.145450386371365,-1.02607572056336,-0.688935081039804,-0.330471730034701,-0.222157622187405,-0.0943326136672172,-0.0237780863485201,0.0204404696930448,-0.221716125183922,-0.315326405269502,-0.453432508707967,-0.661580893087528,1034.91097249032,1.85014140867138,1.1507865699617,2710,0.542465753424658
"CBT",2013,8,48495.4838709677,1.70967741935484,441.393547796774,0,22.241935483871,6.51612903225806,14.3790322580645,748.387096774194,135.668143583722,95.5521184122063,0.423070164462394,0.103931875088772,-0.768759714381024,-0.587443720018596,-0.277246693731181,-0.196530096952752,-0.077515565860702,-0.0084425580097069,0.0321530438079635,-0.208487676703574,-0.303782393811348,-0.428948237333087,1015.20515993258,1.63721763667199,0.888830539897794,2710,0.542465753424658
"CBT",2013,9,43983.3600260433,4.43333333333333,370.559997563333,0.266666666666667,18.4833333333333,4.21666666666667,11.35,806.666666666667,93.5207810160471,69.349975364584,0.955631544060089,0.904341560459722,0.534845635749517,-0.363334672918095,-0.325364281243532,-0.0571185673581569,-0.0122447636964653,0.105181539494093,0.168315901264142,0.197575446205405,-0.0494470312935578,-0.144130777550753,852.287994395666,1.34258795404525,0.535921287378585,2710,0.542465753424658
"CBT",2013,10,39320.3612651161,1.38709677419355,348.077418180645,0.387096774193548,10.1129032258065,-3.98387096774194,3.06451612903226,460.645161290323,51.6425582419102,22.1663073021823,0.981533926894401,1.20520633963212,1.17657624788559,0.796815927601394,-0.059245241832181,-0.114944059770716,0.12018664341614,0.171718201484096,0.290022707254371,0.344199091371495,0.366806655523555,0.120495322816739,800.578061815483,0.760947558895825,0.300302397605502,2710,0.542465753424658
"CBT",2013,11,35412.4798177133,1.83333333333333,290.986667636667,15.6,4.46666666666667,-7.96666666666667,-1.75,342.666666666667,26.8055740293539,0,-0.0557628310646103,0.720903784865612,1.07248440558901,1.12099763956721,0.824420525431224,0.00236168398569678,-0.0755221464856744,0.147843474113108,0.194389500293191,0.308736859312772,0.362600370539107,0.381627828420973,669.269335564334,0.537377820081491,0.194711153414824,2710,0.542465753424658
"CBT",2013,12,33592.31953128,1.63333333333333,282.346667476667,55.7333333333333,-3.01666666666667,-15.7,-9.35833333333333,196,12.45635863594,0,0.649237845106049,0.29139655733392,0.913159347229974,1.14261696782281,1.18653303742156,0.885727634657454,0.069357877060919,-0.00250010907578076,0.217661524733677,0.259309687121593,0.371705146543873,0.423572064714714,649.397335196334,0.301199275886428,0.105199275886428,2710,0.542465753424658
"CBT",2014,1,34615.741809471,3.09677419354839,313.393545825806,156.387096774194,-1.08064516129032,-14.6935483870968,-7.88709677419355,202.58064516129,16.7084832600873,0,-0.0412963661284347,0.323026612619217,0.185398267892114,0.777624602811209,1.08438299688758,1.13507610369101,0.794344819855561,0.00323520473759906,-0.000694500342733717,0.22502964214746,0.276609038530328,0.388312771064356,720.805155399354,0.337864485679024,0.135283840517734,2710,0.542465753424658
"CBT",2014,2,37904.9143415179,4.03571428571429,377.028570446429,269,0.160714285714286,-11.4642857142857,-5.65178571428571,272.857142857143,23.0718546923191,0,0.422834671571133,0.305064281167243,0.46419374445487,0.395000460350896,0.788753923992672,1.06767418218107,1.14163363086069,0.846148767979865,0.106090347914411,0.096102497549669,0.301558175513387,0.347969623765873,867.165712026787,0.40119429500598,0.128337152148837,2710,0.542465753424658
"CBT",2014,3,42274.6838457677,2.48387096774194,571.974195416129,298.064516129032,4.30645161290323,-10.7096774193548,-3.20161290322581,277.41935483871,46.4900362119621,0,0.346606295566704,0.511336249907205,0.430921335463325,0.574025141578381,0.533169856774756,0.799048010732765,1.0816798624269,1.15108344115485,0.871163737704782,0.220436052330957,0.220166166039623,0.403988239092332,1315.5406494571,0.482548298693223,0.205128943854513,2710,0.542465753424658
"CBT",2014,4,46932.4800781267,1.06666666666667,583.573332723333,316.8,8,-5.26666666666667,1.36666666666667,424,69.5003558963695,13.2332608300591,0.586776966584702,0.662720178847478,0.70554606828094,0.619575735274762,0.719956798104051,0.686966286578687,0.856699177084952,1.08805475179069,1.15566275366599,0.94454706532763,0.38239349183454,0.410728496956822,1342.21866526367,0.674150097560096,0.250150097560096,2710,0.542465753424658
"CBT",2014,5,50847.7935987871,2.29032258064516,641.961290912903,289.161290322581,13.8387096774194,-0.32258064516129,6.75806451612903,517.41935483871,107.592302461372,53.9959574873648,0.631530398918672,0.670331982445102,0.709487133921582,0.757626018831309,0.695371534152154,0.810454105359365,0.797320204921925,0.91910958799705,1.11572491633878,1.1768141072798,1.0146175622797,0.492577688445422,1476.51096909968,0.984707565421471,0.467288210582761,2710,0.542465753424658
"CBT",2014,6,52784.6404947633,0.133333333333333,679.573335773333,192.666666666667,20.95,2.91666666666667,11.9333333333333,481.333333333333,148.737668831008,85.8114198874239,-0.0579164207201888,0.302172569009478,0.446442703880644,0.518104436373898,0.567992291937437,0.530744800287353,0.633636264541495,0.610974071957071,0.730928892677071,0.884785377250639,0.953990004108404,0.836099856511337,1563.01867227867,1.39539384760014,0.914060514266807,2710,0.542465753424658
"CBT",2014,7,51929.1872479839,1.25806451612903,535.6387083,52.6451612903226,24.5645161290323,7.45161290322581,16.008064516129,602.58064516129,165.495674904996,110.916162194239,-0.44254905476152,-0.293091896583164,0.0353457345528913,0.182591451593741,0.27895755692636,0.333907423652841,0.306286038791511,0.402902208932099,0.396780521346843,0.543042401658898,0.700211624657578,0.754003553901428,1231.96902909,1.81804169423599,1.2154610490747,2710,0.542465753424658
"CBT",2014,8,48495.4838709677,2.45161290322581,415.380645751613,0,20.8225806451613,5.93548387096774,13.3790322580645,690.322580645161,127.898684401283,90.1269872217124,1.49115518720546,0.565330939107248,0.338554249746644,0.4651689019531,0.540406994348927,0.5982422318902,0.645305019667427,0.606280862883194,0.690024864501723,0.66808935378635,0.802314162316021,0.98663267366274,955.37548522871,1.53422022191953,0.843897641274365,2710,0.542465753424658
"CBT",2014,9,43983.3600260433,2.63333333333333,404.26666921,0,19.05,3.91666666666667,11.4833333333333,742.666666666667,96.7600577765558,70.0098794640252,0.215620370033593,1.19927664767696,0.582898845371275,0.410803679120747,0.495967284879235,0.565509258285071,0.614990152780575,0.659525573155852,0.618044513903855,0.690660582974229,0.666873375940868,0.801657949418557,929.813339183,1.35450018602325,0.611833519356584,2710,0.542465753424658
"CBT",2014,10,39320.3612651161,1.2258064516129,342.709675448387,0,13.6774193548387,-0.919354838709677,6.37903225806452,576.774193548387,60.8985452833408,40.1680689609092,-0.776449749706032,-0.180198592606363,0.773363167570003,0.323225673821401,0.20544862824394,0.294368162160389,0.389576849016567,0.454058607271761,0.502119449916684,0.470650703010064,0.544256070321478,0.529551954658229,788.23225353129,0.959337951220048,0.382563757671661,2710,0.542465753424658
"CBT",2014,11,35412.4798177133,2.66666666666667,271.360000353333,21.7333333333333,4.18333333333333,-9.28333333333333,-2.55,318.666666666667,26.5067319000899,0,0.203925564326343,-0.471860913819934,-0.0279267085738125,0.827317782972457,0.444382256291585,0.311959228126009,0.374010605301638,0.452074556040061,0.509078005586767,0.552537913803864,0.520960860737091,0.585555045993878,624.128000812666,0.50651357916457,0.187846912497903,2710,0.542465753424658
"CBT",2014,12,33592.31953128,2.16666666666667,251.946666466667,75.8666666666667,-0.3,-11.65,-5.975,268,16.5061307647772,0,-0.540270591280295,-0.164671633691736,-0.663517619706636,-0.23539846761979,0.65021389915613,0.321057137762936,0.210781215546323,0.301156066712564,0.395620668774957,0.454386921445448,0.500170024997074,0.470769959887188,579.477332873334,0.391429272920454,0.123429272920454,2710,0.542465753424658
"CBT",2015,1,34615.741809471,0.935483870967742,313.29032356129,119.741935483871,0.532258064516129,-12.8548387096774,-6.16129032258065,237.41935483871,19.4539958717215,0,-1.43393978000287,-1.13261520507629,-0.827778866622105,-1.09254450781243,-0.780766050713842,0.161784930218135,-0.0743898483254736,-0.0804452620970978,0.0952312811582334,0.226465065047365,0.301663928008337,0.353651672178087,720.567744190967,0.385897583922706,0.148478229083996,2710,0.542465753424658
"CBT",2015,2,37904.9143415179,1.39285714285714,408.57143075,148.428571428571,3.14285714285714,-10.6785714285714,-3.76785714285714,278.571428571429,29.0585572182883,0,-1.83223234415696,-2.14924776660419,-1.63964679956965,-1.32236175735282,-1.43893876666857,-1.17652083829091,-0.354765731114872,-0.447773857752309,-0.35372940701869,-0.13708219558457,0.0190488981899464,0.0989968030205659,939.714290725,0.462546398874142,0.183974970302713,2710,0.542465753424658
"CBT",2015,3,42274.6838457677,1.41935483870968,531.922581335484,205.935483870968,7.66129032258065,-7.61290322580645,0.0241935483870968,331.612903225806,57.2486233202689,0.467325074964952,-1.34422766256496,-1.852175553323,-2.03624438914304,-1.82242988839699,-1.63065731327715,-1.63854451224524,-1.45824220072606,-0.867575280135338,-0.845341117519817,-0.681085694207657,-0.410306295567001,-0.225965226351368,1223.42193707161,0.611854184132228,0.280241280906422,2710,0.542465753424658
"CBT",2015,4,46932.4800781267,1.2,572.053331503333,206.533333333333,10.2333333333333,-4.26666666666667,2.98333333333333,333.333333333333,78.7877565131628,24.9227945330274,-0.57075701214941,-1.15173696083147,-1.56021460774413,-1.70382962721727,-1.57408598447064,-1.43960800361549,-1.46139549453212,-1.37154954999688,-0.886549862219756,-0.891988267313041,-0.748239957292484,-0.460848859885659,1315.72266245767,0.756582456866926,0.423249123533593,2710,0.542465753424658
"CBT",2015,5,50847.7935987871,3.90322580645161,495.277415616129,164.387096774194,12.2096774193548,0.0161290322580645,6.11290322580645,552.258064516129,97.2149398025976,49.776693672539,1.53861452028383,0.837686215860531,0.260819213955402,-0.0784383355892303,-0.31448948115476,-0.349882862349192,-0.2930911031081,-0.451147914794314,-0.455648588820455,-0.041448723533139,-0.196054097067626,-0.131999120110164,1139.1380559171,0.941872009346984,0.389613944830855,2710,0.542465753424658
"CBT",2015,6,52784.6404947633,1.23333333333333,588.266664633333,60.9333333333333,21.9,5.11666666666667,13.5083333333333,732,151.09094056126,94.8864977435648,-0.18778143345159,0.982150804902503,0.520102746993617,0.10813724689261,-0.160921872446056,-0.343910344685443,-0.34831195466272,-0.302184877374344,-0.430630512208883,-0.44361525243439,-0.109913006000404,-0.245071438205142,1353.01332865667,1.54720878924901,0.81520878924901,2710,0.542465753424658
"CBT",2015,7,51929.1872479839,3.16129032258065,402.374195712903,0,21.1129032258065,6.51612903225806,13.8145161290323,965.161290322581,142.928710876941,98.4224374073414,2.16368171722655,1.26163446969897,1.67714042156173,1.21060773837245,0.788024078365708,0.529929484907705,0.329619789602833,0.309883725808826,0.343252105805899,0.208479612136599,0.19907876874216,0.513263408707748,925.460650139677,1.57835171702339,0.613190426700809,2710,0.542465753424658
"CBT",2015,8,48495.4838709677,2.16129032258065,440.567743116129,0,22.0483870967742,6.2741935483871,14.1612903225806,939.354838709677,134.957283168726,94.3770859451116,0.590291628069304,1.75796515900307,1.26675616143805,1.78783505565025,1.28371993888491,0.850326004057907,0.582993266826269,0.380053418279514,0.354005362206782,0.378989495450568,0.237689946308493,0.237864412111819,1013.3058091671,1.61428757006886,0.674932731359183,2710,0.542465753424658
"CBT",2015,9,43983.3600260433,1.73333333333333,397.4399999,0,19.6166666666667,3.76666666666667,11.6916666666667,804,99.7291824178412,71.0380896313084,-0.419339513040658,0.138378930408114,1.29657810823528,1.0012368795579,1.55942194431281,1.13378685371552,0.726865202378848,0.457519372748554,0.260173920217024,0.23036135045305,0.258453074560786,0.131930664742057,914.11199977,1.37329937003191,0.569299370031909,2710,0.542465753424658
"CBT",2015,10,39320.3612651161,1.41935483870968,322.064514903226,0.129032258064516,14.1129032258065,-0.193548387096774,6.95967741935484,610.322580645161,61.7377085716346,43.1083233633004,-0.896958261944313,-0.804789548179829,-0.262289996329919,0.99524689228767,0.734241025717724,1.31344464402788,0.926543587035176,0.538426315699406,0.288846700097384,0.1082668419924,0.0865897807224399,0.120579634953776,740.74838427742,0.998441977534102,0.388119396888941,2710,0.542465753424658
"CBT",2015,11,35412.4798177133,1.43333333333333,296.853333526667,17.0666666666667,4.28333333333333,-9.4,-2.55833333333333,310.666666666667,26.704515279968,0,-0.122983672447557,-0.742349587417269,-0.667105938296367,-0.227172873697605,0.991912739057487,0.743844746040085,1.27382202716519,0.915080070719716,0.541394671916052,0.297722418249777,0.122990229476712,0.101454151055269,682.762667111334,0.506200540449335,0.195533873782668,2710,0.542465753424658
"CBT",2015,12,33592.31953128,2.56666666666667,262.826664996667,52,-1.25,-14.2833333333333,-7.76666666666667,216,15.0078746392858,0,0.0983526214576245,-0.0779669033992954,-0.683702184559447,-0.622009310105895,-0.24110951640119,0.980710531022868,0.729461062299444,1.28466693823228,0.927154107795832,0.552680413163475,0.306691020490247,0.130928893578231,604.501329492334,0.341034683423142,0.125034683423142,2710,0.542465753424658
"CBT",2016,1,34615.741809471,1.93548387096774,309.780644567742,121.935483870968,-2.25806451612903,-16.3225806451613,-9.29032258064516,179.354838709677,14.5792867538364,0,0.237286993375835,0.20815419389408,0.0429458736600262,-0.540182776377995,-0.629590031253711,-0.279455209137784,0.94542669986974,0.698554929482942,1.26917839987995,0.933284138249486,0.590866228627195,0.356215942785305,712.495482505807,0.302812646249042,0.123457807539365,2710,0.542465753424658
"CBT",2016,2,37980.2483836207,1.17241379310345,439.613790051724,192.689655172414,1.6551724137931,-13.1379310344828,-5.74137931034483,235.862068965517,25.8345478277702,0,-1.12549600283643,-0.5135231798019,-0.32326930668698,-0.334030568380577,-0.735206118132403,-0.854980271651048,-0.538010890686993,0.721538322793957,0.536283455030999,1.07570782901692,0.788652347642915,0.469266391458463,1011.11171711897,0.398466004478909,0.162603935513392,2710,0.542465753424658
"CBT",2016,3,42430.7612147194,1.87096774193548,501.574196106452,217.806451612903,5.37096774193548,-8.37096774193548,-1.5,325.161290322581,49.6578109034725,0,-0.259077546246233,-0.62634522807536,-0.37777083703551,-0.264435600832794,-0.302037788006834,-0.611577727272639,-0.797219495951914,-0.557859913491059,0.57611460301303,0.46995966262754,0.982884650549189,0.738653708457924,1153.62065104484,0.547359406149404,0.222198115826823,2710,0.542465753424658
"CBT",2016,4,47070.7200520867,2.2,543.679999796667,233.466666666667,9.16666666666667,-4.2,2.48333333333333,410.666666666667,73.826183304638,21.4780206545739,0.185399843385307,0.0902859586721325,-0.199286337046192,-0.10039955942012,-0.044963213019143,-0.0827454856043353,-0.347061689979752,-0.53163065452375,-0.345450198446722,0.563990553120623,0.492335684235875,0.968812178631363,1250.46399953233,0.730183426129793,0.319516759463126,2710,0.542465753424658
"CBT",2016,5,50948.1291582613,2,607.690322383871,182.322580645161,13.5806451612903,-0.467741935483871,6.55645161290323,487.741935483871,106.28277939994,52.6859698821072,0.721247939904997,0.538332089920697,0.416793789829557,0.225165100232784,0.243522582787186,0.289830016177814,0.270086995379954,0.0359394646368495,-0.137769524162952,-0.0206974802494196,0.709170640159433,0.625449309522775,1397.6877414829,0.971140288256544,0.483398352772673,2710,0.542465753424658
"CBT",2016,6,52807.68046872,0.366666666666667,622.720003253333,78.8,23.1333333333333,4.91666666666667,14.025,634.666666666667,160.008197818203,97.8189786687356,-1.13022553391631,-0.337004235342836,-0.174739817710945,-0.168139647601871,-0.309677532739304,-0.264046468945244,-0.199614995536657,-0.209645554680084,-0.366483333449454,-0.503992359162504,-0.409630421306827,0.219415124271135,1432.25600748267,1.60007908545132,0.965412418784656,2710,0.542465753424658
"CBT",2016,7,51851.1485635097,1.90322580645161,459.974194925806,0.129032258064516,23.3064516129032,6.67741935483871,14.991935483871,816.774193548387,158.235903596323,105.171784124716,0.45984002698608,-0.505024406699875,-0.0670560844426458,-0.0265577774859574,-0.04844496839725,-0.18255467751599,-0.155002861954741,-0.10328047837372,-0.10093363330987,-0.234424528019401,-0.363215417284662,-0.284915130519043,1057.94064832935,1.70330519017714,0.88653099662875,2710,0.542465753424658
"CBT",2016,8,48361.703125,3.19354838709677,403.509676535484,0,20.3225806451613,5.53225806451613,12.9274193548387,833.548387096774,125.635782999472,87.652010236692,1.78658989432364,1.36056012080418,0.330950440012781,0.507554030262314,0.449765516043734,0.376765330316889,0.230580484118648,0.242359059500398,0.28233231767736,0.264096723843042,0.109231915909235,-0.010895247402956,928.072256031613,1.4896037748372,0.656055387740427,2710,0.542465753424658
"CBT",2016,9,43822.0800781267,1.06666666666667,412.373334756667,0,18.2166666666667,2.41666666666667,10.3166666666667,729.333333333333,94.9293887615256,64.184313315622,0.257542345087454,1.44974579580571,1.19527514078735,0.41782742397776,0.547862340421262,0.487781745206279,0.400990940506942,0.251081462923431,0.261813421538327,0.293285520189445,0.274567123612638,0.128124988328675,948.458669940334,1.25335281081935,0.52401947748602,2710,0.542465753424658
"CBT",2016,10,39175.4322076581,0.612903225806452,349.729031470968,0,14.241935483871,-1.16129032258065,6.54032258064516,567.741935483871,62.9755152771266,40.9897009624732,-1.263057297663,-0.505886898557277,0.815984053939898,0.789853279129116,0.0815109267484665,0.228324450011426,0.214872841752896,0.155908721159674,0.026546699413819,0.044917254379274,0.0836244623030166,0.075276257706819,804.376772383226,0.970062073903732,0.402320138419861,2710,0.542465753424658
"CBT",2016,11,35308.7998697933,1.5,273.60000254,4,7.7,-6.51666666666667,0.591666666666667,402.666666666667,32.845529244249,5.11964517183203,-1.28532509757843,-1.61608425339734,-1.12421399176019,0.322976161484614,0.497162565738326,-0.167800004467756,-0.00134361607059445,0.0152904014827569,-0.03388096935503,-0.153176022524696,-0.125798657064684,-0.0805934319413154,629.280005842,0.637535155048836,0.234868488382169,2710,0.542465753424658
"CBT",2016,12,33580.7994792,3.93333333333333,248.746665446667,65.6,-1.45,-13.35,-7.4,242.666666666667,14.8645929544629,0,0.613146756957105,-0.849146108587533,-1.33407424116134,-0.858512691383648,0.39195169410169,0.558106730828429,-0.100263954287246,0.0676004093628095,0.0802748864057423,0.0249997816212927,-0.0992471107853306,-0.0729010203954254,572.117330527334,0.350850470587616,0.108183803920949,2710,0.542465753424658
"CBT",2017,1,34615.741809471,6.64516129032258,293.058062158065,180.645161290323,-2.33870967741935,-13.2096774193548,-7.7741935483871,246.451612903226,15.1012953907148,0,1.28048805818229,1.14757675486041,-0.013041472875506,-0.788506889019,-0.48415906910447,0.666099173588352,0.719625164600038,0.0730904341308136,0.271581992727295,0.269031722982508,0.21771571348753,0.0889343308920469,674.03354296355,0.340835773140568,0.0943841602373417,2710,0.542465753424658
"CBT",2017,2,37904.9143415179,3.5,390.514283860714,254.571428571429,2.46428571428571,-9.26785714285714,-3.40178571428571,320,27.4707734409283,0,-0.946139244758749,0.340654009030111,0.477527058599686,-0.298790870385408,-0.884757706243552,-0.684772378950052,0.388764403385995,0.531105587980715,-0.0413270618566891,0.169529215293144,0.181081251038157,0.135368574939525,898.182852879642,0.475391334752987,0.155391334752987,2710,0.542465753424658
"CBT",2017,3,42274.6838457677,0.967741935483871,547.612900274194,287.096774193548,7.24193548387097,-6.64516129032258,0.298387096774194,394.838709677419,55.427031171266,3.58414749886842,-1.1841520567715,-1.32317931395507,-0.559568426286989,-0.289225371550153,-0.81866411641353,-1.15763160704558,-1.03317649213599,-0.193486439238496,0.0694581593272625,-0.338746988788512,-0.0796504528139135,-0.0317090615486444,1259.50967063065,0.624145927503305,0.229307217825886,2710,0.542465753424658
"CBT",2017,4,46932.4800781267,1.66666666666667,601.920000203333,267.333333333333,9.43333333333333,-4.95,2.24166666666667,402.666666666667,75.6698960222589,19.7668751068384,-0.119416885028344,-0.717275099244035,-0.872197494163419,-0.38673630072787,-0.211167249754639,-0.608197212660051,-0.902095721807675,-0.848016995352741,-0.162238326877746,0.0285100778676731,-0.311851503242671,-0.0343901615259997,1384.41600046767,0.717718858159187,0.31505219149252,2710,0.542465753424658
"CBT",2017,5,50847.7935987871,0.903225806451613,640.825808616129,226.58064516129,14.2258064516129,-0.548387096774194,6.83870967741935,424.516129032258,110.256830681702,54.5178743201503,0.252565896162763,0.0678563858399209,-0.332755236427173,-0.46359432796698,-0.186434519714896,-0.064961449810084,-0.35882851441436,-0.619331140823531,-0.606670747449594,-0.0755855013594528,0.0550720190885438,-0.259313057727408,1473.8993598171,0.990181175776491,0.565665046744233,2710,0.542465753424658
"CBT",2017,6,52784.6404947633,0,659.840004473333,126.266666666667,22.6833333333333,4.5,13.5916666666667,369.333333333333,157.68503901855,95.3608933657348,-0.955753134995568,-0.526035812505387,-0.426881354321987,-0.658039504620712,-0.757691973599526,-0.536392947628737,-0.412715875802215,-0.628332508151261,-0.813431987017291,-0.799874419609032,-0.390854551668075,-0.267772430519769,1517.63201028867,1.55563093884723,1.1862976055139,2710,0.542465753424658
"CBT",2017,7,51929.1872479839,2.06451612903226,460.903226790323,11.2258064516129,23.9838709677419,7.59677419354839,15.7903225806452,600,160.905050666591,109.691175711899,0.168057695504591,-0.541658756213882,-0.333575444670501,-0.331464166914543,-0.555152481397045,-0.650277499976232,-0.473324489425234,-0.369762866819136,-0.543807720044903,-0.70975565290094,-0.709676544063044,-0.340803166895267,1060.07742161774,1.79289998210297,1.19289998210297,2710,0.542465753424658
"CBT",2017,8,48495.4838709677,0.903225806451613,476.180647325806,0,21.8709677419355,5.90322580645161,13.8870967741935,615.483870967742,134.617847769765,92.892540652602,0.458646599446743,0.33980569855224,-0.353771029750999,-0.258615715089803,-0.269712885915318,-0.50054812465068,-0.592179291522755,-0.429908135857994,-0.332103024450486,-0.502728006494298,-0.662178652008977,-0.661511812428905,1095.21548884935,1.58581443619262,0.970330565224876,2710,0.542465753424658
"CBT",2017,9,43983.3600260433,1.5,400.319999186667,0,19,2.88333333333333,10.9416666666667,617.333333333333,98.0071745288974,67.3198005232714,-0.17221506815385,0.199092651230362,0.257730077812119,-0.336676076799873,-0.294784021842111,-0.306375678906327,-0.553667019177188,-0.641467656291474,-0.48202176281352,-0.388122256623381,-0.548176404663683,-0.692962755217286,920.735998129334,1.30667855452795,0.689345221194622,2710,0.542465753424658
"CBT",2017,10,39320.3612651161,1.41935483870968,365.006452009677,1.80645161290323,12.8225806451613,-3.04838709677419,4.88709677419355,494.193548387097,59.5827010433182,32.3635141257411,-0.487572248875039,-0.294240541031905,0.000378676207601528,0.101112670262335,-0.420448947870299,-0.396318771733977,-0.396263897624073,-0.615338829393311,-0.689984488104468,-0.536860387572947,-0.44105854636117,-0.593810647292764,839.514839622257,0.864998040139816,0.370804491752719,2710,0.542465753424658
"CBT",2017,11,35412.4798177133,1.66666666666667,283.840001426667,14.1333333333333,8.33333333333333,-5.18333333333333,1.575,426.666666666667,33.7390461014263,11.325075343049,-1.3965739326905,-1.2770104757073,-1.02817843098285,-0.612769902512031,-0.270190811398636,-0.711461783888314,-0.623272740042171,-0.589235362267098,-0.789225703479933,-0.858420079797082,-0.703450838074227,-0.602402069457378,652.832003281334,0.684305286996279,0.257638620329612,2710,0.542465753424658
"CBT",2017,12,33592.31953128,0.866666666666667,280.213335163333,34.1333333333333,2.96666666666667,-11.2833333333333,-4.15833333333333,268,21.3363961731143,0,-2.11305955370423,-2.0008418375615,-1.792016382059,-1.65815697474727,-1.24762331498479,-0.76697947461286,-1.05827109568295,-0.887745207868413,-0.813166072114797,-0.989854055136517,-1.05538031232052,-0.904165854981057,644.490670875666,0.449185915805255,0.181185915805255,2710,0.542465753424658
"CBT",2018,1,34615.741809471,1.64516129032258,323.819353654839,141.935483870968,1.83870967741935,-13.258064516129,-5.70967741935484,229.677419354839,21.4605451994436,0,-1.76058057105549,-2.1435704411277,-2.23654599108239,-2.06450055876988,-1.92785543174796,-1.66145369933109,-1.13938568600677,-1.27566129528443,-1.04918987753959,-0.952633604791186,-1.11360382220058,-1.18207572963195,744.78451340613,0.399429493369594,0.169752074014755,2710,0.542465753424658
"CBT",2018,2,37904.9143415179,2.32142857142857,374.857141767857,186.142857142857,1.16071428571429,-11.9285714285714,-5.38392857142857,267.142857142857,25.0216393047334,0,-0.602141758647102,-1.48449618881563,-1.90588837614351,-2.25096779609216,-2.05537917968472,-1.83653575356464,-1.67690658350415,-1.20312500917264,-1.33487333166113,-1.08214270980619,-0.981564458857394,-1.14292732315739,862.171426066071,0.409450391925167,0.14230753478231,2710,0.542465753424658
"CBT",2018,3,42274.6838457677,1.54838709677419,529.445159912903,231.096774193548,5.69354838709677,-9.17741935483871,-1.74193548387097,313.548387096774,50.8907472142415,0,-0.495411847197559,-0.576755852139976,-1.06281646061469,-1.51456404498679,-1.90691325148441,-1.7813917249285,-1.68012264552376,-1.51743608807113,-1.17651881796374,-1.32929775049041,-1.09150936138926,-0.996723648035615,1217.72386779968,0.53769726723411,0.224148880137336,2710,0.542465753424658
"CBT",2018,4,46932.4800781267,2.2,597.653333536667,232.266666666667,10.45,-3.76666666666667,3.34166666666667,422.666666666667,79.3592658359236,27.3239321142987,-0.517969565490963,-0.541423872598266,-0.610206920979602,-0.96213603891181,-1.3130460513577,-1.63746019423243,-1.56027383815726,-1.55149485208432,-1.42589809374689,-1.15768333434366,-1.3166143140911,-1.11415591138842,1374.60266713433,0.776018074874446,0.353351408207779,2710,0.542465753424658
"CBT",2018,5,50847.7935987871,0.258064516129032,653.935482887097,173.032258064516,17.6774193548387,0.645161290322581,9.16129032258065,460.645161290323,129.542549368143,69.1051044969095,-1.73569057787993,-1.3314690955849,-1.26907482572983,-1.32377765457773,-1.51200842514985,-1.72176597672791,-1.95243169906381,-1.8479507273219,-1.81564224841063,-1.6874723461531,-1.47161184005696,-1.61271041871159,1504.05161064032,1.15980364892994,0.699158487639614,2710,0.542465753424658
"CBT",2018,6,52784.6404947633,0.666666666666667,582.186668903333,61.7333333333333,23.0666666666667,4.75,13.9083333333333,488,159.858598716703,97.1586173399937,-1.09083754947825,-1.61205738066057,-1.41516086179571,-1.37118583447649,-1.4141609024191,-1.55295490402784,-1.72030492172851,-1.85778573726613,-1.80049202656484,-1.76132163998936,-1.69219600356621,-1.52161416266258,1339.02933847767,1.58800382895902,1.10000382895902,2710,0.542465753424658
"CBT",2018,7,51929.1872479839,1.61290322580645,487.019354051613,0,25.741935483871,7.69354838709677,16.7177419354839,442.58064516129,173.526604465375,114.887128869307,-1.1955944673645,-1.41247674922328,-1.65476317421291,-1.49638462934392,-1.4911959188382,-1.53254767425852,-1.62915412090572,-1.74196316921979,-1.85613966854275,-1.85588293072208,-1.84509819119851,-1.76172675894302,1120.14451431871,1.902145851185,1.45956520602371,2710,0.542465753424658
"CBT",2018,8,48495.4838709677,1.2258064516129,453.88387126129,0,23.3064516129032,6.11290322580645,14.7096774193548,569.032258064516,143.315729261547,97.3300218376846,-0.832148011428846,-1.24225856677393,-1.42487129880521,-1.63136465852125,-1.51845585719397,-1.51704001951657,-1.55367816237313,-1.63571939761728,-1.71910753202338,-1.80339600844866,-1.80022470753352,-1.80423308045718,1043.93290390097,1.67258465391394,1.10355239584942,2710,0.542465753424658
"CBT",2018,9,43983.3600260433,1.1,429.86666514,0,20.4333333333333,3.38333333333333,11.9083333333333,664,104.195458157582,72.1037601053073,-1.24014491953221,-1.40527330858174,-1.53072753910523,-1.66844279135127,-1.77961229206137,-1.65415462311132,-1.64124344824298,-1.6713999532415,-1.73928888177164,-1.80547349651091,-1.87700961525606,-1.88031599845614,988.693329822,1.3930937950879,0.729093795087898,2710,0.542465753424658
"CBT",2018,10,39320.3612651161,2.67741935483871,302.348387445161,0,10.5483870967742,-2.04838709677419,4.25,544.516129032258,51.5914608013589,28.897768899111,1.19261747757873,0.0431362407951099,-0.561069263999681,-1.05929549027421,-1.34015630942856,-1.59972221848223,-1.50140728487001,-1.50574770762475,-1.53470167617767,-1.61488187744423,-1.68950915513881,-1.77460746875289,695.40129112387,0.827278905690807,0.282762776658549,2710,0.542465753424658
"CBT",2018,11,35412.4798177133,2.5,289.493335473333,16.4,2.43333333333333,-10.65,-4.10833333333333,285.333333333333,23.4569643153303,0,0.876483180062597,1.46124420866982,0.414568077786311,-0.106660798118162,-0.77351949449025,-1.15556806928952,-1.51682693380462,-1.42192238671707,-1.42799712054944,-1.45630309109864,-1.54510188170802,-1.62705886323323,665.834671588666,0.450877337241567,0.165544003908234,2710,0.542465753424658
"CBT",2018,12,33592.31953128,1.5,285.866663613333,78.6666666666667,-1.7,-15.4833333333333,-8.59166666666667,190.666666666667,14.1646015631735,0,0.0215657554929566,0.725258408167522,1.40707918562952,0.342827325447522,-0.149367547348368,-0.75876327236669,-1.11906947196485,-1.50273132492125,-1.41811421881482,-1.42529559988703,-1.45503988033787,-1.54300980189718,657.493326310666,0.31983752112674,0.129170854460073,2710,0.542465753424658
"CBT",2019,1,34615.741809471,2.67741935483871,326.090320709677,180.258064516129,-1.7258064516129,-15.5806451612903,-8.65322580645161,190.967741935484,15.5535481447535,0,0.171246812452811,0.127024494288488,0.627532186748287,1.29978380087499,0.262742278652545,-0.210025995252375,-0.767295901129561,-1.06233232044491,-1.44379952175105,-1.377269973224,-1.39162305099318,-1.42650029351675,750.007737632257,0.318303936711752,0.127336194776268,2710,0.542465753424658
"CBT",2019,2,37904.9143415179,3.46428571428571,396.800000871429,261.428571428571,-2,-15.1964285714286,-8.59821428571429,204.285714285714,18.6197525153488,0,1.3586305232304,0.971219963966389,0.780392308713675,1.07204846083903,1.43885601594612,0.639393240617595,0.219367325559658,-0.437845870478528,-0.803940684884243,-1.28324503339949,-1.23795769833282,-1.25867554844639,912.640002004287,0.319674092307335,0.115388378021621,2710,0.542465753424658
"CBT",2019,3,42274.6838457677,5.19354838709677,508.593551635484,347.483870967742,3.7258064516129,-9.01612903225806,-2.64516129032258,325.161290322581,44.4574995567377,0,1.10063870126062,1.37629933160945,1.16073709086358,1.10797333182409,1.32507849411315,1.54609752630619,1.0109115453654,0.604004063559517,-0.0654778383567825,-0.433005618635115,-0.992559741882478,-0.994004348331388,1169.76516876161,0.502949085284588,0.177787794962007,2710,0.542465753424658
"CBT",2019,4,46932.4800781267,2.36666666666667,599.14667053,357.066666666667,9.55,-3.45,3.05,486.666666666667,74.8406008173375,25.3734713805548,0.0767988260103759,0.716076976968584,0.980644586511895,0.900309900765281,0.897247506605607,1.05959780162743,1.2432721266815,0.84684735755926,0.548103739977192,-0.0233095807414095,-0.340613784153801,-0.868686044258213,1378.037342219,0.760165410995671,0.273498744329004,2710,0.542465753424658
"CBT",2019,5,50847.7935987871,2.61290322580645,623.483870967742,308.903225806452,11.3548387096774,-1.7741935483871,4.79032258064516,538.064516129032,95.2959497005997,40.8474340419732,1.57796954228055,1.15753569623454,1.28811660605504,1.40471804679161,1.33237874822236,1.39440964705228,1.50489861321671,1.60781991535219,1.37795013771632,1.15155399057986,0.618469125155575,0.251484741553558,1434.01290322581,0.859172368845838,0.321107852716806,2710,0.542465753424658
"CBT",2019,6,52784.6404947633,0.8,653.973332723333,222.8,19.1333333333333,3.25,11.1916666666667,613.333333333333,136.107912579465,81.4605780212847,1.24995492474302,1.8350536747942,1.39843222112861,1.45062374690523,1.54464538080523,1.48571597542934,1.50594000552966,1.57504937633751,1.668291772544,1.49848586870138,1.34263384634856,0.906439401259288,1504.13866526367,1.32856206274339,0.715228729410058,2710,0.542465753424658
"CBT",2019,7,51929.1872479839,0.67741935483871,575.793546616129,81.1612903225806,24.1612903225806,6.87096774193548,15.5161290322581,767.741935483871,163.930806686262,108.144043895633,-0.334845927417387,0.694739906579349,1.3202942187132,1.08880649022404,1.24103242545019,1.37653811732521,1.33170664895741,1.34632784731823,1.40936424003435,1.51629028172403,1.33933332515923,1.17313539450419,1324.3251572171,1.7616745152427,0.993932579758834,2710,0.542465753424658
"CBT",2019,8,48495.4838709677,0.870967741935484,475.767740067742,0,23.7903225806452,6.61290322580645,15.2016129032258,625.806451612903,145.416124204987,99.9612979311688,-1.19669753099353,-0.830663942052949,0.0530594978178139,0.838599532545798,0.689573677054022,0.909679434523816,1.08411652998586,1.05045409771336,1.06033972801473,1.15211980348278,1.30100631646706,1.07062900017012,1094.26580215581,1.72644586535086,1.10063941373796,2710,0.542465753424658
"CBT",2019,9,43983.3600260433,0.433333333333333,431.466664633333,0,20.8666666666667,3.46666666666667,12.1666666666667,464,106.174780050159,73.3695899499136,-1.63155330440577,-1.8903224121905,-1.32237785728682,-0.444369478329975,0.325677507777365,0.268074231726634,0.500112161893052,0.687322000688055,0.66974620256582,0.679517830049907,0.784173420230146,0.952365079272484,992.373328656666,1.41702270032635,0.953022700326353,2710,0.542465753424658
"CBT",2019,10,39320.3612651161,1.06451612903226,366.967742429032,7.09677419354839,10.2741935483871,-6.7258064516129,1.7741935483871,280,53.2044426422657,14.2303403281627,0.66129893282823,-0.741606296262907,-1.40953017001868,-1.03927405653276,-0.229190955040536,0.456054836949308,0.377621067610394,0.612018292556218,0.786968502017808,0.768078536790594,0.771016856609575,0.869733761048283,844.025807586774,0.694141475106906,0.414141475106906,2710,0.542465753424658
"CBT",2019,11,35412.4798177133,1.06666666666667,302.29333191,28,6.1,-8.2,-1.05,285.333333333333,30.001233887442,0,-0.874786032744123,-0.132946042724594,-1.03663243190074,-1.69198703149494,-1.28280786872309,-0.361943177231035,0.31641513241725,0.256646136917042,0.485839844593834,0.658784238318136,0.645813986184018,0.648564812262002,695.274663393,0.565741645671479,0.280408312338146,2710,0.542465753424658
"CBT",2019,12,33592.31953128,2.86666666666667,272.959999086667,93.6,-1.21666666666667,-14.3666666666667,-7.79166666666667,216,15.0373337517871,0,0.191421184514827,-0.668344028956465,-0.094644439252524,-0.904512668592398,-1.45397531929269,-1.19506276422836,-0.346066521416437,0.334367153489032,0.27861501460589,0.506241414624313,0.679992486691553,0.665767536773373,627.807997899334,0.340374415193511,0.124374415193511,2710,0.542465753424658
"Cinnamon",1980,1,34548.8514364903,10.5161290322581,306.890323267742,835.870967741935,-5.37096774193548,-20,-12.6854838709677,149.677419354839,8.89820978625145,0,1.83541919420058,NA,NA,NA,NA,NA,NA,NA,NA,NA,NA,NA,705.847743515807,0.23103178861573,0.0813543692608914,3463,0.378082191780822
"Cinnamon",1980,2,37956.4137931034,7.72413793103448,446.01379552069,1000,-4.62068965517241,-23.4310344827586,-14.0258620689655,110.344827586207,9.09075552264044,0,1.89189245523477,2.00919845843581,NA,NA,NA,NA,NA,NA,NA,NA,NA,NA,1025.83172969759,0.207165194336331,0.0968203667501238,3463,0.378082191780822
"Cinnamon",1980,3,42419.6129032258,6.45161290322581,537.599998719355,1000,-4.48387096774194,-23.3548387096774,-13.9193548387097,107.096774193548,13.8302598940325,0,2.09552232638,2.1561538818965,2.10676104761338,NA,NA,NA,NA,NA,NA,NA,NA,NA,1236.47999705452,0.208977772163553,0.101880997970005,3463,0.378082191780822
"Cinnamon",1980,4,47082.2399739633,2.26666666666667,573.759998576667,1000,-1.81666666666667,-17.0666666666667,-9.44166666666667,184,32.4702052967592,0,2.00489253149455,2.06536645322738,2.0818148798867,2.09075035609809,NA,NA,NA,NA,NA,NA,NA,NA,1319.64799672633,0.299232859608536,0.115232859608536,3463,0.378082191780822
"Cinnamon",1980,5,51026.1679687452,3.67741935483871,574.038709087097,1000,4.06451612903226,-6.5,-1.21774193548387,384.516129032258,62.7384803598654,0,1.93196254918483,2.08737085707402,2.07996828961926,2.0961231867017,2.10704263745939,NA,NA,NA,NA,NA,NA,NA,1320.28903090032,0.558826422938096,0.174310293905838,3463,0.378082191780822
"Cinnamon",1980,6,52888.32005206,0,740.373337806667,1000,13.7333333333333,-1.53333333333333,6.1,480,110.014169309015,61.5987872917324,0.436746393862192,1.79352898819084,2.03693349053678,2.07328075497274,2.08982040945353,2.10377337514897,NA,NA,NA,NA,NA,NA,1702.85867695533,0.941032364360326,0.461032364360326,3463,0.378082191780822
"Cinnamon",1980,7,51862.2968750032,1.09677419354839,664.7741965,1000,16.7903225806452,-0.0161290322580645,8.38709677419355,430.967741935484,127.031112440677,78.0841760463586,-0.235023050823098,0.0599903130102081,1.38992243190411,1.92287410899822,2.05834857956194,2.08317909973692,2.13238057065354,NA,NA,NA,NA,NA,1528.98065195,1.10061667384912,0.669648931913637,3463,0.378082191780822
"Cinnamon",1980,8,48372.8515625,0.838709677419355,638.761289535484,1000,15.6935483870968,-0.870967741935484,7.41129032258065,294.193548387097,109.028371443909,67.3899697120312,-0.523915079020545,-0.399314984974616,-0.229465770560117,1.02388366630726,1.80921899072016,2.10663534651528,2.14650421378625,2.21567117710598,NA,NA,NA,NA,1469.15096593161,1.0298226168771,0.735629068490002,3463,0.378082191780822
"Cinnamon",1980,9,43822.0800781267,0.9,594.87999878,1000,14.4166666666667,-2.03333333333333,6.19166666666667,300,82.5365161807618,52.3478321832412,-1.53227519459457,-1.20630136022545,-0.809900753150704,-0.621759121583443,0.404821433810232,1.32686520288597,1.86434671460673,1.94854975772718,2.05461182751877,NA,NA,NA,1368.223997194,0.947011710521735,0.647011710521735,3463,0.378082191780822
"Cinnamon",1980,10,39164.2837701581,1.80645161290323,476.180642406452,1000,7.03225806451613,-11.5322580645161,-2.25,205.161290322581,44.0537558868666,0,-0.303185957765446,-1.36012045184632,-1.19387418800627,-0.832682153380303,-0.64951734159316,0.304148265024341,1.20248091194498,1.7513240485952,1.85131250293298,1.96376340595929,NA,NA,1095.21547753484,0.517898094326378,0.312736804003797,3463,0.378082191780822
"Cinnamon",1980,11,35297.2799479167,1.13333333333333,370.879997256667,1000,2.43333333333333,-13.0166666666667,-5.29166666666667,257.333333333333,23.1956397644518,0,-0.945681128027403,-0.908196018419025,-1.56992026121788,-1.41441927587886,-0.987736321996524,-0.760666731570707,0.160478063628067,0.98951786111225,1.55350455982435,1.68050596678935,1.80271193439815,NA,853.023993690334,0.412328940403497,0.154995607070164,3463,0.378082191780822
"Cinnamon",1980,12,33511.67994794,0.9,351.14666545,1000,0.0166666666666667,-18.05,-9.01666666666667,172,15.3945333230669,0,-1.44035223833988,-1.51543702190208,-1.34492634399388,-1.84021544005794,-1.63403314486275,-1.20933604004909,-0.972977208047009,-0.0672691864503499,0.780784158355191,1.40011603279898,1.55577323823104,1.68633613736497,807.637330535,0.309382463476244,0.137382463476244,3463,0.378082191780822
"Cinnamon",1981,1,34548.8514364903,0.387096774193548,358.606450477419,272.129032258065,-2.51612903225806,-20.741935483871,-11.6290322580645,127.741935483871,11.9835900149065,0,-0.2205353987037,-0.924870125464052,-1.28663610949058,-1.25243367639085,-1.73844361797796,-1.6214262838709,-1.20247959988156,-0.971204913906468,-0.0995675545391028,0.694982966010709,1.31051367036393,1.48292179788046,824.794836098064,0.251539362727799,0.123797427243928,3463,0.378082191780822
"Cinnamon",1981,2,37880.228515625,0.464285714285714,448.228571210714,282,-4.01785714285714,-21.0714285714286,-12.5446428571429,128.571428571429,12.0529606672999,0,0.707913582328165,0.408911431839312,-0.24920260712041,-0.664667538937926,-0.72777676026572,-1.33447078421594,-1.34585179429498,-1.02063017006617,-0.808065803767189,0.0436463397685751,0.762557873307114,1.30031752037145,1030.92571378464,0.233676660752384,0.105105232180955,3463,0.378082191780822
"Cinnamon",1981,3,42263.5355342742,3.12903225806452,506.838709674194,338.58064516129,-2.58064516129032,-18.1451612903226,-10.3629032258065,154.838709677419,24.0713565800868,0,1.45823467221934,1.3871666489835,1.15131141457938,0.912393570836095,0.652450971111851,0.472530548526787,-0.126702045018307,-0.317807409548853,-0.321921808139872,-0.17844237452362,0.542396366814252,1.076794652927,1165.72903225065,0.278244064770517,0.123405355093098,3463,0.378082191780822
"Cinnamon",1981,4,46944.0000000033,0.8,586.453336586667,405.333333333333,3.86666666666667,-9.18333333333333,-2.65833333333333,290.666666666667,54.4138384370651,0,0.42327738084684,1.18072920057381,1.17924148378807,1.03934848358835,0.875777307890235,0.698874573808211,0.552874827739744,0.0894991964325781,-0.0848050001648528,-0.149198943177372,-0.031265953990512,0.601983765019851,1348.84267414933,0.502457454175429,0.211790787508762,3463,0.378082191780822
"Cinnamon",1981,5,50914.6840977774,4.58064516129032,534.193546419355,431.741935483871,5.2258064516129,-5.30645161290323,-0.0403225806451613,396.129032258065,67.0905479969298,0,1.75912311516438,1.2982714806599,1.43926917035011,1.42369490271829,1.32343199354406,1.28923984974046,1.16606344384066,1.05678435001668,0.769680173751467,0.622514335334077,0.473397584368682,0.551808508115181,1228.64515676452,0.608993398942547,0.212864366684482,3463,0.378082191780822
"Cinnamon",1981,6,52876.79999998,1.53333333333333,731.626667276667,402.533333333333,15.2,-0.933333333333333,7.13333333333333,494.666666666667,117.983427309574,68.5916520445059,-0.402754323073571,1.2384853373677,0.977704074873453,1.2361893454542,1.2344308480856,1.1488581385652,1.10733944684725,0.980408514439162,0.874025022709071,0.583071445974661,0.456092835358499,0.339917831774224,1682.74133473633,1.01040720845704,0.515740541790374,3463,0.378082191780822
"Cinnamon",1981,7,51940.3355594774,4.09677419354839,599.225804974194,319.483870967742,16.3548387096774,0.806451612903226,8.58064516129032,614.193548387097,123.087178914886,79.3179169159714,0.550780967033662,0.101187791628418,1.22551396402538,0.983703848465018,1.23656086200698,1.23060656267325,1.14658422370533,1.11053063179698,0.975292276257081,0.888489900928831,0.623836590035871,0.492964699466517,1378.21935144065,1.11515791102994,0.50096436264284,3463,0.378082191780822
"Cinnamon",1981,8,48506.6323084677,1.80645161290323,603.458064416129,247.741935483871,16.0645161290323,-1.2258064516129,7.41935483870968,540.645161290323,111.427040196172,67.4403480517637,-0.707994127346966,-0.0316618479434584,-0.27996698020901,0.780809726097101,0.685315764708008,1.06133359767912,1.07633114297181,0.995061033562104,0.933843035251232,0.790122339684454,0.703629410394145,0.422264287159967,1387.9535481571,1.0303908094447,0.489745648154381,3463,0.378082191780822
"Cinnamon",1981,9,43983.3600260433,2.36666666666667,514.986665853333,194,12.4166666666667,-2.93333333333333,4.74166666666667,497.333333333333,74.9105484859513,43.5789353914778,-0.177776184927592,-0.567434407594834,-0.0633998769186386,-0.267730466122929,0.630581554358196,0.575055332929936,0.982111259183181,1.00606261874771,0.927131632133504,0.84466542758164,0.708948327614572,0.632422398164551,1184.46933146267,0.856256480146493,0.35892314681316,3463,0.378082191780822
"Cinnamon",1981,10,39309.2128276161,5.45161290322581,386.374192512903,244,4.48387096774194,-8.04838709677419,-1.78225806451613,347.096774193548,37.2843595605913,0,1.47851801794627,0.830341394897188,0.209216998126871,0.389745670443821,0.148914076551985,1.00711171940075,0.87988365699847,1.18973993802355,1.18349297204562,1.10180151893046,1.02440793585375,0.896798555278174,888.660642779677,0.536101715468564,0.189004941275016,3463,0.378082191780822
"Cinnamon",1981,11,35400.9598958367,1.16666666666667,354.1333313,285.066666666667,1.73333333333333,-11.4666666666667,-4.86666666666667,281.333333333333,22.1686937472202,0,-0.742346285047577,0.684683950258688,0.455493358341252,-0.0225432438323872,0.269366548169622,0.0578101475526394,0.812426631262381,0.742878087828483,1.0659195264464,1.07929013008335,1.00889984309323,0.925868996215589,814.50666199,0.425822531166244,0.144489197832911,3463,0.378082191780822
"Cinnamon",1981,12,33523.20000002,3.8,286.933336253333,333.066666666667,-4.35,-17.7,-11.025,186.666666666667,10.2074692361447,0,0.639928998242176,-0.136068855958725,0.847681633487773,0.559816913009993,0.0764718323082858,0.327630484108864,0.11984247968226,0.893015656304617,0.810130593785882,1.10312182352533,1.11059663959887,1.04030541564553,659.946673382666,0.263980073360992,0.0773134066943247,3463,0.378082191780822
"Cinnamon",1982,1,34548.8514364903,4.16129032258065,316.283872177419,306.193548387097,-7.08064516129032,-21.6935483870968,-14.3870967741935,139.354838709677,5.93447790460596,0,1.44738913850187,1.34650341250342,0.844042879921274,1.42768743758624,1.04553170299951,0.588835026105807,0.647797073921295,0.44380660864368,1.15372285222797,1.02952698598762,1.24760059512208,1.24128462543301,727.452906008064,0.201121573701219,0.0617667349915423,3463,0.378082191780822
"Cinnamon",1982,2,37880.228515625,1.42857142857143,467.085718425,365,-4.16071428571429,-23.4285714285714,-13.7946428571429,114.285714285714,9.76431513265459,0,1.18073448986415,1.51053860889311,1.52627144440813,1.18881496065749,1.47732837488132,1.24160722012046,0.895484968298594,0.877760710538307,0.691813685790703,1.2838382106138,1.14584692512082,1.30767972703091,1074.2971523775,0.21111813849373,0.096832424208016,3463,0.378082191780822
"Cinnamon",1982,3,42263.5355342742,4.29032258064516,502.606450232258,443.483870967742,-2.51612903225806,-18.758064516129,-10.6370967741935,162.58064516129,23.6830316781411,0,1.54683405565652,1.5847703384147,1.62587493584302,1.7549270623532,1.58403828709952,1.73591645625806,1.63687705338262,1.41247298438036,1.33686733818883,1.18170862624251,1.57242440893979,1.40182276060258,1155.99483553419,0.272255691885239,0.109675046723949,3463,0.378082191780822
"Cinnamon",1982,4,46944.0000000033,2.03333333333333,567.573329673333,525.866666666667,0.466666666666667,-14.45,-6.99166666666667,218.666666666667,41.5264731715674,0,1.54552267776991,1.64588788079694,1.63958539067293,1.66882211624476,1.78752715438728,1.68221399668356,1.77506072281763,1.75470025422434,1.62654427135001,1.57127203097674,1.46093425192133,1.71347405360633,1305.41865824867,0.362076924732752,0.143410258066085,3463,0.378082191780822
"Cinnamon",1982,5,50914.6840977774,1.64516129032258,593.238708006452,538.064516129032,6.01612903225806,-4.7258064516129,0.645161290322581,418.064516129032,70.3702748383242,13.127237249461,1.40246459488731,1.57011610679636,1.62152994345971,1.63375645278652,1.66628727324962,1.81408651408883,1.7345738079012,1.8035139253624,1.81862736849036,1.73966562165932,1.71553964167854,1.61841919714458,1364.44902841484,0.640004641492684,0.221940125363652,3463,0.378082191780822
"Cinnamon",1982,6,52876.79999998,0.333333333333333,725.759998576667,503.066666666667,12.8666666666667,-2.66666666666667,5.1,348,106.327701208792,54.4679813176184,0.981192442020503,1.48456909182229,1.61191768477912,1.64384609499175,1.64255037021504,1.67742605137336,1.83399329460232,1.74522603586592,1.82213891784744,1.84791945135764,1.75979582408898,1.75382533090281,1669.24799672633,0.877937628346062,0.529937628346063,3463,0.378082191780822
"Cinnamon",1982,7,51940.3355594774,1.54838709677419,655.896772816129,452.129032258065,15.5645161290323,-0.741935483870968,7.41129032258065,299.354838709677,120.464626954866,71.7219317439253,0.559601959625978,1.02553031647581,1.46678041709771,1.65219154097873,1.67876962799764,1.66742597736257,1.71931057839125,1.89807490017798,1.79409049645313,1.86915915818783,1.8969154152513,1.82314959091883,1508.5625774771,1.0298226168771,0.730467778167422,3463,0.378082191780822
"Cinnamon",1982,8,48506.6323084677,2.64516129032258,592.722578974194,365.032258064516,15.3870967741935,1.04838709677419,8.21774193548387,423.225806451613,104.683856120998,72.3467350031315,0.331826718451521,0.515178077179771,0.870052975467878,1.46474686004993,1.73636155216472,1.77989551497251,1.75353718775065,1.81351430571459,2.02002797527249,1.89820511952517,1.98114864820491,1.996811849724,1363.26193164065,1.08803058910886,0.664804782657251,3463,0.378082191780822
"Cinnamon",1982,9,43983.3600260433,2.96666666666667,505.599997966667,301.6,11.0333333333333,-1.96666666666667,4.53333333333333,501.333333333333,68.3011455527152,42.2540580801251,0.893581794802236,0.760497805801206,0.744592821819993,1.02346179093777,1.64712770699925,1.95111237234369,1.92981837352219,1.85877668676926,1.91430270602898,2.05641577959859,1.93394586341841,2.00937409029124,1162.87999532333,0.843870042383698,0.342536709050365,3463,0.378082191780822
"Cinnamon",1982,10,39309.2128276161,2.2258064516129,460.283875251613,287.870967741935,6.35483870967742,-7.88709677419355,-0.766129032258065,352.258064516129,42.2676975044679,0,0.161801460357096,0.744626288037793,0.698610444071318,0.714824941571596,0.96343940060958,1.56194488463612,1.87935454745449,1.86721684158578,1.80818124281839,1.86751474124928,1.98199308709632,1.87029823988008,1058.65291307871,0.577617449106913,0.225359384590784,3463,0.378082191780822
"Cinnamon",1982,11,35400.9598958367,2.8,363.733329266667,325.733333333333,-1.7,-17.8,-9.75,182.666666666667,15.238825139823,0,1.07231500781431,0.735006045499048,1.01998242402774,0.980214070562674,0.939456834707077,1.14855831791231,1.62902486707075,1.88347159702053,1.86276308000398,1.80808166067604,1.86476134641403,1.93577822244272,836.586657313334,0.29205616223,0.109389495563333,3463,0.378082191780822
"Cinnamon",1982,12,33523.20000002,1.33333333333333,335.67999878,401.6,-4.03333333333333,-22.4166666666667,-13.225,129.333333333333,8.08856307942875,0,0.558233805519495,1.07523792687419,0.848446904527923,1.07716232503119,1.04777090815155,0.990933504626612,1.21897230180335,1.70456485469291,1.9188948408253,1.87656837273882,1.81867108593559,1.8685292907034,772.063997194,0.221145394274653,0.0918120609413201,3463,0.378082191780822
"Cinnamon",1983,1,34548.8514364903,1.09677419354839,366.554839351613,562.064516129032,-2.67741935483871,-24.4516129032258,-13.5645161290323,96.7741935483871,8.99009665553851,0,0.509931256558326,0.673171669534212,1.05218711301804,0.91927501127455,1.1114005626612,1.09447359733948,1.01455077344279,1.23902424753553,1.65338078912548,1.86022269450102,1.84010955608943,1.80080208428377,843.07613050871,0.215119082118755,0.118344888570368,3463,0.378082191780822
"Cinnamon",1983,2,37880.228515625,2.78571428571429,421.028570178571,628.142857142857,-2.125,-21.5,-11.8125,131.428571428571,14.6369373503592,0,0.664450388242797,0.778667146378032,0.866514516659111,1.10620331460892,0.983680597973196,1.13222462340054,1.13523384157901,1.06970670730454,1.26078686454867,1.59067088334217,1.7582323483234,1.75692816576744,968.365711410713,0.247865566118332,0.116436994689761,3463,0.378082191780822
"Cinnamon",1983,3,42263.5355342742,4.96774193548387,425.909676335484,721.935483870968,-1.59677419354839,-15.6612903225806,-8.62903225806452,203.870967741935,28.2167431726672,0,1.31625655280589,1.26841665454656,1.19515857463344,1.29722452962164,1.41959316740896,1.33409989319053,1.45216997815565,1.45269261525568,1.37592714725583,1.50894411235373,1.7074394032249,1.78090736298966,979.592255571613,0.318905872729733,0.115034904987798,3463,0.378082191780822
"Cinnamon",1983,4,46944.0000000033,2.73333333333333,570.346664433333,834.266666666667,-0.8,-16.1,-8.45,212,36.3820990576825,0,1.85134400480051,1.69310420443048,1.60896330969872,1.53327821147929,1.63648933519012,1.69254122970038,1.63643531087084,1.74658712664623,1.76890226010764,1.71706785646572,1.81730215931814,1.91215875361695,1311.79732819667,0.323391793205106,0.111391793205106,3463,0.378082191780822
"Cinnamon",1983,5,50914.6840977774,4.06451612903226,571.148386309677,948.774193548387,4.69354838709677,-7.88709677419355,-1.59677419354839,356.129032258065,66.8988205562957,0,1.74202478636649,1.9089029841069,1.75568160722248,1.69794830167296,1.64291471014736,1.78386586908609,1.82644312459447,1.77875862209056,1.90134981152057,1.95665831116812,1.94174200264674,2.01421453419486,1313.64128851226,0.54347621334736,0.187347181089295,3463,0.378082191780822
"Cinnamon",1983,6,52876.79999998,1.96666666666667,671.25333557,957.866666666667,12.6166666666667,-3.21666666666667,4.7,482.666666666667,105.47445908548,51.4952578329346,1.30865445507145,1.93600037165711,2.01819916704029,1.82288509259037,1.74491002924883,1.68720136743276,1.83946758786777,1.87114077443407,1.8325924446226,1.97091232748925,2.01493757179062,2.01885866826441,1543.882671811,0.853766408256371,0.371099741589704,3463,0.378082191780822
"Cinnamon",1983,7,51940.3355594774,1.51612903225806,656.103224232258,889.806451612903,17.3548387096774,0.903225806451613,9.12903225806452,610.322580645161,129.243800762379,82.7672176077872,-0.418538566324341,0.456452982289788,1.4424953115078,1.83820576642567,1.71039420894762,1.63366123237374,1.5928483034698,1.75527397821806,1.7963220010638,1.73963726743578,1.88197533026221,1.95016179848484,1509.03741573419,1.15728260151198,0.546960020866819,3463,0.378082191780822
"Cinnamon",1983,8,48506.6323084677,4.35483870967742,602.735479541936,793.806451612903,16.8064516129032,0.82258064516129,8.81451612903226,632.258064516129,113.061471034034,75.9170348549102,-0.591328332133331,-0.544000082732672,0.0121355534216586,1.04790630540476,1.6845827237875,1.65342372421678,1.57608427028442,1.53923393606551,1.71097817742442,1.76714888048043,1.69870354970134,1.8429967018287,1386.29160294645,1.13295449480913,0.500696430292996,3463,0.378082191780822
"Cinnamon",1983,9,43983.3600260433,0.4,581.22666931,735.733333333333,14.2666666666667,-3.43333333333333,5.41666666666667,474.666666666667,82.8493800212882,47.7522012626109,-1.6394286915668,-1.30828551154882,-0.954383066676668,-0.480173548058179,0.386683415823399,1.16784192396136,1.33544636496504,1.29893063378807,1.2837594849102,1.39539180814923,1.46148994878233,1.40541748254357,1336.821339413,0.89750025052086,0.422833583854193,3463,0.378082191780822
"Cinnamon",1983,10,39309.2128276161,1,440.877419503226,716.903225806452,7.7258064516129,-6.46774193548387,0.629032258064516,381.935483870968,45.6518889391048,10.0472362985687,-0.834264863226031,-1.77033782866578,-1.45661188245101,-1.07436159919929,-0.611439124735665,0.184970839082372,0.958413207063538,1.18247836449587,1.17139439429795,1.16918664220979,1.26330713597636,1.33439775471272,1014.01806485742,0.639259181298062,0.257323697427094,3463,0.378082191780822
"Cinnamon",1983,11,35400.9598958367,5.13333333333333,317.760000236667,761.2,-1.43333333333333,-14.2666666666667,-7.85,230.666666666667,16.8164951148425,0,1.22053810923726,0.177974396033751,-0.830532051638163,-0.946870166672256,-0.759987276588693,-0.299528365868487,0.459555475536096,1.13111947313406,1.28414947861019,1.26109851746151,1.25458399375388,1.32633314228691,730.848000544334,0.338838212366489,0.108171545699822,3463,0.378082191780822
"Cinnamon",1983,12,33523.20000002,10.1666666666667,253.653334553333,965.733333333333,-4.5,-19.5166666666667,-12.0083333333333,166.666666666667,9.25461755076894,0,1.95989685425957,1.98790430437148,1.29861265408719,0.0607410320986181,-0.282382726492205,-0.328661540033102,0.077770939790612,0.839061458407545,1.43728920627341,1.48289646796586,1.42965548822586,1.41145127475601,583.402669472666,0.243997007651571,0.0773303409849043,3463,0.378082191780822
"Cinnamon",1984,1,34548.8514364903,0.419354838709677,393.703225412903,446.709677419355,-5.53225806451613,-28.4354838709677,-16.9838709677419,72.258064516129,1.7766318521097,0,1.49923013856379,1.94190119844711,2.21600088670401,1.74134696087541,0.679875056422657,0.290895695850416,0.0510547384565085,0.420699438732567,1.12007935445883,1.61803343964744,1.60412240822558,1.54334989116361,905.517418449677,0.162107597651836,0.0898495331357069,3463,0.378082191780822
"Cinnamon",1984,2,37956.4137931034,1.93103448275862,467.641378468966,484.689655172414,-3.51724137931034,-26.0172413793103,-14.7672413793103,88.2758620689655,7.98937740299581,0,1.45029483688735,1.66080473354218,1.98940083570913,2.0163745053964,1.75045704511558,1.0866540059482,0.773463336628037,0.438723585363221,0.756532084382905,1.32969386097086,1.70244952518457,1.65367090418912,1075.57517047862,0.194931949129738,0.106656087060773,3463,0.378082191780822
"Cinnamon",1984,3,42419.6129032258,4,511.896774783871,575.870967741935,-2.54838709677419,-22.0161290322581,-12.2822580645161,122.58064516129,19.9732389017081,0,1.725598614672,1.78586794287118,1.77933601937666,2.09017342466553,2.12798648950042,1.97798022076778,1.63761899314808,1.4415179949185,1.10675832100624,1.327449161575,1.68845517625819,1.87195826062418,1177.3625820029,0.238676120660562,0.116095475499272,3463,0.378082191780822
"Cinnamon",1984,4,47082.2399739633,3.83333333333333,576.213329063333,665.466666666667,0.166666666666667,-17.9166666666667,-8.875,166.666666666667,37.7552972966647,0,1.83841023016499,1.84429935630532,1.84061210455578,1.84640526542517,2.08414235754386,2.10994977263064,2.01830861320652,1.85604260221192,1.75667578786942,1.5244607677094,1.68263528185661,1.89411412390146,1325.29065684567,0.312833152870776,0.146166486204109,3463,0.378082191780822
"Cinnamon",1984,5,51026.1679687452,2.25806451612903,657.238710958065,811.870967741935,9,-7.88709677419355,0.556451612903226,345.806451612903,87.8075278515086,11.8585497490152,0.0395388861551233,1.17014691699065,1.47238947578315,1.54646984031833,1.59648732905446,1.84465135327477,1.89387533635739,1.78486913996669,1.63440661437714,1.54946745343106,1.34934096910487,1.50600973624684,1511.64903520355,0.635914127662164,0.290107676049261,3463,0.378082191780822
"Cinnamon",1984,6,52888.32005206,2.86666666666667,648.853336586667,798.133333333333,13.1833333333333,-3.21666666666667,4.98333333333333,465.333333333333,108.697060468179,53.6087244860029,1.00309355943342,0.454452584912103,1.24545958744607,1.49779571473161,1.55668468255466,1.60888981598957,1.8672689187924,1.90747491408455,1.80558193721755,1.66411986006712,1.57755796152017,1.40256962673142,1492.36267414933,0.870825958964923,0.40549262563159,3463,0.378082191780822
"Cinnamon",1984,7,51862.2968750032,3.70967741935484,615.535480132258,747.096774193548,16.4838709677419,-0.419354838709677,8.03225806451613,578.064516129032,125.670082635188,75.7988959165647,0.203014258122565,0.762607026386498,0.380016182573001,1.14432631739176,1.45023158970109,1.51836057621314,1.59383255305092,1.8865116459413,1.93379257128926,1.80259028366421,1.64419026571845,1.56181819517937,1415.73160430419,1.07439170264394,0.496327186514906,3463,0.378082191780822
"Cinnamon",1984,8,48372.8515625,4.09677419354839,577.651614280645,666.967741935484,15.4354838709677,0.0161290322580645,7.7258064516129,602.58064516129,106.504423944455,69.3422501048453,0.279171319920068,0.26803527445351,0.64243447600618,0.354408656408277,1.14473311258671,1.50193871419504,1.57236955837224,1.66045178546394,1.99884543359973,2.0581794502613,1.89551794081313,1.69757887445734,1328.59871284548,1.05218825465095,0.449607609489659,3463,0.378082191780822
"Cinnamon",1984,9,43822.0800781267,1.66666666666667,532.373332723333,614.4,11.25,-4.08333333333333,3.58333333333333,464,71.0225822019927,35.9494027889543,0.318545932596132,0.377490061362972,0.342415245273608,0.636206251118092,0.392345977938719,1.16161537928513,1.53042386456295,1.58874595080537,1.68082423031186,1.95806139867247,2.01345651696681,1.8543380385418,1224.45866526367,0.789374085516801,0.325374085516801,3463,0.378082191780822
"Cinnamon",1984,10,39164.2837701581,5.06451612903226,378.012904996774,660.774193548387,1.08064516129032,-10.1129032258065,-4.51612903225806,298.064516129032,29.2226279889104,0,2.2294423164769,1.57706106113635,1.42509114958634,1.10441148187115,1.36814667073859,1.14038612423895,1.77024541874631,1.88613977048315,1.86690698254308,1.92719322872283,2.16990644582818,2.21055340957809,869.42968149258,0.437245900698138,0.139181384569106,3463,0.378082191780822
"Cinnamon",1984,11,35297.2799479167,1.3,408.106668346667,746.666666666667,-2.5,-19.3,-10.9,156,13.3427822619753,0,1.15056793596589,2.66122608134102,1.69515535166539,1.58706776506248,1.27756038863878,1.49269273628171,1.29995161632195,1.80818476847188,1.88716716181855,1.86591180242297,1.92359191889897,2.10171812929479,938.645337197334,0.266622028709807,0.110622028709807,3463,0.378082191780822
"Cinnamon",1984,12,33511.67994794,3.93333333333333,286.933335613333,806.266666666667,-5.91666666666667,-21.3833333333333,-13.65,141.333333333333,6.72999291356947,0,1.3797229656797,1.58637008452422,2.9312829756574,1.95532353269427,1.88619844118356,1.49321498326214,1.7374223107014,1.53932486148621,1.97524081245115,1.98046918217579,1.93956636955551,1.98367182852585,659.946671910666,0.213625046853449,0.0722917135201155,3463,0.378082191780822
"Cinnamon",1985,1,34548.8514364903,1.03225806451613,354.270966319355,421.41935483871,-8.70967741935484,-28.1774193548387,-18.4435483870968,80,0,0,1.77365778954649,1.85282571341226,2.10849755687854,2.85349064143751,2.27610559779461,2.23203622116816,1.81560134519695,2.07605998561414,1.84857659858057,2.17788840741724,2.10363037718964,2.05172136987213,814.823222534517,0.143283308010418,0.0632833080104182,3463,0.378082191780822
"Cinnamon",1985,2,37880.228515625,2.17857142857143,443.657145632143,482.714285714286,-5.69642857142857,-26.6428571428571,-16.1696428571429,85.7142857142857,4.14401744536305,0,1.8423341176434,1.96159771764532,2.09472085398941,2.09258035671109,2.4630386548211,2.31174395947211,2.33299237424687,2.04432561344051,2.25829788855693,2.06019975122813,2.25347019981097,2.13338648226041,1020.41143495393,0.173541301328073,0.0878270156137874,3463,0.378082191780822
"Cinnamon",1985,3,42263.5355342742,4.80645161290323,470.812901651613,546.709677419355,-2.74193548387097,-19.4193548387097,-11.0806451612903,154.838709677419,22.512375415522,0,1.63771879167298,1.86055617362651,1.88560973171458,2.11292533107145,2.14122863191817,2.39098796150129,2.39730741482954,2.41046493384497,2.26799749170086,2.37835908543688,2.17187473982119,2.22909938699731,1082.86967379871,0.262811500936208,0.107972791258789,3463,0.378082191780822
"Cinnamon",1985,4,46944.0000000033,2.93333333333333,597.760004676667,664.266666666667,2.63333333333333,-14.3166666666667,-5.84166666666667,220,48.976295432433,0,1.10919206812035,1.52086109176166,1.66893019450722,1.73807704772094,1.92051973489553,1.95599512109765,2.14154733786457,2.19900055188232,2.22708383012323,2.1554591120408,2.24828425193952,2.04513179938316,1374.84801075633,0.395431652346028,0.175431652346028,3463,0.378082191780822
"Cinnamon",1985,5,50914.6840977774,2.54838709677419,582.399997835484,754.322580645161,7.12903225806452,-6.67741935483871,0.225806451612903,383.225806451613,77.9652833133999,6.38101060909384,0.936662442017793,1.08995146195553,1.39511774755649,1.55251860439577,1.63451684703824,1.83145211761598,1.8767217153498,2.03412381908215,2.1167549211711,2.18234094162004,2.13571841395034,2.20065470395625,1339.51999502161,0.620871107000029,0.237645300548416,3463,0.378082191780822
"Cinnamon",1985,6,52876.79999998,0.766666666666667,735.999998983333,764.133333333333,15.7833333333333,-4.15,5.81666666666667,409.333333333333,124.21875603177,59.6182287956689,-1.15625046974211,-0.0397174021926649,0.472709973405858,1.01501135525301,1.24486356478852,1.3823029708858,1.58248783801166,1.63514580598538,1.82793866141125,1.90445918117754,1.94019394830445,1.88961231198331,1692.79999766167,0.922761103661425,0.513427770328092,3463,0.378082191780822
"Cinnamon",1985,7,51940.3355594774,1.35483870967742,610.7870983,718.322580645161,16.1129032258065,-0.387096774193548,7.86290322580645,492.903225806452,123.348107837434,74.6970921133395,0.199243397094443,-0.627562023428731,-0.00630163026466869,0.397556824843461,0.933708802947085,1.17879442568973,1.33881848796234,1.55801514755439,1.6153642814029,1.82706915984346,1.90583325548756,1.96904009638771,1404.81032609,1.06207080502701,0.56916757922056,3463,0.378082191780822
"Cinnamon",1985,8,48506.6323084677,0.516129032258065,698.219355429032,643.483870967742,17.1129032258065,-1.2258064516129,7.94354838709677,313.548387096774,117.140714892683,70.6792719830033,-1.48731147445938,-0.675130171139955,-1.04891029526399,-0.56610258597837,-0.137054877003652,0.515444344202517,0.84310338554765,1.06561496339808,1.29253247357513,1.37545253557725,1.64871933892009,1.70624324243757,1605.90451748677,1.06792225873912,0.754373871642346,3463,0.378082191780822
"Cinnamon",1985,9,43983.3600260433,5.26666666666667,432.213334406667,615.6,8.7,-4.55,2.075,396,61.3645904548682,24.6977448378584,1.9180911935041,0.291101158503416,0.288106212581143,-0.293433769485735,0.0183061417906338,0.352846953125495,0.905743659677693,1.17403918468593,1.36029631454655,1.55924899289741,1.6259607651321,1.86485117543693,994.090669135334,0.709232771854537,0.313232771854537,3463,0.378082191780822
"Cinnamon",1985,10,39309.2128276161,2.29032258064516,455.432262541935,628.903225806452,6.16129032258065,-7.2258064516129,-0.532258064516129,362.58064516129,41.5421989696599,0,0.318743347724989,1.47107545013471,0.364304967863229,0.340944164226939,-0.21202317998168,0.0629465008711441,0.383357131680667,0.916197128419543,1.17311052113998,1.35454428793618,1.53124637442137,1.59691148625225,1047.49420384645,0.587567114283637,0.224986469122347,3463,0.378082191780822
"Cinnamon",1985,11,35400.9598958367,5.7,280.319999443333,663.866666666667,-1.91666666666667,-13.4,-7.65833333333333,256,16.2138438167079,0,1.44081216288081,1.11024841883013,1.68105780934779,0.824098387785914,0.700432259610649,0.16749379382558,0.387774323817305,0.646571154564833,1.07591498761621,1.28611093535077,1.44168078026409,1.57999404929163,644.735998719666,0.343909039055445,0.0879090390554448,3463,0.378082191780822
"Cinnamon",1985,12,33523.20000002,2.1,361.386665853333,806.8,-5.56666666666667,-24.4666666666667,-15.0166666666667,100,4.98958321585037,0,1.36307857402915,1.73556823941366,1.60657369026245,1.93744559248659,1.12086041500796,0.91290470629086,0.384320577294016,0.607983908139844,0.833281839184143,1.19679339379246,1.38098344217569,1.52187098746509,831.189331462666,0.19096366896732,0.0909636689673203,3463,0.378082191780822
"Cinnamon",1986,1,34548.8514364903,1.06451612903226,334.141933564516,195.225806451613,2.2258064516129,-14.5483870967742,-6.16129032258065,210.322580645161,21.6828292194055,0,-2.05123749560418,-0.541951937271019,0.319193786383067,0.345642293154468,1.28918617447516,0.413778484209137,0.393195063538855,-0.0842852369002717,0.189632709944715,0.46284095484931,0.90732188539451,1.13835836309934,768.526447198387,0.385897583922706,0.175575003277545,3463,0.378082191780822
"Cinnamon",1986,2,37880.228515625,10.8928571428571,325.714285578571,317.285714285714,-2.01785714285714,-13.4821428571429,-7.75,248.571428571429,18.8983285168775,0,1.22261407931557,-0.336489819919525,0.421766303184116,0.911912237657677,0.846603588367228,1.43167533521831,0.773114316734465,0.667247556773283,0.215444782344951,0.436062495385688,0.65412134143283,1.01800912554548,749.142856830713,0.341475495372575,0.0929040668011457,3463,0.378082191780822
"Cinnamon",1986,3,42263.5355342742,2.83870967741935,561.754840970968,471.354838709677,4.56451612903226,-10.6935483870968,-3.06451612903226,287.741935483871,47.2218988432724,0,-0.796605301165841,0.110507664948124,-0.699810644285079,-0.141714208566412,0.333998941604836,0.330793306555766,0.95508638891104,0.369098294948345,0.34878565720338,-0.0152720131446088,0.217546061210011,0.448728642863495,1292.03613423323,0.487505112576415,0.199763177092544,3463,0.378082191780822
"Cinnamon",1986,4,46944.0000000033,5.9,547.946669513333,554,5.78333333333333,-8.21666666666667,-1.21666666666667,345.333333333333,61.7257355540921,0,0.177047756958464,-0.29644927181792,0.252395751632939,-0.34817548476254,0.0355982817535326,0.379501287973831,0.363354043397722,0.855057930677548,0.395103145165542,0.365131885623457,0.0489080636854858,0.265737229704424,1260.27733988067,0.558870511322839,0.213537177989506,3463,0.378082191780822
"Cinnamon",1986,5,50914.6840977774,2.58064516129032,633.806449645161,621.677419354839,8.93548387096774,-4.88709677419355,2.0241935483871,441.290322580645,85.7937429968509,28.7998483038961,0.265882901117316,0.229904412029974,-0.038129354436274,0.289764640897447,-0.10804962121175,0.148994273139698,0.388902529976051,0.377706219339678,0.766808425375223,0.373741336743318,0.353315616429683,0.0978567975963361,1457.75483418387,0.706663621748712,0.265373299168067,3463,0.378082191780822
"Cinnamon",1986,6,52876.79999998,1.13333333333333,653.226664733333,575.733333333333,15.0833333333333,1.45,8.26666666666667,665.333333333333,113.387488589357,75.905551170427,0.134543950079035,0.184303663109355,0.190469541798918,-0.021190547434585,0.244251527893795,-0.0733858592590959,0.147731468558426,0.354533750210196,0.338718705369233,0.687161406554067,0.341066941267621,0.3301897368255,1502.42132888667,1.09165345802332,0.426320124689987,3463,0.378082191780822
"Cinnamon",1986,7,51940.3355594774,2.09677419354839,586.322582612903,461.677419354839,15.1935483870968,3.5,9.34677419354839,707.096774193548,109.843945115275,84.1186892935673,1.88696028034996,1.48249989062135,0.932159756105436,0.699610587133411,0.410624938958887,0.597833759419221,0.316987590613616,0.511795069935581,0.666193746341667,0.657151917638967,0.981698203789384,0.661201278631722,1348.54194000968,1.17439387296928,0.467297098775734,3463,0.378082191780822
"Cinnamon",1986,8,48506.6323084677,2.38709677419355,582.812902141936,336,16.4354838709677,3.80645161290323,10.1209677419355,638.709677419355,105.431546665199,83.4801348913075,0.188283369917779,1.2498761803333,1.15206457832396,0.852731177716276,0.65006966963989,0.362292090256248,0.55237022484909,0.272144876948187,0.465657811587858,0.624536633895319,0.61670048666613,0.955810732616755,1340.46967492645,1.23705452316446,0.598344845745105,3463,0.378082191780822
"Cinnamon",1986,9,43983.3600260433,7.06666666666667,423.68000107,241.333333333333,8.46666666666667,-0.833333333333333,3.81666666666667,580,55.9155966746077,37.5419612057784,2.50328963295923,1.88168227107697,2.00816788681542,2.09799785455975,1.99676789428048,1.49951122019855,0.963629298927431,1.0775880995417,0.784559705594333,0.977500602978117,1.10638985051719,1.08096261444012,974.464002461,0.802462167379891,0.222462167379891,3463,0.378082191780822
"Cinnamon",1986,10,39309.2128276161,3.41935483870968,438.090322680645,242.322580645161,5.14516129032258,-5.91935483870968,-0.387096774193548,405.161290322581,38.0844887531417,0,1.10055740529735,2.05468593894286,1.90105416413692,2.02860989499061,2.13624720240863,2.18426455761086,1.67134478227397,1.09628891286921,1.18586995024203,0.906339964210491,1.08440407638757,1.2046009496152,1007.60774216548,0.593818964152794,0.188657673830213,3463,0.378082191780822
"Cinnamon",1986,11,35400.9598958367,4.56666666666667,338.666665143333,289.6,-0.1,-11.6333333333333,-5.86666666666667,266.666666666667,19.1197346757322,0,0.635083714010516,1.18329100592348,2.00610008801748,1.87517199653497,1.94251677476762,2.00051777568421,2.01673672955088,1.64251604610439,1.1385723570708,1.21581946187396,0.958234184654081,1.1123329056741,778.933329829666,0.394678445435196,0.128011778768529,3463,0.378082191780822
"Cinnamon",1986,12,33523.20000002,1,350.506666186667,334.533333333333,-2,-15.65,-8.825,192,13.6731610830112,0,-0.982821567045513,-0.106759462292515,0.52129447128921,1.84621402551677,1.74231304615748,1.8790283935042,1.91806052363032,1.84433920783365,1.48633823384857,1.02324663170583,1.11657441339896,0.862872024240003,806.165332229334,0.314059200944657,0.122059200944657,3463,0.378082191780822
"Cinnamon",1987,1,34548.8514364903,3.83870967741935,303.587096922581,210.064516129032,-3.91935483870968,-16.5645161290323,-10.241935483871,179.354838709677,12.2253998029018,0,0.418850379852835,-0.182263451740805,0.136011507188922,0.631926118038127,1.80107997151489,1.71251039868691,1.87415634521704,1.90499072562837,1.75931442862528,1.44849938019419,1.02398689872412,1.1180461258622,698.250322921936,0.280923097459641,0.101568258749964,3463,0.378082191780822
"Cinnamon",1987,2,37880.228515625,3.10714285714286,406.857149121429,299.142857142857,-0.964285714285714,-14.0714285714286,-7.51785714285714,220,20.6738557610666,0,-0.491930105383075,0.0552448241412885,-0.363154047831377,0.0114591753711088,0.408976888452277,1.45892155410691,1.41504714731599,1.65434160277176,1.6459730956848,1.49554663322846,1.26114096596463,0.923240056210926,935.771442979287,0.347668325329729,0.127668325329729,3463,0.378082191780822
"Cinnamon",1987,3,42263.5355342742,3.80645161290323,533.987095493548,398.451612903226,1.61290322580645,-15.0645161290323,-6.7258064516129,207.741935483871,37.1027291413764,0,0.514116920163704,0.244766055865465,0.392024907528942,0.14057077787033,0.330093363310232,0.561708252500238,1.37552793797254,1.34535887910188,1.58608409734346,1.54783802476613,1.38937966579919,1.20336039717814,1228.17031963516,0.369557036953774,0.161815101469903,3463,0.378082191780822
"Cinnamon",1987,4,46944.0000000033,1.2,605.653337603333,475.866666666667,7.83333333333333,-7.33333333333333,0.25,378.666666666667,69.928256929435,6.12839417889158,-1.58258790845304,-0.459571106159795,-0.547658557121218,-0.292463839292164,-0.474770916232907,-0.270480820748495,0.00555341506122642,0.818765871628834,0.82132778006541,1.11197823499815,1.09538569479913,0.981324891786929,1393.00267648767,0.621961016865202,0.243294350198535,3463,0.378082191780822
"Cinnamon",1987,5,50914.6840977774,1.74193548387097,585.90967486129,455.096774193548,8.74193548387097,-2.7741935483871,2.98387096774194,478.709677419355,82.1003897531242,37.6002388549772,0.527677876588111,-0.378229272574986,0.0102921609193003,-0.0646590727425141,0.0421629057287472,-0.0889814500397589,0.0292230770591477,0.201899368596408,0.812565662072652,0.807069146100538,1.07698182350938,1.07427535141053,1347.59225218097,0.756611291752783,0.277901614333428,3463,0.378082191780822
"Cinnamon",1987,6,52876.79999998,1.23333333333333,703.253337603333,390.266666666667,15.6166666666667,2.03333333333333,8.825,505.333333333333,115.603612849412,79.3920823414153,-0.142779391227509,0.233165558016714,-0.365639171626758,-0.0610438985894767,-0.115416185608621,-0.0211706536295876,-0.119924698562394,-0.0174315153105653,0.125667008107333,0.677265451281772,0.682357813742562,0.962903134480222,1617.48267648767,1.13375810590266,0.628424772569324,3463,0.378082191780822
"Cinnamon",1987,7,51940.3355594774,1.03225806451613,650.322578677419,275.483870967742,17.2096774193548,3.7741935483871,10.491935483871,441.290322580645,122.708330802817,91.0714250190113,0.235723402698386,0.0521024970422643,0.21933056663906,-0.281638371107243,-0.0400360673715451,-0.0792402029011263,-0.0114631132221776,-0.091562337938643,-0.0109356735937714,0.12988224014582,0.64816521391811,0.643224460783053,1495.74193095806,1.26810992985981,0.82681960727917,3463,0.378082191780822
"Cinnamon",1987,8,48506.6323084677,2.51612903225806,536.154838316129,146.451612903226,15.3548387096774,2.93548387096774,9.14516129032258,553.548387096774,100.898655653338,77.8625119356367,0.845551937778281,0.580494556682649,0.357992516078089,0.402426458981696,-0.136576497525041,0.0600314285069344,0.0166056815766291,0.0749005708017237,0.00228736116030285,0.0738027085068023,0.204681427719194,0.723031567742839,1233.1561281271,1.15854252051898,0.604994133422203,3463,0.378082191780822
"Cinnamon",1987,9,43983.3600260433,0.633333333333333,506.133338416667,57.2,13.0666666666667,-0.633333333333333,6.21666666666667,526.666666666667,75.4007694255432,52.4929748913768,-0.528538211957919,0.252367366069807,0.282066046173691,0.136862833499288,0.1909492624994,-0.279858927316535,-0.0782701773565351,-0.103693498648604,-0.0442142423931308,-0.104133879842977,-0.0313766054227145,0.101221229418251,1164.10667835833,0.948648256172607,0.42198158950594,3463,0.378082191780822
"Cinnamon",1987,10,39309.2128276161,1.70967741935484,326.812902635484,5.41935483870968,8.43548387096774,-3.40322580645161,2.51612903225806,464.516129032258,45.9625249023472,26.045891716909,-0.745668108163356,-0.744413305700659,-0.0582657622367164,0.0844637015018677,-0.03527450774931,0.0238653728084856,-0.386120765149932,-0.171940017612188,-0.19019165265529,-0.127333792669952,-0.183739718742179,-0.108225306178399,751.669676061613,0.731889634944186,0.267373505911928,3463,0.378082191780822
"Cinnamon",1987,11,35400.9598958367,2,301.546668236667,23.7333333333333,0.466666666666667,-12.0166666666667,-5.775,264,20.0443988563233,0,-0.126284991083757,-0.654912921763827,-0.653261872486197,-0.0553639696335945,0.120060182557863,0.011814546769179,0.0574536902294218,-0.346199589398113,-0.144419991346945,-0.164034669068627,-0.106377222260316,-0.154432954452811,693.557336944334,0.397446458065361,0.133446458065361,3463,0.378082191780822
"Cinnamon",1987,12,33523.20000002,3.66666666666667,241.92000046,76.5333333333333,-5.16666666666667,-16,-10.5833333333333,198.666666666667,9.79458064474681,0,0.70429382086543,0.372701617417047,-0.282321370072185,-0.404327181354968,0.0647790873501946,0.193520749378878,0.0861533249940052,0.142977851346127,-0.267744151724618,-0.0771918455964411,-0.0990433321534811,-0.0417462420668614,556.416001058,0.273420748280669,0.0747540816140023,3463,0.378082191780822
"Cinnamon",1988,1,34548.8514364903,5.29032258064516,299.664515087097,327.870967741935,-5.79032258064516,-17.3548387096774,-11.5725806451613,172.903225806452,9.63301273565947,0,1.09598277777636,1.12965379542815,0.911712843587739,0.394670719025152,0.0760792354683177,0.418703408814245,0.410692253050289,0.303960075838479,0.353158786631858,-0.0807900370368532,0.0811245490578798,0.0523792244078173,689.228384700323,0.252679485716591,0.0797762599101391,3463,0.378082191780822
"Cinnamon",1988,2,37956.4137931034,2.03448275862069,456.275861017241,454.758620689655,0.275862068965517,-14.9137931034483,-7.31896551724138,201.379310344828,22.686209544246,0,-1.23538481880145,0.183778975119518,0.459708168504158,0.373925208764585,-0.0145024957670643,-0.263577348918156,0.0924855919716051,0.170353085335696,0.0942350905699448,0.168137893915391,-0.197158890435645,-0.0240462987781634,1049.43448033965,0.353053415485582,0.151674105140754,3463,0.378082191780822
"Cinnamon",1988,3,42419.6129032258,3.32258064516129,507.458066877419,524.774193548387,-0.209677419354839,-15.5967741935484,-7.90322580645161,198.709677419355,31.8494051708543,0,0.937121189010832,0.384774024835969,0.723770964272007,0.861834664643411,0.801526715334259,0.521968562433899,0.28526387580444,0.514798005343868,0.477005619798612,0.409012148819187,0.436977633259726,0.0868645358230448,1167.15355381806,0.337441903743722,0.138732226324367,3463,0.378082191780822
"Cinnamon",1988,4,47082.2399739633,2.73333333333333,577.493334453333,583.2,6.31666666666667,-7.78333333333333,-0.733333333333333,358.666666666667,63.7512476047253,0,-0.479913344140623,0.479680170285127,0.133414582332235,0.433032192499588,0.555156087644208,0.528078721528029,0.303671174069432,0.108642365131828,0.323914519890126,0.316051905814942,0.271819180921642,0.329451433809568,1328.23466924267,0.579003616107914,0.220336949441247,3463,0.378082191780822
"Cinnamon",1988,5,51026.1679687452,1.06451612903226,623.174192367742,607.741935483871,8.62903225806452,-3.83870967741935,2.39516129032258,437.41935483871,83.005476773195,32.3301284194174,0.384720031635561,0.000741454636858804,0.468658167002655,0.262349769634786,0.462318788934689,0.574413068987682,0.542718379512877,0.371403466834653,0.207843344211402,0.354692576628599,0.345031138766259,0.321599687252453,1433.30064244581,0.725613694620492,0.288194339781782,3463,0.378082191780822
"Cinnamon",1988,6,52888.32005206,1.76666666666667,660.373329673333,534.933333333333,16.4666666666667,2.76666666666667,9.61666666666667,564,119.551091822093,84.2197320980087,-0.561401580988441,-0.0956149861093949,-0.24119101898848,0.208764858271178,0.0377555301534597,0.242214490881475,0.35683590399199,0.333289601523416,0.179847183783416,0.027442179405204,0.174466200929499,0.189130953839924,1518.85865824867,1.19591274537217,0.631912745372165,3463,0.378082191780822
"Cinnamon",1988,7,51862.2968750032,1.48387096774194,667.974191974194,406.193548387097,18.2096774193548,4.51612903225806,11.3629032258065,552.258064516129,127.694881817187,96.2010770063886,-0.263965214290528,-0.533135950002256,-0.249215201228691,-0.345773688869983,0.0498038530387299,-0.0832109899510545,0.0945475179144041,0.199042914918964,0.17544938025176,0.0631532760183686,-0.0659700973622205,0.0535487262586806,1536.34064154065,1.34373670522802,0.791478640711894,3463,0.378082191780822
"Cinnamon",1988,8,48372.8515625,0.741935483870968,608.103218332258,269.032258064516,17.5645161290323,4.62903225806452,11.0967741935484,575.483870967742,110.43221372161,88.9305351429696,-0.716753548636234,-0.511153625715467,-0.706383312178945,-0.499792499116374,-0.54898166635046,-0.179737203814668,-0.292118748452588,-0.116317306347372,-0.0203274896904992,-0.0375742132092062,-0.134802034285152,-0.248326254541959,1398.63740216419,1.32021803382492,0.744734162857182,3463,0.378082191780822
"Cinnamon",1988,9,43822.0800781267,2.83333333333333,502.50666758,162.4,11.9166666666667,-1.13333333333333,5.39166666666667,498.666666666667,71.0624178139656,47.6006521559669,0.486997750823129,-0.184250566916728,-0.223114664558315,-0.459648368467149,-0.378395328735564,-0.474656709883957,-0.128428858630669,-0.230659324778667,-0.0657120823237621,0.0383557615713658,0.022017425919471,-0.0710693887156774,1155.765335434,0.89594194323904,0.397275276572373,3463,0.378082191780822
"Cinnamon",1988,10,39164.2837701581,0.451612903225806,378.73548446129,107.741935483871,9.06451612903226,-1.67741935483871,3.69354838709677,538.064516129032,46.3191007996827,33.9071306874345,-1.10303033389627,-0.147144002779547,-0.565657108009245,-0.457817428677535,-0.640235342076438,-0.547162493949423,-0.611665635252229,-0.262802027527471,-0.354389297869081,-0.187915396412283,-0.0845950161633595,-0.0944945624219764,871.091614260967,0.795532512094675,0.257467995965643,3463,0.378082191780822
"Cinnamon",1988,11,35297.2799479167,5.2,274.133330913333,118.933333333333,-2.75,-11.8666666666667,-7.30833333333333,282.666666666667,14.9453190033046,0,1.5796128044519,0.283164004281813,0.580933225616368,0.0841194553432186,-0.00662462712062256,-0.248622122686827,-0.219701194757332,-0.343508490113128,-0.0164952010572351,-0.119527996598169,0.0335274775851687,0.139447922836479,630.506661100666,0.35334336596,0.0706766992933334,3463,0.378082191780822
"Cinnamon",1988,12,33511.67994794,4.8,287.359999336667,214.266666666667,-3.15,-15.3833333333333,-9.26666666666667,196,12.3072001256728,0,0.375715712427546,1.31472922448456,0.368077308176595,0.593608799762831,0.101962051029392,0.00420234764003907,-0.229950042949607,-0.186013101385834,-0.304823281792626,0.0131824120404476,-0.0892266815257056,0.0631189907459261,660.927998474334,0.303375620076687,0.107375620076687,3463,0.378082191780822
"Cinnamon",1989,1,34548.8514364903,2.87096774193548,322.580643932258,198.709677419355,-2.61290322580645,-17.3387096774194,-9.9758064516129,169.032258064516,13.6574436841258,0,-0.0529679395375918,0.207109679200668,0.959191943783838,0.283986209150433,0.476833914079938,0.040933791729649,-0.054767821347987,-0.256787199902841,-0.182968963567191,-0.296890452060403,0.00767974759845693,-0.0901233029277831,741.935481044193,0.286898023740185,0.117865765675669,3463,0.378082191780822
"Cinnamon",1989,2,37880.228515625,6.71428571428571,377.371430803571,373.571428571429,-2.53571428571429,-14.7321428571429,-8.63392857142857,218.571428571429,17.7780206996701,0,0.792287157437057,0.56102943882328,0.623968766930075,1.09639437175336,0.609083671596818,0.679899619311913,0.301046300424287,0.134763442395467,-0.0677617240767811,-0.0201363970593603,-0.147787031955974,0.131547687735418,867.954290848213,0.318783970603386,0.100212542031957,3463,0.378082191780822
"Cinnamon",1989,3,42263.5355342742,2.90322580645161,516.851608770968,468.516129032258,4.29032258064516,-9.43548387096774,-2.57258064516129,325.161290322581,46.2833264858398,0,-0.662996946327698,-0.0816392372217078,-0.0278430848017806,0.0845976682081675,0.557236400258558,0.18461555205604,0.291989368504487,0.000240721531558383,-0.0933150467170544,-0.230292235048469,-0.145473106893985,-0.227382990012376,1188.75870017323,0.505665743165688,0.180504452843107,3463,0.378082191780822
"Cinnamon",1989,4,46944.0000000033,2.13333333333333,576.106666566667,524.4,6.33333333333333,-5.93333333333333,0.2,414.666666666667,62.7142470934307,5.25723092358147,-0.420963343069323,-0.644422347909488,-0.190936310446437,-0.156786850447712,-0.0496688504389168,0.342956572818183,0.0478728368462675,0.132790323611069,-0.104819265725568,-0.173956221842008,-0.288983354119947,-0.181485406503064,1325.04533310333,0.619710403511727,0.20504373684506,3463,0.378082191780822
"Cinnamon",1989,5,50914.6840977774,1.51612903225806,623.483872935484,519.870967741935,10.1935483870968,-2.01612903225806,4.08870967741935,503.225806451613,89.0302875754433,46.6867965040471,-0.157421228217703,-0.315549339167213,-0.440941744786049,-0.183656651193151,-0.162056437394194,-0.0817874506471617,0.212550323208809,-0.00849035142524357,0.0428284819009168,-0.162472542025253,-0.217813000550744,-0.302943652484828,1434.01290775161,0.817963698565754,0.314737892114141,3463,0.378082191780822
"Cinnamon",1989,6,52876.79999998,0.533333333333333,695.786664836667,456.933333333333,14.1166666666667,0.65,7.38333333333333,458.666666666667,108.873423747577,70.23452941321,0.664533340929885,0.158714777382847,-0.0434091898428446,-0.176006883906348,0.00494011834482238,0.0125309830673872,0.0844080840580505,0.319276819979308,0.120311879110834,0.153555504293872,-0.0147933663775951,-0.0875523310529616,1600.30932912433,1.02785502365239,0.569188356985722,3463,0.378082191780822
"Cinnamon",1989,7,51940.3355594774,3,629.677415419355,329.290322580645,19.4516129032258,5.56451612903226,12.508064516129,473.548387096774,133.643754361537,102.762283915032,-0.6954939312612,-0.177270143458382,-0.275100988861238,-0.350128663818277,-0.407146201986601,-0.240587103354118,-0.23069594078825,-0.169149442426084,0.0441682875657703,-0.103880819311895,-0.0657198934394022,-0.224063188422586,1448.25805546452,1.449200171297,0.975651784200229,3463,0.378082191780822
"Cinnamon",1989,8,48506.6323084677,2.64516129032258,566.916131787097,197.290322580645,15.7096774193548,3.24193548387097,9.4758064516129,681.290322580645,102.335561471568,79.7861004329089,0.66433438026771,-0.149656154286476,0.0889217849538656,-0.128002685151603,-0.244325868647371,-0.319032514613888,-0.1684466695875,-0.163627366976739,-0.104976593451472,0.0928051584818379,-0.0508682688765365,-0.00958892091911747,1303.90710311032,1.18463880787487,0.503348485294223,3463,0.378082191780822
"Cinnamon",1989,9,43983.3600260433,1.8,494.29333242,94.9333333333333,14.3333333333333,0.966666666666667,7.65,649.333333333333,78.9227317853037,60.5360552107342,-0.890827358643511,-0.0828248077366782,-0.397878977211096,-0.183923841667194,-0.358914664994861,-0.446612514667521,-0.49436144856972,-0.33996679899768,-0.330326245222305,-0.26285464713918,-0.0706108868852818,-0.195912050879355,1136.874664566,1.04675870886276,0.397425375529432,3463,0.378082191780822
"Cinnamon",1989,10,39309.2128276161,2.09677419354839,379.148386803226,38.9677419354839,7.06451612903226,-5.79032258064516,0.637096774193548,428.387096774194,43.4646895213117,10.1355692993502,-0.113797821012889,-0.678285293899137,-0.120102081030598,-0.400847284477096,-0.200867741344287,-0.380313257067762,-0.463402646791124,-0.502314234944538,-0.34900288127686,-0.339081024613972,-0.269269224783271,-0.0780156941357747,872.04128964742,0.63963181511865,0.211244718344456,3463,0.378082191780822
"Cinnamon",1989,11,35400.9598958367,2.9,298.453338366667,62.6666666666667,1.25,-10.3833333333333,-4.56666666666667,300,21.2943312456766,0,-0.202031262248905,-0.312746620139975,-0.634818399483765,-0.138453522049804,-0.372484804328503,-0.164356552852719,-0.343674359906763,-0.433176578452311,-0.480861333175419,-0.329909101781864,-0.323808173099371,-0.246760103036792,686.442678243334,0.435582348459295,0.135582348459295,3463,0.378082191780822
"Cinnamon",1989,12,33523.20000002,1.66666666666667,268.906667076667,146.666666666667,-3.58333333333333,-15.05,-9.31666666666667,201.333333333333,11.8454966208396,0,-0.320411051179036,-0.32236248676962,-0.458487346653241,-0.745207897856353,-0.294455548437968,-0.471966326753046,-0.259172474609771,-0.398228045236182,-0.468246271157932,-0.510022895130202,-0.36118349950061,-0.351355090770556,618.485334276334,0.302186793365804,0.100853460032471,3463,0.378082191780822
"Cinnamon",1990,1,34548.8514364903,2.64516129032258,317.006449790323,295.225806451613,-3.91935483870968,-15.9032258064516,-9.91129032258065,188.387096774194,12.4220943834377,0,0.150755056364156,-0.023933502339264,-0.185206567299477,-0.287459885875534,-0.646971252582363,-0.262888367332691,-0.454594647311393,-0.244906207518713,-0.350659139020719,-0.425944551041562,-0.468497700098321,-0.327254523480046,729.114834517743,0.28836343066912,0.0999763338949258,3463,0.378082191780822
"Cinnamon",1990,2,37880.228515625,3.75,416.457141332143,398.857142857143,-2.08928571428571,-14.8392857142857,-8.46428571428571,204.285714285714,18.5134124320588,0,0.123594468815388,0.242394572209421,0.0894722872511767,0.0177791021567646,-0.0997414193371741,-0.500312885964937,-0.182097102974489,-0.399846351876746,-0.194800473333632,-0.296720358082205,-0.370592639444633,-0.414308924193747,957.851425063929,0.32303179182885,0.118746077543136,3463,0.378082191780822
"Cinnamon",1990,3,42263.5355342742,2.83870967741935,490.838712629032,493.032258064516,2.25806451612903,-10.258064516129,-4,296.774193548387,40.0537722427438,0,0.10006884616126,0.147305872953949,0.225943038199987,0.139794715233193,0.0897924524117897,-0.00608878131333508,-0.362198281371725,-0.10850568921289,-0.338814358823061,-0.137974518891902,-0.222287568745073,-0.283817699355189,1128.92903904677,0.454561515110225,0.157787321561838,3463,0.378082191780822
"Cinnamon",1990,4,46944.0000000033,5.2,541.54666748,548.533333333333,5.68333333333333,-7.08333333333333,-0.7,370.666666666667,60.7806437746568,0,0.205395047872582,0.273516350487155,0.290056699488771,0.303293375030533,0.24774095240037,0.212313282358978,0.1211145190636,-0.184841381670301,0.00949267580516911,-0.228839485830494,-0.0540097106703615,-0.125919814161101,1245.557335204,0.58041553061213,0.209748863945463,3463,0.378082191780822
"Cinnamon",1990,5,50914.6840977774,1.61290322580645,655.690320416129,633.935483870968,9.35483870967742,-5,2.17741935483871,432.258064516129,88.1057119544155,30.2806597721109,-0.0543913988134657,0.0535417216029283,0.149590787128539,0.186552897436895,0.212310433186814,0.183692483003841,0.146823060537491,0.0836309755859434,-0.170539316694603,-0.0389207194475376,-0.235561639059613,-0.0752810115448756,1508.0877369571,0.714437015912123,0.282178951395994,3463,0.378082191780822
"Cinnamon",1990,6,52876.79999998,0.733333333333333,664.10666809,583.866666666667,16.7,2.55,9.625,685.333333333333,121.535588267069,84.269872428445,-0.894145590563407,-0.572460967505948,-0.339024290024474,-0.186464615829347,-0.13442515458964,-0.0843348712494283,-0.100802625883837,-0.122808967109874,-0.166592234297676,-0.38591779086662,-0.256946835961014,-0.402117674022001,1527.445336607,1.19658266826694,0.511249334933608,3463,0.378082191780822
"Cinnamon",1990,7,51940.3355594774,2.29032258064516,618.735489380645,453.548387096774,16.3709677419355,3.43548387096774,9.90322580645161,682.58064516129,117.897993728909,87.5285397804327,0.955972815248409,0.0229278549666032,-0.105891100998658,-0.040500134622585,0.0431948797927199,0.080040684171119,0.100918253050983,0.0938077729878902,0.0642972646005919,0.0305387510622274,-0.158387094724671,-0.0686030055075939,1423.09162557548,1.21914020714582,0.536559561984533,3463,0.378082191780822
"Cinnamon",1990,8,48506.6323084677,0.838709677419355,628.129029306452,337.161290322581,16.6290322580645,3.38709677419355,10.008064516129,544.516129032258,107.523048891495,82.8391225434077,-0.322300804487492,0.417973883888802,-0.171190374222043,-0.268862543481373,-0.191734066280205,-0.100457238193446,-0.0584895729653329,-0.0325352495958005,-0.0416680708468181,-0.0671227383277042,-0.0931263038832921,-0.263039680630997,1444.69676740484,1.22773687216109,0.683220743128836,3463,0.378082191780822
"Cinnamon",1990,9,43983.3600260433,2.13333333333333,514.773332216667,215.333333333333,15.1,1.96666666666667,8.53333333333333,545.333333333333,80.9461288080355,65.2564383077303,-1.14010081101481,-0.855527773779368,-0.0606908957919502,-0.45931401326983,-0.534386189936886,-0.449153671818255,-0.337834424850933,-0.279513871624173,-0.247496716456591,-0.245345033654931,-0.261069117323496,-0.274089316549729,1183.97866409833,1.11158782422864,0.566254490895311,3463,0.378082191780822
"Cinnamon",1990,10,39309.2128276161,3.2258064516129,423.432256148387,191.870967741935,7.12903225806452,-5.54838709677419,0.790322580645161,425.806451612903,43.5224248957502,11.7533774298291,0.109966819824021,-0.755570878230037,-0.722590743074663,-0.0323599867444796,-0.416089290252758,-0.514230661361777,-0.435797837014912,-0.320796545209517,-0.262489873989268,-0.231070950102926,-0.226193569158215,-0.240586681035491,973.89418914129,0.646748540927978,0.220942089315075,3463,0.378082191780822
"Cinnamon",1990,11,35400.9598958367,4,324.58666763,261.333333333333,1.71666666666667,-10.4166666666667,-4.35,301.333333333333,22.1031930134386,0,-0.139046678476454,-0.120355987083722,-0.668457565007978,-0.683309943080485,0.00496618672502347,-0.366082530645328,-0.466685173879221,-0.397420115687542,-0.292691289921942,-0.236873796981623,-0.20992359169694,-0.197478054484261,746.549335549,0.442754252733042,0.141420919399709,3463,0.378082191780822
"Cinnamon",1990,12,33523.20000002,4.13333333333333,295.039996973333,343.866666666667,-6.3,-18.7666666666667,-12.5333333333333,162.666666666667,7.6679478978621,0,1.24425915170581,0.745721559346556,0.515934505377032,-0.188831090165089,-0.341031650506453,0.20352023303751,-0.180020312624694,-0.301425930420215,-0.244670334475134,-0.157679059319516,-0.106971540926598,-0.0822496767830356,678.591993038666,0.233890210294765,0.0712235436280978,3463,0.378082191780822
"Cinnamon",1991,1,34548.8514364903,1.74193548387097,345.80645136129,282.322580645161,-4.06451612903226,-17.7096774193548,-10.8870967741935,156.129032258065,11.6155586822912,0,0.131538187573438,0.817373866495197,0.598549155174541,0.487008292531586,-0.162262889669051,-0.312538658478943,0.173999117574451,-0.174517326144687,-0.261901918310966,-0.214592159612857,-0.132751061682382,-0.0856039193932052,795.354838130967,0.266896083873199,0.110767051615134,3463,0.378082191780822
"Cinnamon",1991,2,37880.228515625,2.35714285714286,446.514285360714,316.285714285714,0.767857142857143,-13.9821428571429,-6.60714285714286,222.857142857143,23.8737588589813,0,-1.44956638631023,-0.791625483743119,0.0668855892403904,0.0259303079287468,-0.00694578671867252,-0.537536752301198,-0.622893637130861,-0.0879121150057305,-0.376375419983965,-0.41256596656005,-0.343239766253506,-0.246992149524445,1026.98285632964,0.372939846611264,0.150082703754121,3463,0.378082191780822
"Cinnamon",1991,3,42263.5355342742,7.58064516129032,459.045160109677,506.193548387097,-0.290322580645161,-14.7096774193548,-7.5,209.032258064516,32.0877644592833,0,1.23319754491994,0.624688687107703,0.593746552826505,0.872640036758156,0.809111058836888,0.718694336630446,0.288730206026358,0.140651449094627,0.400318200125225,0.122124210038512,0.0206514732097939,0.0483694381789171,1055.80386825226,0.348148811253674,0.139116553189158,3463,0.378082191780822
"Cinnamon",1991,4,46944.0000000033,4.5,542.71999868,659.2,3.48333333333333,-11.3666666666667,-3.94166666666667,269.333333333333,53.1256988022653,0,0.900582324885798,1.23153181069204,0.891633324972064,0.825214353795701,1.01434184606083,0.974535768945585,0.893306338993844,0.595881055142504,0.477420720381882,0.624005099075048,0.382571977623984,0.271125677973037,1248.255996964,0.45655636312793,0.187223029794597,3463,0.378082191780822
"Cinnamon",1991,5,50914.6840977774,0.774193548387097,617.600001180645,719.354838709677,8.2258064516129,-4.04838709677419,2.08870967741935,468.387096774194,81.1089187780853,29.4274779692456,0.529778581382631,0.757377439330858,1.0501812609676,0.830905096888394,0.796893554025307,0.976242073248074,0.938582608199029,0.87428447712923,0.634491222827396,0.525296528714465,0.649386270450307,0.456714797680714,1420.48000271548,0.709927450555626,0.241540353781432,3463,0.378082191780822
"Cinnamon",1991,6,52876.79999998,2.2,648.213340246667,665.066666666667,13.3,0.933333333333333,7.11666666666667,633.333333333333,103.227374360933,68.4814919339062,1.62401230904649,1.093701911991,1.07551859724356,1.21357219229088,1.00040540167719,0.963394230256696,1.14569091419484,1.1052077602127,1.04251480939899,0.844567890557157,0.760817814881157,0.859487563901789,1490.89068256733,1.00925337557353,0.375920042240196,3463,0.378082191780822
"Cinnamon",1991,7,51940.3355594774,2.83870967741935,624.206450432258,555.612903225806,16.8225806451613,2.98387096774194,9.90322580645161,649.032258064516,121.944684538394,87.5285397804327,0.537045007421066,1.47009710135159,1.08498392675232,1.07624836615938,1.21030961756422,0.992035851893022,0.955827789970759,1.14715731568871,1.0989100490223,1.05118907125171,0.869308050807372,0.78129621429447,1435.67483599419,1.21914020714582,0.570107949081307,3463,0.378082191780822
"Cinnamon",1991,8,48506.6323084677,1.70967741935484,605.41935483871,438.193548387097,15.9516129032258,3.41935483870968,9.68548387096774,713.548387096774,103.388712251355,80.9950528310757,0.383108128872222,0.527553774330904,1.24288288483692,1.08382302079433,1.10022014613139,1.24829015893222,1.00183173570598,0.964201908241356,1.1687135637831,1.11719351116599,1.06423673133267,0.870358568506767,1392.46451612903,1.2014549341624,0.487906547065629,3463,0.378082191780822
"Cinnamon",1991,9,43983.3600260433,2.5,538.346667226667,333.733333333333,12.3333333333333,-0.2,6.06666666666667,584,71.6684193718963,51.6193468839954,0.346910581918139,0.45925142647593,0.547876754864134,1.09298240343363,1.0792692903304,1.12400178930037,1.27089829592504,1.0132804138811,0.973614403754942,1.15256578461723,1.10339978682543,1.05547389477658,1238.19733462133,0.938866341916086,0.354866341916086,3463,0.378082191780822
"Cinnamon",1991,10,39309.2128276161,2.87096774193548,420.335487483871,282.58064516129,7.79032258064516,-3.79032258064516,2,489.032258064516,44.3039346840459,22.2449027593267,-0.127652744132419,0.240795161974007,0.341072632260597,0.469054112746528,0.959246019683168,0.967813112418048,1.04206562696187,1.2063545652525,0.968172057312366,0.936123036885884,1.09966597027403,1.05783448461192,966.771621212903,0.705443117085661,0.216410859021145,3463,0.378082191780822
"Cinnamon",1991,11,35400.9598958367,4.63333333333333,309.22666384,373.466666666667,-2.08333333333333,-12.7666666666667,-7.425,254.666666666667,15.9986803828159,0,1.28150416740253,0.689878191322521,0.726451940735521,0.752865011979544,0.774521232324355,1.18742190306926,1.18187193776439,1.21548432486537,1.31269162824966,1.08631467755734,1.05054073370933,1.18867416060316,711.221326832,0.350173312364102,0.0955066456974353,3463,0.378082191780822
"Cinnamon",1991,12,33523.20000002,1.16666666666667,352.213332623333,463.6,-1.23333333333333,-15.1,-8.16666666666667,192,14.792131987164,0,-1.22575107484421,0.246596165461998,-0.0415045993225983,0.25335958889892,0.361298628560592,0.51378938220244,0.97069381383956,0.960830504710287,1.03262432132701,1.17585385635603,0.964973562954522,0.936408672795402,810.090665033666,0.330606012421627,0.138606012421627,3463,0.378082191780822
"Cinnamon",1992,1,34548.8514364903,1,355.096772225806,291.225806451613,-1.7741935483871,-15.9032258064516,-8.83870967741935,183.225806451613,15.3220559950391,0,-0.795570955660309,-1.19659291704593,-0.298686981679378,-0.387282459912352,-0.107323395095245,0.0559601656411405,0.272797435904031,0.732839841139182,0.735813163162744,0.843686423340877,1.03321144776377,0.849026533943444,816.722576119354,0.313722601430155,0.130496794978542,3463,0.378082191780822
"Cinnamon",1992,2,37956.4137931034,3.03448275862069,395.36552007931,341.103448275862,-0.379310344827586,-13.551724137931,-6.96551724137931,217.931034482759,21.83859514744,0,-0.784877275455332,-1.09990662621643,-1.41105987825534,-0.489330199063396,-0.520445539411968,-0.300120592358767,-0.12958585185409,0.117975675635508,0.556591124395577,0.569925237480758,0.693763531149294,0.905581153552094,909.340696182413,0.362806630093126,0.144875595610367,3463,0.378082191780822
"Cinnamon",1992,3,42419.6129032258,4.80645161290323,476.387096529032,440,3.32258064516129,-10.4677419354839,-3.57258064516129,278.709677419355,43.3453652492538,0,-0.053372768253694,-0.374236621181883,-0.573575551839964,-0.887333334988673,-0.348356702138775,-0.393446532991572,-0.274904940860986,-0.129368736560766,0.0701325120104653,0.477311760579861,0.496236776517719,0.621340673296404,1095.69032201677,0.469359469550204,0.190649792130849,3463,0.378082191780822
"Cinnamon",1992,4,47082.2399739633,2.43333333333333,582.4,510,8.56666666666667,-4.7,1.93333333333333,438.666666666667,71.5009457639862,24.9901488249564,-1.63299934463111,-1.02415720393469,-1.18428069481952,-1.26587692471157,-1.40219487694501,-0.9186728749411,-0.863388260070778,-0.75251355851012,-0.587552382521888,-0.306945670614531,0.0944303573303573,0.180427126448959,1339.52,0.702089605260173,0.263422938593506,3463,0.378082191780822
"Cinnamon",1992,5,51026.1679687452,3.96774193548387,584.154838316129,478.193548387097,10.4677419354839,-1.64516129032258,4.41129032258065,539.354838709677,89.983614215778,49.1875442046294,-0.00674137515536807,-0.763845084743048,-0.556218197587667,-0.68791573515971,-0.797735689656352,-0.95801327230784,-0.640991918475518,-0.631002243799841,-0.58071181787024,-0.483259045535336,-0.2872860218677,0.064757386262061,1343.5561281271,0.836687835766619,0.297332997056942,3463,0.378082191780822
"Cinnamon",1992,6,52888.32005206,1.43333333333333,641.600002033333,412,13.5666666666667,0.95,7.25833333333333,640,104.858371316989,69.4153038641293,1.31936535139687,0.581625817897965,-0.138529336135532,-0.0719833150656088,-0.170140089806263,-0.272334754293499,-0.409573761472993,-0.186972832453886,-0.227487658474838,-0.212726766364599,-0.146834204305824,-0.0301883301600017,1475.68000467667,1.01909814758905,0.379098147589049,3463,0.378082191780822
"Cinnamon",1992,7,51862.2968750032,3.12903225806452,608.619352770968,305.677419354839,15.0967741935484,2.88709677419355,8.99193548387097,712.258064516129,110.774785352885,81.9111172288979,1.89877099731762,2.34325217922972,1.27378120146493,0.426386808993553,0.37333941948107,0.275712675914616,0.165638731558279,0.0652817284846961,0.224100220870926,0.181216314810726,0.194862072921445,0.226429579926659,1399.82451137323,1.14662197972366,0.434363915207529,3463,0.378082191780822
"Cinnamon",1992,8,48372.8515625,3.41935483870968,512.30968253871,180.774193548387,15.1612903225806,3.03225806451613,9.09677419354839,752.258064516129,99.5332871016121,77.5792000740979,1.14949759511241,1.73655795249533,2.39529853223002,1.61622286449409,0.642893009551014,0.527958150873453,0.415941113539425,0.301700637125684,0.211562637203431,0.358666185069689,0.310062566153772,0.329139425183529,1178.31226983903,1.15476638774521,0.402508323229078,3463,0.378082191780822
"Cinnamon",1992,9,43822.0800781267,1.86666666666667,478.613332113333,85.8666666666667,13.1333333333333,0.6,6.86666666666667,642.666666666667,74.0707127586638,56.2052854873397,-0.124075187817426,0.6801304233314,1.27213608852469,1.70642606018842,1.39917585219296,0.546559826061829,0.451148361491446,0.352207325875671,0.240917497754553,0.158627197557515,0.302531418819456,0.262090148000869,1100.81066386067,0.992084956593353,0.349418289926686,3463,0.378082191780822
"Cinnamon",1992,10,39164.2837701581,3.03225806451613,342.709674706452,20.1290322580645,8.43548387096774,-2.69354838709677,2.87096774193548,517.41935483871,45.3419548726389,28.5173088414168,-0.316775016577743,-0.195808176671631,0.465443224491976,1.08704044524894,1.46097812287656,1.21820745994281,0.459183166779483,0.393112121197357,0.304566384657726,0.200409068287351,0.119771849096635,0.264366698673467,788.23225182484,0.750577272956315,0.233157918117605,3463,0.378082191780822
"Cinnamon",1992,11,35297.2799479167,4.1,326.826666776667,113.466666666667,-3.31666666666667,-14.75,-9.03333333333333,208,13.9850361640256,0,1.55472442914601,0.775449993506295,0.536120420804814,0.941951692246287,1.34052105575131,1.64359885808632,1.45588390809556,0.739349180584994,0.615242111816957,0.51453782731228,0.404255887205306,0.331519672389153,751.701333586334,0.3089787368812,0.1009787368812,3463,0.378082191780822
"Cinnamon",1992,12,33511.67994794,4.56666666666667,271.999999743333,186.933333333333,-4.56666666666667,-16.2833333333333,-10.425,188,10.409556080879,0,0.768693132606264,1.48953793017219,0.992888569389657,0.677851619193469,1.06293366747074,1.44605613774276,1.78053703501517,1.56751160292135,0.825646518316888,0.676675895435252,0.572169208996548,0.464335480316745,625.599999409666,0.276877689993442,0.0888776899934423,3463,0.378082191780822
"Cinnamon",1993,1,34548.8514364903,6.16129032258065,301.316130112903,702.451612903226,-3.17741935483871,-14.4677419354839,-8.82258064516129,210.322580645161,13.721291066188,0,0.570171006767163,0.817979414606048,1.39819965523504,1.05298740575241,0.775856518065213,1.12657283859464,1.47133167047515,1.7999052580657,1.54320330363279,0.863005027258537,0.716676059346687,0.616554807990066,693.027099259677,0.31411863423103,0.103796053585869,3463,0.378082191780822
"Cinnamon",1993,2,37880.228515625,12.0357142857143,309.257144935714,892.714285714286,-4.25,-13.7678571428571,-9.00892857142857,220,15.0624365931124,0,1.75011428423696,1.48194987470411,1.53098314435123,1.72323529510456,1.50995027883212,1.28809320971463,1.52465969912016,1.74028957639862,2.00951538437168,1.77979930992553,1.14539591481562,0.955263968301434,711.291433352142,0.309570067608891,0.0895700676088912,3463,0.378082191780822
"Cinnamon",1993,3,42263.5355342742,3.67741935483871,570.941933909677,1000,3.91935483870968,-11.9032258064516,-3.99193548387097,261.935483870968,45.060996136176,0,-0.403539410083479,0.736825518055209,0.803353091168813,0.951252628634543,1.2258349281374,1.05125337599259,0.937178456893262,1.16912059134867,1.44675433596692,1.64185271583699,1.4104132323139,0.933021622651244,1313.16644799226,0.454836838340961,0.192901354469993,3463,0.378082191780822
"Cinnamon",1993,4,46944.0000000033,6,514.77333374,1000,5.03333333333333,-9.98333333333333,-2.475,296,59.0768974302826,0,0.47977584428262,0.158215705167276,0.779197552203038,0.807129545265129,0.921753595945327,1.13308866542003,0.994513316044599,0.926753671405772,1.12571330374625,1.36122877817243,1.53260668884384,1.33055928943603,1183.978667602,0.509338672822068,0.213338672822068,3463,0.378082191780822
"Cinnamon",1993,5,50914.6840977774,3.25806451612903,610.890324745161,1000,10.7741935483871,-4.14516129032258,3.31451612903226,467.096774193548,94.9339770730217,40.4158035991684,-0.586021603881743,-0.107916013854907,-0.168512273020962,0.374765222016015,0.454563794826449,0.575734555061091,0.782038523256554,0.666805753721136,0.595803120471611,0.781607187466427,1.05776080955417,1.24175692009228,1405.04774691387,0.774530137264308,0.30743336307076,3463,0.378082191780822
"Cinnamon",1993,6,52876.79999998,1.23333333333333,655.360002643333,1000,13.6833333333333,-0.233333333333333,6.725,609.333333333333,107.784234058146,65.868930801976,0.906587665978081,0.00236262830327828,0.189986536306743,0.0876646008000706,0.488411634174018,0.550699185878497,0.674908902221036,0.84743049740111,0.738662439736659,0.675535745752792,0.849969270070793,1.11236613666802,1507.32800607967,0.982471121163091,0.373137787829758,3463,0.378082191780822
"Cinnamon",1993,7,51940.3355594774,1.19354838709677,614.296768193548,1000,16.241935483871,3.88709677419355,10.0645161290323,712.258064516129,115.892352682773,88.5055952748891,1.06506247474108,1.36546435628957,0.402054172664263,0.432215483946715,0.293622919284934,0.623822937645183,0.664785607292511,0.792863744419889,0.942568561783625,0.855017500887779,0.811889701137298,0.971361816613763,1412.88256684516,1.23238793726141,0.520129872745285,3463,0.378082191780822
"Cinnamon",1993,8,48506.6323084677,2.35483870967742,565.264514064516,1000,15.0161290322581,3.41935483870968,9.21774193548387,645.161290322581,97.7625956971124,78.2866020962896,1.24102084470863,1.29827045968261,1.63108776565936,0.739441195496345,0.676473285806311,0.469900181792364,0.776759319408172,0.808393925715765,0.948393776686748,1.09838673842539,1.00030778318588,0.961107063629523,1300.10838234839,1.16422713675224,0.519065846429663,3463,0.378082191780822
"Cinnamon",1993,9,43983.3600260433,2.23333333333333,578.026664226667,997.6,12.8166666666667,0.0166666666666667,6.41666666666667,556,73.4889618596937,53.6476258867581,0.0251829590027683,0.82002998139458,1.00197544041958,1.25635209605569,0.656413721667478,0.616012936910602,0.421004812619522,0.735314224871761,0.768039499682219,0.889988739361269,1.03781946020408,0.948162151402379,1329.46132772133,0.961830833724613,0.405830833724613,3463,0.378082191780822
"Cinnamon",1993,10,39309.2128276161,3.83870967741935,432.619357687097,969.935483870968,7.16129032258065,-5.67741935483871,0.741935483870968,412.903225806452,43.6844110789325,11.2540561743133,0.201327095308218,0.187658120358976,0.762105067107145,0.954632179295417,1.17946180611346,0.648268790071824,0.616532070466583,0.43314854458251,0.738312616037919,0.77300542080047,0.884709033383277,1.02965668800085,995.024522680323,0.644493608444197,0.231590382637745,3463,0.378082191780822
"Cinnamon",1993,11,35400.9598958367,4.43333333333333,346.133333586667,991.333333333333,-1.3,-13.95,-7.625,220,17.0734917081953,0,1.03206123745918,0.734276933561895,0.588934703011849,1.02056535004831,1.13237423495909,1.31845886396611,0.848781383544169,0.79105001207289,0.580377554143261,0.85049798539505,0.875415025076128,0.972022678397972,796.106667249334,0.344797783779752,0.124797783779752,3463,0.378082191780822
"Cinnamon",1993,12,33523.20000002,2.13333333333333,310.719998683333,1000,-3.03333333333333,-16.3,-9.66666666666667,182.666666666667,12.2156794404343,0,-0.294539218365871,0.589669222026675,0.436945656451035,0.39834395594568,0.887496129170594,1.05723538805104,1.26197836220421,0.776295125713841,0.734053419202609,0.533156100933548,0.80569845419039,0.834227731159317,714.655996971666,0.293980528998786,0.111313862332119,3463,0.378082191780822
"Cinnamon",1994,1,34548.8514364903,1.12903225806452,350.864515735484,363.741935483871,-2.70967741935484,-15.6935483870968,-9.20161290322581,187.096774193548,14.0931922949381,0,-0.508390169581612,-0.473597938365523,0.127436061829557,0.124420207572373,0.133014878369504,0.648904314768417,0.871638069180787,1.07559586561159,0.620275250090822,0.608884814583922,0.448250115238449,0.722253673615131,806.988386191613,0.304928607783332,0.117831833589784,3463,0.378082191780822
"Cinnamon",1994,2,37880.228515625,7.64285714285714,401.714288985714,501.285714285714,-2.64285714285714,-15.5178571428571,-9.08035714285714,197.142857142857,17.3762536700375,0,0.991693756592679,0.465811891958586,0.294988557036492,0.672775416515378,0.589119665720947,0.489118341158042,0.87544133889454,1.02079070252468,1.19398682484043,0.771886779287936,0.737357186424272,0.57089597522824,923.942864667142,0.307842179277882,0.110699322135025,3463,0.378082191780822
"Cinnamon",1994,3,42263.5355342742,2.03225806451613,562.477412074194,601.935483870968,5.16129032258065,-11.4516129032258,-3.14516129032258,274.838709677419,49.0041806593352,0,-1.14872465425284,-0.307783872930308,-0.393719987008359,-0.43621139227122,-0.0473750424689323,-0.0377853164393049,-0.0683385729077234,0.34574726858734,0.587771655394051,0.764637601807367,0.427767092330851,0.457992004065602,1293.69804777065,0.484583891364181,0.209745181686762,3463,0.378082191780822
"Cinnamon",1994,4,46944.0000000033,5.36666666666667,525.973332976667,708,6.68333333333333,-7.05,-0.183333333333333,376,64.9444649645376,0,-0.287875617419191,-0.909656495467034,-0.284145735960395,-0.375650607534684,-0.394211699693927,-0.0926269366453106,-0.0840219697385853,-0.124726927335682,0.233352097610183,0.457473268662149,0.627191087491302,0.357140713091522,1209.73866584633,0.602694244275803,0.226694244275803,3463,0.378082191780822
"Cinnamon",1994,5,50914.6840977774,0.709677419354839,658.374193745161,762.967741935484,12.5,-1.79032258064516,5.35483870967742,526.451612903226,101.889233836957,56.195060035487,-1.5479166804242,-1.1321345672171,-1.38573014116814,-0.974953405115184,-0.994167817798338,-0.964559823417698,-0.704120903296097,-0.624061002895117,-0.650527376553895,-0.337713181465209,-0.0482429632149355,0.148267665831881,1514.26064561387,0.893650729166257,0.367199116263031,3463,0.378082191780822
"Cinnamon",1994,6,52876.79999998,0.966666666666667,660.69333191,670.4,18.3,4.45,11.375,741.333333333333,127.912905139176,94.5200563417662,-1.46230155230962,-1.64050184695076,-1.40622164391015,-1.56326086630831,-1.2815892696402,-1.29511068415825,-1.26088264747407,-1.04489756956448,-0.945496077228442,-0.949541251178286,-0.678684345338119,-0.384944733355367,1519.594663393,1.34481444535551,0.603481112022181,3463,0.378082191780822
"Cinnamon",1994,7,51940.3355594774,0,705.032256096774,528.258064516129,20.1451612903226,5.12903225806452,12.6370967741935,501.935483870968,139.561926030245,103.489530450589,-1.38397450978896,-1.6439397441999,-1.65215422814909,-1.5061094602177,-1.6176850971371,-1.45352918654911,-1.46211579896317,-1.43079608157528,-1.26811532294968,-1.19463406586086,-1.19046335663373,-0.968713382245958,1621.57418902258,1.4615280942117,0.959592610340736,3463,0.378082191780822
"Cinnamon",1994,8,48506.6323084677,0.903225806451613,606.864514751613,377.806451612903,18.1774193548387,5.09677419354839,11.6370967741935,348.387096774194,113.126573358429,91.8837402783112,-1.02140765250052,-1.35091096462175,-1.57052857286219,-1.6235925727284,-1.52049254644108,-1.60925326638199,-1.48679125947872,-1.49748382551671,-1.467730091093,-1.33925638372359,-1.27602877288975,-1.26624943128766,1395.78838392871,1.36835312830859,1.0199660315344,3463,0.378082191780822
"Cinnamon",1994,9,43983.3600260433,2.76666666666667,536.85332998,259.733333333333,13.5166666666667,1.2,7.35833333333333,424,74.8912750413189,58.9405288240967,-0.111534009196636,-0.757800556175522,-1.17418212570777,-1.46381858439227,-1.57404559388548,-1.48088899691047,-1.55563843809744,-1.44552231221128,-1.45360693210873,-1.42644568040481,-1.30686899441488,-1.25137311820001,1234.762658954,1.02609835297423,0.602098352974225,3463,0.378082191780822
"Cinnamon",1994,10,39309.2128276161,4.19354838709677,414.348387193548,253.677419354839,6.35483870967742,-5.5,0.42741935483871,419.354838709677,41.265179701958,7.70430685909204,0.718510882723584,0.385606986338012,-0.378141963491394,-0.964546663789112,-1.32180474705413,-1.49156412931831,-1.40991878936158,-1.48747720621687,-1.36985572972688,-1.38398072006231,-1.3540323516313,-1.23609870957077,953.00129054516,0.630005665078159,0.210650826368482,3463,0.378082191780822
"Cinnamon",1994,11,35400.9598958367,6.2,314.986666616667,372.266666666667,-1.06666666666667,-12.9166666666667,-6.99166666666667,249.333333333333,17.5533726392104,0,1.28378518883731,1.28740233286294,0.83099216195923,0.138750488626903,-0.621614668214203,-1.09963368951397,-1.35302649880966,-1.28409340160753,-1.3649342372521,-1.22815247253955,-1.2445536120897,-1.21396658787545,724.469333218334,0.362076924732752,0.112743591399419,3463,0.378082191780822
"Cinnamon",1994,12,33523.20000002,3.36666666666667,306.346667613333,523.733333333333,-0.85,-13.6333333333333,-7.24166666666667,232,15.5663063379165,0,-0.859344158422322,0.466468325499103,0.678329186057651,0.484284068636994,-0.171281592833911,-0.79216186221361,-1.19802861314586,-1.41027634495934,-1.33923399410591,-1.41028436638781,-1.28062384012101,-1.29694558153134,704.597335510666,0.355166269119961,0.123166269119961,3463,0.378082191780822
"Cinnamon",1995,1,34548.8514364903,3.51612903225806,305.341937035484,542.322580645161,-2.83870967741935,-14.5645161290323,-8.70161290322581,209.032258064516,14.1718341148849,0,-0.026222350209604,-0.445326803601526,0.297875683649892,0.537330449189538,0.385109818028474,-0.204790866117188,-0.786711406968334,-1.15086714843454,-1.35449722381422,-1.29387083141135,-1.3624311349875,-1.23443621586727,702.286455181613,0.317103098822036,0.10807084075752,3463,0.378082191780822
"Cinnamon",1995,2,37880.228515625,7.35714285714286,414.171427317857,700.857142857143,2.39285714285714,-10.1607142857143,-3.88392857142857,288.571428571429,27.383195698165,0,-1.08157747575575,-0.670648421527831,-0.900194752700745,-0.0908773158579149,0.151098148730749,0.0565435415321452,-0.437971119891887,-0.925813023587553,-1.24607680394042,-1.41147605800794,-1.3440136730963,-1.41848440300914,952.594282831071,0.458538512484767,0.169967083913338,3463,0.378082191780822
"Cinnamon",1995,3,42263.5355342742,7.58064516129032,475.251614967742,952.258064516129,2.96774193548387,-11.741935483871,-4.38709677419355,269.677419354839,42.2040070840864,0,0.38078366921649,-0.101568189054349,-0.0336176506198577,-0.262279730092532,0.183964185172614,0.316539283398436,0.217550265792227,-0.195216801707574,-0.722962626751857,-1.05728229389257,-1.25748219353969,-1.19974834617715,1093.07871442581,0.441518912324571,0.171841492969732,3463,0.378082191780822
"Cinnamon",1995,4,46944.0000000033,4.7,530.773329163333,1000,5.08333333333333,-9.76666666666667,-2.34166666666667,301.333333333333,59.2592731678906,0,0.320683527872818,0.501187470377538,0.193679200074552,0.177089171272243,0.017564377201026,0.327142593759989,0.402931031017185,0.318854365653845,-0.0211780267820601,-0.546372951583098,-0.894237126701208,-1.12877209736145,1220.77865707567,0.514395626913806,0.213062293580473,3463,0.378082191780822
"Cinnamon",1995,5,50914.6840977774,8.19354838709677,512.929028912903,1000,7.95161290322581,-5.41935483870968,1.26612903225806,418.064516129032,81.1539136532305,20.8627338538309,1.11881783302114,0.825125943824089,0.794470240304466,0.615152696299604,0.575021075036161,0.497006969595381,0.67105283670893,0.702389203535059,0.635366598807573,0.362480281440585,-0.130080823519352,-0.455667120392079,1179.73676649968,0.669297349553128,0.251232833424096,3463,0.378082191780822
"Cinnamon",1995,6,52876.79999998,2.73333333333333,646.506664023333,1000,13.6333333333333,-0.85,6.39166666666667,580,108.462263647255,63.6077556747104,1.01662611033213,1.25455962020313,0.951709288374297,0.875551488461488,0.706591199468349,0.671453651510947,0.631017607751526,0.772056873514387,0.78922025784559,0.730810424008824,0.503180586710294,0.0539040482697088,1486.96532725367,0.960174210270184,0.380174210270184,3463,0.378082191780822
"Cinnamon",1995,7,51940.3355594774,2.12903225806452,614.606450235484,1000,17.3064516129032,3.09677419354839,10.2016129032258,776.774193548387,124.899267247178,89.3322461072634,0.110718557804436,0.698789410396961,1.0297405594438,0.815033046460811,0.772601813532076,0.617307212999458,0.584927100979223,0.548523852205757,0.680153418107453,0.720883085934807,0.673364307801973,0.444357357762891,1413.59483554161,1.2437480859298,0.466973892381413,3463,0.378082191780822
"Cinnamon",1995,8,48506.6323084677,1.09677419354839,592.516131983871,966.193548387097,18.8548387096774,5.67741935483871,12.2661290322581,885.161290322581,115.970565506712,95.2682977592479,-1.3112860151168,-0.617333748375476,-0.18686782872819,0.325432130317255,0.312805376923928,0.390189278901558,0.256375436282405,0.243855022933758,0.18924938972597,0.337419330777903,0.396531521759924,0.343418201637547,1362.7871035629,1.42633169037303,0.541170400050452,3463,0.378082191780822
"Cinnamon",1995,9,43983.3600260433,2.9,545.813331606667,845.866666666667,12.75,0.4,6.575,588,72.6575696347107,54.5537540632163,0.257376460024036,-0.782069032194369,-0.395013299979608,-0.0569927527912623,0.346743591196286,0.31528810789718,0.385507542047698,0.260349173207635,0.245469419842594,0.199355826587209,0.342293138296155,0.402190630543747,1255.37066269533,0.972381543362108,0.384381543362108,3463,0.378082191780822
"Cinnamon",1995,10,39309.2128276161,1.61290322580645,465.23871366129,822.064516129032,8.06451612903226,-5.37096774193548,1.34677419354839,421.935483870968,46.1458873914431,16.9522108121018,-0.807872118163034,-0.16971670520622,-0.979815751408893,-0.550837188972138,-0.222667656537112,0.153787635239794,0.162122571568509,0.267408415415386,0.157745947268537,0.150303589175947,0.104611654543767,0.249931897297394,1070.04904142097,0.673187461374532,0.251251977503564,3463,0.378082191780822
"Cinnamon",1995,11,35400.9598958367,2.63333333333333,353.92000173,849.866666666667,2.95,-9.35,-3.2,326.666666666667,24.1572825426656,0,-0.843770241356835,-1.11372587255013,-0.525398057560439,-1.17549675837172,-0.675754414424871,-0.319006682713087,0.0463291473093135,0.0741986874848419,0.18765156312511,0.088465437837067,0.0813305966236431,0.0427961199829173,814.016003979,0.48260635290457,0.155939686237903,3463,0.378082191780822
"Cinnamon",1995,12,33523.20000002,2.6,312.213331606667,905.733333333333,-1.28333333333333,-13.1,-7.19166666666667,241.333333333333,15.037055314611,0,-0.921454232264195,-1.15240783898116,-1.31815431288667,-0.84860301727083,-1.33467333266089,-0.851175438070646,-0.497202026328044,-0.101312710993857,-0.0419933212214156,0.0849627881607385,-0.00607351590643125,-0.00609551287772747,718.090662695334,0.356538933832855,0.115205600499522,3463,0.378082191780822
"Cinnamon",1996,1,34548.8514364903,7.61290322580645,278.193547893548,496,-5.08064516129032,-15.258064516129,-10.1693548387097,205.161290322581,11.0731295934242,0,1.22303880485003,0.520451158799132,-0.0757356997033047,-0.503297757686286,-0.247339080731921,-0.886427613466864,-0.547056650419282,-0.228168556344373,0.147587869895782,0.167050690229745,0.258360347884694,0.161885692954111,639.84516015516,0.282541526069377,0.0773802357467962,3463,0.378082191780822
"Cinnamon",1996,2,37956.4137931034,8.31034482758621,440.496549148276,712.965517241379,0.379310344827586,-13.3275862068966,-6.47413793103448,240,23.2875965126826,0,0.0796512624490605,0.9012580771913,0.483459200254814,0.0853953061964644,-0.300711008243661,-0.161277865755422,-0.781007226516778,-0.497753455197408,-0.186755966882605,0.166572917118404,0.186846486076323,0.275549010702437,1013.14206304103,0.37676421384428,0.136764213844281,3463,0.378082191780822
"Cinnamon",1996,3,42419.6129032258,5.32258064516129,517.161293274194,864.516129032258,3.03225806451613,-12.3709677419355,-4.66935483870968,252.903225806452,42.2786613488941,0,0.129311218259229,0.151324075086044,0.622171275639029,0.406305003862609,0.15250825329712,-0.135768892104164,-0.0765482129556469,-0.604554495410057,-0.416788268930884,-0.12208736394508,0.196846837008787,0.225283073337028,1189.47097453065,0.432219471233189,0.179316245426737,3463,0.378082191780822
"Cinnamon",1996,4,47082.2399739633,3.7,562.986662293333,961.333333333333,5.9,-8.93333333333333,-1.51666666666667,336,62.3868584929006,0,-0.172525733521808,0.0720345389018585,0.106956767203844,0.453378454995523,0.295378285927373,0.109224083569752,-0.119590640714705,-0.091622664725013,-0.552198985935671,-0.401223180313687,-0.133499043302383,0.17556173203658,1294.86932327467,0.546688883855642,0.210688883855642,3463,0.378082191780822
"Cinnamon",1996,5,51026.1679687452,1.25806451612903,609.135485741935,960.129032258065,11.5967741935484,-0.838709677419355,5.37903225806452,581.935483870968,95.1463569655894,56.3693943415659,-0.815213458044937,-0.601530554372329,-0.339351035405541,-0.277800684198237,0.0565443750091033,-0.0644999946867944,-0.221607164696497,-0.372779852429137,-0.359219219818078,-0.719623528128411,-0.577055772124952,-0.334740382334001,1401.01161720645,0.89515532180179,0.313219837930822,3463,0.378082191780822
"Cinnamon",1996,6,52888.32005206,1.7,641.706669106667,879.2,16.0166666666667,2.26666666666667,9.14166666666667,636,117.694025931131,81.3387679680271,-0.347005769079308,-0.725872355193655,-0.597824096802807,-0.396071820827951,-0.340348984540738,-0.0622699784821349,-0.154317623701758,-0.278477882087057,-0.40578090215578,-0.401108183654177,-0.691862634204349,-0.584943298518257,1475.92533894533,1.15826943547022,0.522269435470225,3463,0.378082191780822
"Cinnamon",1996,7,51862.2968750032,1.25806451612903,662.916128835484,744.387096774194,19.7903225806452,5.85483870967742,12.8225806451613,632.258064516129,135.26565721703,104.530891386554,-0.981763196515061,-0.90039387647765,-0.9731000612722,-0.855113676214333,-0.679064003547995,-0.622629330611169,-0.389519615503463,-0.466785011947058,-0.560255772431583,-0.640528884776816,-0.629463137205717,-0.861677891869028,1524.70709632161,1.47941109365075,0.847153029134618,3463,0.378082191780822
"Cinnamon",1996,8,48372.8515625,0.32258064516129,646.812903619355,598.451612903226,18.8709677419355,4.61290322580645,11.741935483871,545.806451612903,118.52891462349,92.4517340765964,-1.63660332018751,-1.36985265744405,-1.26227127599413,-1.26606730284123,-1.15748102580761,-1.02026242865428,-0.972325443322931,-0.769743164133636,-0.828651359385018,-0.895883654818737,-0.945337475502352,-0.922108831735446,1487.66967832452,1.37786968023835,0.832063228625446,3463,0.378082191780822
"Cinnamon",1996,9,43822.0800781267,2.6,505.0666687,496.266666666667,11.6333333333333,-0.866666666666667,5.38333333333333,472,69.5238237224288,47.5500869609681,0.675357898718185,-0.824517527003913,-0.965870304967638,-0.976439040989182,-1.11265687816271,-1.03833472114509,-0.905668895178936,-0.853050567546841,-0.662012336379137,-0.707379792199623,-0.776072985957482,-0.830942341390976,1161.65333801,0.895423039252385,0.423423039252385,3463,0.378082191780822
"Cinnamon",1996,10,39164.2837701581,5.32258064516129,442.116133654839,476.516129032258,6.88709677419355,-6.32258064516129,0.282258064516129,410.322580645161,43.2125106617571,5.79305469552397,0.574456996601615,0.793271951103804,-0.505144096030333,-0.788299502055095,-0.836474686202034,-1.02748127716587,-0.967684990322181,-0.831981018362885,-0.778086907807668,-0.588250482763966,-0.630846313084342,-0.703595496309859,1016.86710740613,0.623416868960737,0.213094288315576,3463,0.378082191780822
"Cinnamon",1996,11,35297.2799479167,6.06666666666667,317.653337093333,598.533333333333,1.26666666666667,-10.5666666666667,-4.65,292,21.3413539796355,0,0.479706723945318,0.637572667180085,0.864023940495652,-0.266002428385377,-0.620043978680536,-0.690984838928142,-0.919207439266051,-0.875607302231137,-0.741956786970195,-0.688065774332556,-0.499277188783481,-0.535473740699498,730.602675314666,0.432851541212118,0.140851541212118,3463,0.378082191780822
"Cinnamon",1996,12,33511.67994794,6.86666666666667,272.426666773333,729.466666666667,-5.08333333333333,-15.2333333333333,-10.1583333333333,214.666666666667,10.0389723494086,0,1.31171297117863,1.16969816067182,1.19332960273217,1.16178205458204,0.0722809469510627,-0.383065744244218,-0.491063950425894,-0.765078720921679,-0.733664249408687,-0.601082127964004,-0.546541622789491,-0.36014316490757,626.581333578666,0.282788012582415,0.0681213459157476,3463,0.378082191780822
"Cinnamon",1997,1,34548.8514364903,8.09677419354839,299.148388277419,414.193548387097,-3.14516129032258,-14.4354838709677,-8.79032258064516,212.903225806452,13.7705950225883,0,0.890649757364052,1.28572311790016,1.32573450078906,1.34952037327681,1.31336767534457,0.341463983080397,-0.192667356302313,-0.307698414203011,-0.58863052938057,-0.582091814284366,-0.461090326733208,-0.410936567816511,688.041293038064,0.314912035651737,0.102008809845285,3463,0.378082191780822
"Cinnamon",1997,2,37880.228515625,2.89285714285714,441.142858778571,568.714285714286,-0.767857142857143,-15.5714285714286,-8.16964285714286,192.857142857143,20.5782991809068,0,-0.519607741790946,0.388214908301594,0.863968004565998,0.926518591344754,0.941867739436332,1.02274326067807,0.192028293228361,-0.271571547083314,-0.361773981346784,-0.609453060008663,-0.594724724591719,-0.473887869721962,1014.62857519071,0.330529494315165,0.137672351458022,3463,0.378082191780822
"Cinnamon",1997,3,42263.5355342742,2,537.393547796774,648.258064516129,5.48387096774194,-11.0967741935484,-2.80645161290323,283.870967741935,50.0880886946285,0,-1.30304698660307,-1.3484068902399,-0.553493023848958,-0.0485038077213951,0.117914881043961,0.215933592984765,0.384338801628724,-0.32557762776039,-0.619779692478209,-0.640390005477869,-0.784771219504706,-0.741465100672457,1236.00515993258,0.496958422645986,0.213087454904051,3463,0.378082191780822
"Cinnamon",1997,4,46944.0000000033,4.9,523.093331403333,738.933333333333,4.28333333333333,-10.5,-3.10833333333333,296,56.1937062226382,0,0.658336976323876,-0.225336181453273,-0.344147493477258,0.0223676264472493,0.323745175822514,0.424863689468988,0.457728915762525,0.569592912706868,0.00466396321920201,-0.343323760113209,-0.390432639831738,-0.562614255358494,1203.11466222767,0.485915981049447,0.189915981049447,3463,0.378082191780822
"Cinnamon",1997,5,50914.6840977774,3.48387096774194,602.838706232258,811.225806451613,10.8064516129032,-3.11290322580645,3.84677419354839,496.774193548387,94.0087461241613,44.7705395141106,-0.466673078058735,0.0686329067194986,-0.358761778218283,-0.43150553524975,-0.159522070347774,0.0918505808119156,0.17183808495174,0.222315754817058,0.308226867915615,-0.174587911779941,-0.439550903134951,-0.466622761156352,1386.52902433419,0.804164861833137,0.30739066828475,3463,0.378082191780822
"Cinnamon",1997,6,52876.79999998,1.26666666666667,674.240000406667,762.4,15.8833333333333,1.7,8.79166666666667,672,117.981339945454,79.1859072532174,-0.434748024545866,-0.56910839034217,-0.139665202197608,-0.439016605097343,-0.483635479611973,-0.26564269755614,-0.0456015934642406,0.0302882113258529,0.0763273953571959,0.147168058216419,-0.258689900574753,-0.482709794219339,1550.75200093533,1.13120477524226,0.459204775242261,3463,0.378082191780822
"Cinnamon",1997,7,51940.3355594774,1.35483870967742,611.509677025806,647.354838709677,17.9838709677419,4.40322580645161,11.1935483870968,753.548387096774,126.42888398846,95.2135606876562,-0.143625964798206,-0.382088515137472,-0.530811622353369,-0.22723637719942,-0.444593404665294,-0.471822152288876,-0.307562523826936,-0.124454152587264,-0.0620376749945201,-0.000416109897943072,0.0703256405429989,-0.300722415511245,1406.47225715935,1.32872799356443,0.575179606467651,3463,0.378082191780822
"Cinnamon",1997,8,48506.6323084677,3.25806451612903,587.767736622581,509.806451612903,16.2258064516129,3.91935483870968,10.0725806451613,720,103.895964557432,83.205690705569,0.530984566711449,0.171939047149757,-0.133279243750903,-0.400507262683466,-0.161047615274624,-0.379114043959481,-0.403392489391674,-0.25861026097118,-0.0881069944766361,-0.0325010107881967,0.0243008886302169,0.0973436977860444,1351.86579423194,1.23305364110755,0.513053641107553,3463,0.378082191780822
"Cinnamon",1997,9,43983.3600260433,3.9,469.653330486667,391.333333333333,13.8333333333333,1.9,7.86666666666667,693.333333333333,75.20610904111,61.7090008226031,0.0172709572866278,0.361292859344493,0.161984259942855,-0.0859932133430827,-0.392659634937147,-0.194610372990491,-0.401536389484746,-0.41521020950758,-0.278472519864695,-0.103263894924643,-0.0480647136199453,0.00988018439987135,1080.20266011933,1.06234324209459,0.369009908761255,3463,0.378082191780822
"Cinnamon",1997,10,39309.2128276161,2.96774193548387,451.200002854839,360,7.7258064516129,-6.09677419354839,0.814516129032258,412.903225806452,45.5047830593477,11.999436061272,-0.366430722256444,-0.117804305822885,0.171635203663516,0.060496322437248,-0.161472484982926,-0.451849493959553,-0.254748131319085,-0.440625334962705,-0.452025951565633,-0.316042951827273,-0.141169480959327,-0.0837309956015927,1037.76000656613,0.647878627577597,0.234975401771145,3463,0.378082191780822
"Cinnamon",1997,11,35400.9598958367,4.56666666666667,329.173333483333,443.733333333333,0.0833333333333333,-12.3666666666667,-6.14166666666667,256,19.4072415586319,0,0.573468203376429,0.026641918240413,0.167223737810863,0.381071746205533,0.250184081265492,0.0285290488858039,-0.294793897981669,-0.119670264001659,-0.329100234436201,-0.344891616751348,-0.215703183175058,-0.036548967954993,757.098667011666,0.386476991943896,0.130476991943896,3463,0.378082191780822
"Cinnamon",1997,12,33523.20000002,1.86666666666667,310.506664526667,555.466666666667,-2.78333333333333,-15.45,-9.11666666666667,192,12.7434139630818,0,-0.507711754341063,0.132920649949727,-0.262104371049744,-0.0851061728038817,0.160223119151584,0.0979507768774494,-0.101630864255501,-0.373978830723424,-0.18261294909114,-0.379259957591805,-0.392776622664833,-0.261580727204441,714.165328411334,0.306967133160111,0.114967133160111,3463,0.378082191780822
"Cinnamon",1998,1,34548.8514364903,4.61290322580645,299.148387035484,254.193548387097,-2.74193548387097,-13.8870967741935,-8.31451612903226,223.225806451613,14.4043265402819,0,0.147879493799848,-0.125722772158675,0.148114171541701,-0.123470203024597,-0.0637247455135976,0.159358897048069,0.0778657347994235,-0.097748142067953,-0.328064868860937,-0.153211943291233,-0.34304054859841,-0.35795455568178,688.041290181613,0.326823799542284,0.103597993090671,3463,0.378082191780822
"Cinnamon",1998,2,37880.228515625,3.32142857142857,403.199999675,365.428571428571,-2.82142857142857,-14.8928571428571,-8.85714285714286,201.428571428571,17.2559732796147,0,0.288567506918501,0.343956073151232,0.102195597930437,0.35035018825327,0.0989072220143714,0.0660331639996337,0.24302499794385,0.139021255279713,-0.0234933609256886,-0.24995376157197,-0.0857978994963957,-0.272577901984072,927.3599992525,0.31327053701045,0.111841965581879,3463,0.378082191780822
"Cinnamon",1998,3,42263.5355342742,3.93548387096774,506.219355922581,468.387096774194,2.80645161290323,-12.4677419354839,-4.83064516129032,269.677419354839,41.5840552385694,0,0.0505449552111436,0.182284673924982,0.252075882326009,0.118125419022738,0.293075678522624,0.112850966657381,0.068232508594821,0.22297725291781,0.121312337176489,0.000454747057596896,-0.191643630712707,-0.0334234697298963,1164.30451862194,0.426984045674033,0.157306626319194,3463,0.378082191780822
"Cinnamon",1998,4,46944.0000000033,4.96666666666667,553.813331096667,601.333333333333,6.35,-9.61666666666667,-1.63333333333333,305.333333333333,64.2625624513503,0,-0.25107379911904,-0.0271073444461175,0.0906134771037041,0.134966335723515,0.0447920412560733,0.189568048559383,0.0481611458811543,0.00110977363105486,0.139492596335739,0.0577002318281646,-0.0414405113660126,-0.19146617147463,1273.77066152233,0.542015605366873,0.23668227203354,3463,0.378082191780822
"Cinnamon",1998,5,50914.6840977774,0.387096774193548,637.729031470968,640.516129032258,11.4032258064516,-2.70967741935484,4.34677419354839,501.935483870968,96.846555641727,48.6921000713201,-1.07878122520778,-0.807449645491201,-0.544345827558624,-0.418572229208657,-0.329368608800594,-0.385286185010121,-0.25922192790069,-0.332229402090397,-0.376077449878727,-0.260315585530112,-0.267589018186667,-0.322465699162897,1466.77677238323,0.832912965309936,0.330977481438968,3463,0.378082191780822
"Cinnamon",1998,6,52876.79999998,1.46666666666667,642.133327233333,598.666666666667,13.9166666666667,0.683333333333333,7.3,598.666666666667,107.568957268791,69.6888659290841,0.966757225807185,-0.278417113539208,-0.292347698806604,-0.164297484497729,-0.0843163761908187,-0.0383072715073885,-0.0773761085713373,0.0138001902279469,-0.074712993411371,-0.126297374040074,-0.0349577341296105,-0.0775845029055763,1476.90665263667,1.02200975886218,0.423343092195517,3463,0.378082191780822
"Cinnamon",1998,7,51940.3355594774,2.67741935483871,599.638710267742,476.516129032258,19,5.88709677419355,12.4435483870968,651.612903225806,129.588632162044,102.397780991738,-0.336197226226772,0.303339670202451,-0.408746237730108,-0.408760698403263,-0.284160210253795,-0.206269621826643,-0.170340881475133,-0.203023458313526,-0.125889801371245,-0.180130985936811,-0.219268572363096,-0.150796226277224,1379.16903361581,1.44307058776719,0.79145768454138,3463,0.378082191780822
"Cinnamon",1998,8,48506.6323084677,1.51612903225806,641.341933712903,334.451612903226,18.5,4.35483870967742,11.4274193548387,598.709677419355,116.801789679443,90.7429237210535,-1.3537612772087,-0.87799699546076,-0.449592282550581,-0.805140927724216,-0.755437637840779,-0.628610525212232,-0.549925647303366,-0.505741792446898,-0.534487154625539,-0.457316693454156,-0.489998977928528,-0.514057296526409,1475.08644753968,1.34949345235206,0.750783774932705,3463,0.378082191780822
"Cinnamon",1998,9,43983.3600260433,1.2,521.493332926667,202.8,16.5166666666667,3.21666666666667,9.86666666666667,696,85.582589270957,72.1021178703399,-1.8845235404623,-1.89958329597953,-1.28463057267486,-0.888677769238946,-1.11551820914296,-1.05381788607665,-0.936846173589027,-0.861660215443517,-0.814031714667514,-0.821142340298914,-0.743181452571959,-0.759152264830567,1199.43466573133,1.2161548965415,0.520154896541503,3463,0.378082191780822
"Cinnamon",1998,10,39309.2128276161,3.09677419354839,360.154840280645,153.41935483871,6.7258064516129,-3.90322580645161,1.41129032258065,473.548387096774,41.1826347571555,17.5061191796704,0.538883942550846,-1.18006283496456,-1.58809348319795,-1.12190741186628,-0.753755317224305,-1.03520823777004,-0.987828978628,-0.868199119688917,-0.791343736815344,-0.746922453421787,-0.750677959071735,-0.674325599905713,828.356132645483,0.676313963349744,0.20276557625297,3463,0.378082191780822
"Cinnamon",1998,11,35400.9598958367,4.06666666666667,343.040002186667,231.2,2.15,-9.71666666666667,-3.78333333333333,313.333333333333,22.7798984840069,0,-0.270567383731435,0.1104992133384,-1.07873724073172,-1.5712496768936,-1.1387224934753,-0.737280896980935,-1.01681261322131,-0.975955040064452,-0.858786079926041,-0.78281883495357,-0.740001005527897,-0.735907674786901,788.992005029334,0.462010221861008,0.148676888527675,3463,0.378082191780822
"Cinnamon",1998,12,33523.20000002,1.66666666666667,302.933334216667,282.533333333333,-1.68333333333333,-14.1,-7.89166666666667,232,14.3969755483464,0,-0.997611714239722,-0.775028473989635,-0.411257480900217,-1.32647764196887,-1.66345107564594,-1.2698192542456,-0.891247242686856,-1.1078506995489,-1.05457178312222,-0.934728503630459,-0.862074889126713,-0.817242186434406,696.746668698334,0.33774470632989,0.10574470632989,3463,0.378082191780822
"Cinnamon",1999,1,34548.8514364903,5.7741935483871,271.896772567742,127.096774193548,-2.46774193548387,-13.258064516129,-7.86290322580645,233.548387096774,14.847967992675,0,0.288359366704537,-0.290639988682877,-0.440096197027496,-0.178296117484341,-1.11053462319894,-1.52460636616735,-1.16732946682475,-0.813840860874856,-1.02109957001261,-0.981364378420725,-0.865082148822955,-0.794860630690399,625.362576905807,0.338499241869343,0.104950854772569,3463,0.378082191780822
"Cinnamon",1999,2,37880.228515625,3.42857142857143,409.142854417857,265.857142857143,-0.0535714285714286,-13.7142857142857,-6.88392857142857,227.142857142857,22.4071646184242,0,-0.826872553618913,-0.248550189650913,-0.630918684284777,-0.637846080834676,-0.354889646981569,-1.22116790070494,-1.6246651605772,-1.25148447776604,-0.888671818473914,-1.06094134136528,-1.01366017131648,-0.89902059838284,941.028565161071,0.365091797857938,0.137948940715081,3463,0.378082191780822
"Cinnamon",1999,3,42263.5355342742,1.93548387096774,521.290323070968,334.709677419355,5.38709677419355,-8.88709677419355,-1.75,318.709677419355,49.7485181502976,0,-1.26489764840268,-1.47699238613827,-0.982776227210853,-1.16797314173854,-1.18113135654249,-0.860987952579029,-1.55066017187294,-1.85826745334637,-1.44581418721499,-1.0940049761079,-1.18593926354653,-1.12658919545519,1198.96774306323,0.537377820081491,0.218668142662136,3463,0.378082191780822
"Cinnamon",1999,4,46944.0000000033,7.4,499.41333313,434,3.35,-9.71666666666667,-3.18333333333333,314.666666666667,52.5607041555416,0,1.17519226190167,0.26151339090039,0.0213364675567676,0.116079265093541,-0.0735281181460008,-0.119427387584138,-0.0257584115580807,-0.684439857747865,-1.13429469096967,-0.956491809495778,-0.659400467092435,-0.839373670486639,1148.650666199,0.483206609817961,0.168539943151294,3463,0.378082191780822
"Cinnamon",1999,5,50914.6840977774,3,629.161290322581,558.709677419355,9.20967741935484,-4.80645161290323,2.20161290322581,451.612903225806,87.1654911601655,30.5114454960814,0.174800051230048,0.739875422508877,0.242025951830146,0.101644427761046,0.162270842273464,0.0343093401795646,-0.0117430017597391,0.0511538830630604,-0.463058901710393,-0.829182793968865,-0.772982730023027,-0.534490722106691,1447.07096774194,0.71567129252257,0.264058389296764,3463,0.378082191780822
"Cinnamon",1999,6,52876.79999998,1.53333333333333,633.493332926667,507.066666666667,14.7,0.75,7.725,662.666666666667,112.31337187119,72.4519390320004,0.332816675518872,0.218819193232378,0.676600621263689,0.255593243253243,0.139460369482111,0.190794191634101,0.0995293680295628,0.062096330479045,0.0998160084883628,-0.332947850824649,-0.639448124737446,-0.635907692409603,1457.03466573133,1.05213036295783,0.389463696291168,3463,0.378082191780822
"Cinnamon",1999,7,51940.3355594774,3.51612903225806,550.812906570968,380.645161290323,18.0483870967742,5.09677419354839,11.5725806451613,868.387096774194,125.080257373365,97.4173606131894,0.248641746016386,0.360521637019924,0.213906715064774,0.598704121798617,0.230989685299576,0.136839870787796,0.173178058075694,0.0980101735405022,0.0598071137326066,0.109822842909152,-0.263353212917297,-0.541637723363416,1266.86968511323,1.36252559125554,0.49413849448135,3463,0.378082191780822
"Cinnamon",1999,8,48506.6323084677,2.38709677419355,546.374195219355,244.516129032258,16.1774193548387,4.08064516129032,10.1290322580645,762.58064516129,103.215696856459,83.5258356380492,0.503984749641378,0.410667752517696,0.440882185292722,0.276204604078889,0.633880616466135,0.249638563749846,0.154797328045418,0.188280104592203,0.117511241596197,0.0785201591264792,0.125366759417047,-0.222909841108991,1256.66064900452,1.23772244787334,0.475141802712046,3463,0.378082191780822
"Cinnamon",1999,9,43983.3600260433,2.8,473.280000306667,136.533333333333,12.05,-0.35,5.85,601.333333333333,70.6390339550105,50.3454020330317,0.544095139642653,0.650075629815384,0.532792690870269,0.559204119839406,0.388933909871602,0.706612768933664,0.302283139502496,0.212048641565935,0.239265563597449,0.179624862680406,0.142445852416089,0.187700143046777,1088.54400070533,0.924894263635579,0.323560930302246,3463,0.378082191780822
"Cinnamon",1999,10,39309.2128276161,0.806451612903226,425.290327254839,82.0645161290323,10.758064516129,-3.75806451612903,3.5,483.870967741935,53.3599905395626,32.6760006322639,-2.51171263445067,-0.916963757661647,-0.362350444492689,-0.101792281919213,-0.0405308240401138,-0.12909544146786,0.241336419683927,-0.0337745387122977,-0.0954739018738167,-0.0530233634773793,-0.111399258075361,-0.136469451137105,978.16775268613,0.784745763147944,0.300874795406009,3463,0.378082191780822
"Cinnamon",1999,11,35400.9598958367,0.8,310.933333586667,68.9333333333333,6.66666666666667,-6.75,-0.0416666666666667,397.333333333333,30.6879011084527,0,-2.13453384771997,-2.51272723506544,-2.01217727564062,-1.2050983012306,-0.637943388398144,-0.496497646757879,-0.493013980395488,-0.11510854373776,-0.318247968899187,-0.366396107879632,-0.318071917875348,-0.364463133355115,715.146667249334,0.608933925608428,0.211600592275095,3463,0.378082191780822
"Cinnamon",1999,12,33523.20000002,1.66666666666667,269.333332566667,107.6,-2.4,-14.7333333333333,-8.56666666666667,202.666666666667,13.3710925951734,0,-0.728650559263879,-2.14575004947645,-2.38379241453958,-1.95596392376024,-1.31693310586994,-0.785313229286308,-0.633824722436926,-0.589159388662761,-0.202676438381767,-0.389278526607779,-0.433792282473507,-0.381550779134732,619.466664903334,0.320462206593369,0.117795539926702,3463,0.378082191780822
"Cinnamon",2000,1,34548.8514364903,6.16129032258065,286.245162590323,302.064516129032,-2.96774193548387,-13.2096774193548,-8.08870967741935,246.451612903226,14.1370321238666,0,0.494873409518711,0.0150381724546816,-1.43002502279744,-2.08960495341868,-1.60059106555702,-1.12793948467078,-0.671669461171728,-0.531129571531223,-0.480194734550463,-0.121001707996807,-0.309210359202706,-0.355173886079394,658.363873957743,0.332615917959314,0.0861643050560885,3463,0.378082191780822
"Cinnamon",2000,2,37956.4137931034,6.48275862068965,367.006896972414,459.586206896552,0.896551724137931,-11.4655172413793,-5.28448275862069,264.827586206897,24.4387065076216,0,-0.58304043378554,0.0582265855207411,-0.24401753971106,-1.54691885713534,-2.23405005619382,-1.62235098611587,-1.18181636171528,-0.736699473657897,-0.583608566238498,-0.513471545140528,-0.163016677622833,-0.333085408573543,844.115863036552,0.412553829811944,0.147726243605047,3463,0.378082191780822
"Cinnamon",2000,3,42419.6129032258,4.16129032258065,492.799999116129,633.935483870968,3.20967741935484,-11.6290322580645,-4.20967741935484,258.064516129032,42.9494054149861,0,-0.0829752683028902,-0.311788342308691,0.0112091594735692,-0.180893258051208,-1.09949688977324,-1.74346543235463,-1.37899697426903,-1.0485470074562,-0.69685911214885,-0.544053745965746,-0.463795225677463,-0.130761173497699,1133.4399979671,0.447454896876106,0.189390380747074,3463,0.378082191780822
"Cinnamon",2000,4,47082.2399739633,2,577.493329876667,710,8.71666666666667,-5.96666666666667,1.375,404,73.0933938423415,19.7729304754244,-1.93755623807444,-1.28389783498782,-1.33601528608065,-0.852312959032473,-0.919185849071053,-1.75822146501775,-2.19341300140363,-1.83671815108808,-1.5092788377402,-1.05218958386797,-0.883572131559774,-0.732118499376911,1328.23465871633,0.674553726476859,0.270553726476859,3463,0.378082191780822
"Cinnamon",2000,5,51026.1679687452,1.61290322580645,646.400002754839,687.354838709677,13.1451612903226,-1.30645161290323,5.91935483870968,554.838709677419,104.960659877626,60.20152019124,-1.75594572260341,-2.00418071031351,-1.74293595208779,-1.87270487906322,-1.50211194060844,-1.48192863342726,-2.05221674480357,-2.29675514584531,-1.99344276743285,-1.70694811461472,-1.32296044211576,-1.18365616232667,1486.72000633613,0.929346584358908,0.374507874681489,3463,0.378082191780822
"Cinnamon",2000,6,52888.32005206,1.33333333333333,644.693333943333,598,16.65,2.16666666666667,9.40833333333333,566.666666666667,121.987354739334,82.9617644602552,-0.878662591955428,-1.45840322184619,-1.6858115304129,-1.53160121149145,-1.58719335297044,-1.39273504879816,-1.40806525695622,-1.79183883619543,-1.95952358752992,-1.76407778191965,-1.59189410533535,-1.31475547085391,1482.79466806967,1.17927177490065,0.612605108233986,3463,0.378082191780822
"Cinnamon",2000,7,51862.2968750032,2.25806451612903,660.748386506452,474.58064516129,20.5967741935484,5.32258064516129,12.9596774193548,618.064516129032,142.247831611504,105.297565557224,-1.41175172760351,-1.41625476593143,-1.56284998154113,-1.6781583135394,-1.60879128714357,-1.66022860723355,-1.53687132750111,-1.5383588433463,-1.76351721831542,-1.92082751377535,-1.79902409962918,-1.64533072784981,1519.72128896484,1.49275238534064,0.874687869211604,3463,0.378082191780822
"Cinnamon",2000,8,48372.8515625,3.29032258064516,545.445162864516,321.935483870968,18.9354838709677,5.08064516129032,12.008064516129,734.193548387097,117.893426163107,93.8864905358611,-1.28300342473188,-1.47190364573134,-1.47546560869565,-1.60021871991671,-1.6885237744342,-1.64572590475142,-1.68760955753069,-1.60119958397137,-1.59353146916628,-1.76121008702212,-1.87829103155573,-1.78593097771295,1254.52387458839,1.40228921398704,0.668095665599939,3463,0.378082191780822
"Cinnamon",2000,9,43822.0800781267,2.76666666666667,475.52000173,205.866666666667,14.4666666666667,1.36666666666667,7.91666666666667,685.333333333333,78.9501732080538,61.9782379425783,-0.748131898366637,-1.28023030528426,-1.44980975709662,-1.47942492057053,-1.61989007724991,-1.69356147498227,-1.65382234682044,-1.70016172364074,-1.62010029637862,-1.61381441142268,-1.77179030085579,-1.88928305637935,1093.696003979,1.06596862075408,0.380635287420749,3463,0.378082191780822
"Cinnamon",2000,10,39164.2837701581,1.41935483870968,380.077417190323,146.58064516129,7.69354838709677,-3.29032258064516,2.20161290322581,491.612903225806,43.5866468471929,23.7624550165513,-0.285785258968404,-0.660877701189349,-1.25705822751763,-1.45121231738916,-1.48106131197555,-1.62504796699965,-1.70324886746481,-1.67249064121913,-1.72397048553735,-1.64875450613604,-1.63714064972741,-1.80623982114722,874.178059537743,0.71567129252257,0.224058389296764,3463,0.378082191780822
"Cinnamon",2000,11,35297.2799479167,3,345.386667383333,215.866666666667,-2.06666666666667,-15.5833333333333,-8.825,197.333333333333,15.5672509508686,0,1.04667445085188,0.410965683006467,-0.0408808991678924,-0.803123039651096,-1.23399501855297,-1.33174482669858,-1.53409841519756,-1.64230087950993,-1.59338886572834,-1.64208790589642,-1.55591288702823,-1.54945100245935,794.389334981666,0.314059200944657,0.116725867611324,3463,0.378082191780822
"Cinnamon",2000,12,33511.67994794,4.3,278.719998683333,310.4,-2.43333333333333,-13.9166666666667,-8.175,217.333333333333,13.4493987942913,0,-0.0459831899240856,0.734574179065542,0.272740017873352,-0.129317789493987,-0.823306824836698,-1.21311206658266,-1.31487024332998,-1.52498353982673,-1.63782687186337,-1.5779829206218,-1.62423111461042,-1.54301037934434,641.055996971666,0.330391801454119,0.113058468120786,3463,0.378082191780822
"Cinnamon",2001,1,34548.8514364903,1.03225806451613,319.999999996774,174.451612903226,-1.90322580645161,-16.1290322580645,-9.01612903225806,178.064516129032,15.0700496993714,0,-0.735589130332573,-0.494424094501511,0.119549049368106,-0.111252048607662,-0.434347240279142,-1.01003649879665,-1.29186084841346,-1.35149523112538,-1.52879898989585,-1.64159367878408,-1.58447700682912,-1.62955076026375,735.99999999258,0.309395494732862,0.13133097860383,3463,0.378082191780822
"Cinnamon",2001,2,37880.228515625,4.28571428571429,360.11428615,259.285714285714,-0.75,-13,-6.875,234.285714285714,21.2360295959407,0,-0.350010914606393,-0.722602963104322,-0.549714046738112,0.056595306510388,-0.131404641321046,-0.46207819743154,-1.01232067529726,-1.30314769339327,-1.36050033748512,-1.53016840172397,-1.64706539159373,-1.59191176419137,828.262858145,0.365342648612673,0.131056934326959,3463,0.378082191780822
"Cinnamon",2001,3,42263.5355342742,4.35483870967742,489.703227874194,371.612903225806,3.16129032258065,-10.7741935483871,-3.80645161290323,282.58064516129,42.8566481971163,0,-0.0489841820380038,-0.180598971787876,-0.378002232552709,-0.349340109314665,0.0321347455554245,-0.105048541988473,-0.40370701370874,-0.883914483978048,-1.20337149343089,-1.27953179399793,-1.45910118922375,-1.59626323273642,1126.31742411065,0.461210311142503,0.178629665981213,3463,0.378082191780822
"Cinnamon",2001,4,46944.0000000033,3.53333333333333,564.373325606667,497.6,7.21666666666667,-6.08333333333333,0.566666666666667,405.333333333333,66.6325740051291,10.7533480002791,-0.767522256744208,-0.420651224341199,-0.461862749050151,-0.608271033214164,-0.542311346583686,-0.220030778706047,-0.307725369933281,-0.573405227974436,-1.00136205904604,-1.26819799354316,-1.3461712051093,-1.51675956085117,1298.05864889533,0.636383972667543,0.23105063933421,3463,0.378082191780822
"Cinnamon",2001,5,50914.6840977774,1.58064516129032,659.096769274194,537.806451612903,12.4677419354839,-2.14516129032258,5.16129032258065,532.903225806452,102.171569335535,54.7913821204081,-1.49062262495604,-1.321497632208,-1.04586419998459,-1.07525243312345,-1.14768701961138,-1.05326577695595,-0.783229309733191,-0.784699721768488,-0.981327479554566,-1.26788660340938,-1.42231843797144,-1.49335367725655,1515.92256933065,0.881694247672494,0.348791021866042,3463,0.378082191780822
"Cinnamon",2001,6,52876.79999998,0.866666666666667,673.600002033333,467.866666666667,17.7,2.35,10.025,642.666666666667,128.430441104738,86.6609154990595,-1.51216283632647,-1.64173284132171,-1.54280676437632,-1.36626867910588,-1.37558797532336,-1.43007904549072,-1.3492093567024,-1.12803625834036,-1.08941014905468,-1.21659143716595,-1.42138828880464,-1.52484041668818,1549.28000467667,1.22913056463231,0.586463897965638,3463,0.378082191780822
"Cinnamon",2001,7,51940.3355594774,2.25806451612903,602.322581629032,338.064516129032,19.6129032258065,5.43548387096774,12.5241935483871,625.806451612903,135.105362219678,102.853317653643,-0.886936452726893,-1.40649978290948,-1.48684447858735,-1.43227742834728,-1.32366276591566,-1.33435660741978,-1.37410288829421,-1.32605325095165,-1.16241384720124,-1.14796680710426,-1.25207602967676,-1.39756812711002,1385.34193774677,1.45073614158582,0.824929689972913,3463,0.378082191780822
"Cinnamon",2001,8,48506.6323084677,4.64516129032258,538.73548446129,198.193548387097,17.8225806451613,3.95161290322581,10.8870967741935,726.451612903226,113.525926206096,87.7724610109018,-0.613808261397852,-0.852275420829071,-1.29713023268331,-1.4340495282514,-1.40304850906921,-1.31915308218491,-1.32534067245647,-1.36067679621972,-1.32105826141633,-1.18966126275059,-1.17573831146256,-1.25853710164065,1239.09161426097,1.30194426397984,0.575492651076611,3463,0.378082191780822
"Cinnamon",2001,9,43983.3600260433,0.9,489.919999186667,92.9333333333333,15.85,1.51666666666667,8.68333333333333,697.333333333333,85.045044139342,66.0424828298307,-1.85511584906461,-1.44709189083058,-1.25582260960746,-1.53289413300077,-1.60750672773764,-1.56693329467389,-1.50607241203164,-1.52401496206589,-1.55019251891076,-1.50353634618173,-1.3838954868626,-1.36628939211082,1126.81599812933,1.12294144372994,0.425608110396611,3463,0.378082191780822
"Cinnamon",2001,10,39309.2128276161,2.32258064516129,362.219354441935,43.741935483871,8.33870967741935,-4.14516129032258,2.09677419354839,470.967741935484,46.224054579955,22.9790216967734,-0.667652564767089,-1.89128294835766,-1.53268496827182,-1.32906562690662,-1.57951655713956,-1.64090598248596,-1.60364752513072,-1.55345291184948,-1.57773749900519,-1.60902163196485,-1.55536227446836,-1.44004738912779,833.104515216451,0.710336366569147,0.239368624633663,3463,0.378082191780822
"Cinnamon",2001,11,35400.9598958367,3.7,280.426665883333,53.8666666666667,3.58333333333333,-8.75,-2.58333333333333,344,25.2117173248538,0,-0.84142250659397,-1.03957344161325,-1.93864520304546,-1.70089634101281,-1.48367938808018,-1.71452927352615,-1.71204818607149,-1.67248634181575,-1.62232853100563,-1.65425144513962,-1.68228620997851,-1.62583143993167,644.981331531666,0.505262454873265,0.161262454873265,3463,0.378082191780822
"Cinnamon",2001,12,33523.20000002,2.8,283.41333618,173.466666666667,-3.4,-15.75,-9.575,190.666666666667,11.9189372330168,0,-0.0379420500026594,-0.648651672803504,-0.949617218805297,-1.70545043936471,-1.57771551225947,-1.43285004137836,-1.66335935708847,-1.69768099678533,-1.66740284438874,-1.60596559058653,-1.63562274506102,-1.66766057819274,651.850673214,0.296110370775503,0.105443704108836,3463,0.378082191780822
"Cinnamon",2002,1,34548.8514364903,1.83870967741935,320.516130506452,264.258064516129,-3.51612903225806,-16.3709677419355,-9.94354838709677,188.387096774194,12.812976961879,0,-0.0915377313217987,-0.0434570914532632,-0.56671640443157,-0.833007823837637,-1.57975498444124,-1.53767682801248,-1.38362496575397,-1.5924633918808,-1.64514649963999,-1.62393915123338,-1.56013492994569,-1.58547832732209,737.18710016484,0.287629895811388,0.0992427990371943,3463,0.378082191780822
"Cinnamon",2002,2,37880.228515625,1.57142857142857,435.771428242857,321.571428571429,-0.892857142857143,-16.7678571428571,-8.83035714285714,175.714285714286,19.8479588141028,0,-0.658839407826629,-0.435467007631144,-0.332004191070823,-0.679904410611833,-0.880797855774292,-1.62310532230254,-1.60257065880265,-1.43886261864178,-1.63976011916021,-1.67353733556653,-1.64970029645798,-1.58980920275381,1002.27428495857,0.313927634301777,0.138213348587491,3463,0.378082191780822
"Cinnamon",2002,3,42263.5355342742,4.06451612903226,494.451611919355,423.225806451613,1.80645161290323,-14.2096774193548,-6.20161290322581,228.387096774194,38.0807681696978,0,0.44265720592161,0.119155341301808,0.118983245602966,0.108872914821478,-0.151054923727443,-0.375349310304828,-1.10988520098536,-1.20678102478864,-1.18808716301874,-1.44779080663735,-1.52803464069957,-1.52144400980329,1137.23870741452,0.384709443962184,0.15632234718799,3463,0.378082191780822
"Cinnamon",2002,4,46944.0000000033,1.73333333333333,558.933336383333,462.4,8.36666666666667,-4.46666666666667,1.95,441.333333333333,70.3829171576272,25.1379796417466,-1.57092236139311,-0.51953114990696,-0.663341558008753,-0.559836237451021,-0.498522586155649,-0.712182636781068,-0.825046458896685,-1.46846750271552,-1.54690013766007,-1.41880509535291,-1.64779344983095,-1.69329261866059,1285.54667368167,0.702926656514653,0.26159332318132,3463,0.378082191780822
"Cinnamon",2002,5,50914.6840977774,0.0645161290322581,712.464513964516,449.290322580645,11.8387096774194,-2.82258064516129,4.50806451612903,420.645161290323,99.4291001225707,49.9264826038433,-1.37012099866731,-1.59819841458261,-1.03622124780787,-1.14618115168647,-1.04120082239433,-0.95927821592621,-1.10960033757504,-1.13769382750356,-1.59178969705169,-1.61149777128219,-1.50919644272905,-1.71313760960471,1638.66838211839,0.842378517287375,0.421733355997052,3463,0.378082191780822
"Cinnamon",2002,6,52876.79999998,0,717.3333313,362.666666666667,19.65,3.88333333333333,11.7666666666667,362.666666666667,138.309152253476,96.7444738586665,-2.22411534956135,-2.01666732086766,-2.07767051363071,-1.7890007790561,-1.87037366217388,-1.79204077717094,-1.66763641798805,-1.75042494140998,-1.67400813728098,-1.92307667868574,-1.9166798813465,-1.77877645252617,1649.86666199,1.38012308481475,1.01745641814808,3463,0.378082191780822
"Cinnamon",2002,7,51940.3355594774,1.19354838709677,657.96128796129,220.903225806452,21.9677419354839,4.82258064516129,13.3951612903226,313.548387096774,152.842015630429,107.716245142965,-2.03621636947424,-2.30879986280066,-2.09147113399213,-2.11051642598956,-2.0282821051793,-2.12035202358257,-2.07362840298798,-1.96380517390295,-1.98378946600844,-1.95594077467284,-2.10823682076915,-2.04416550419969,1513.31096231097,1.53583516615668,1.22228677905991,3463,0.378082191780822
"Cinnamon",2002,8,48506.6323084677,0.870967741935484,548.232258458065,88.1290322580645,18.7258064516129,3.56451612903226,11.1451612903226,298.064516129032,119.756509807947,89.196807411548,-1.69806095384218,-2.04388383836223,-2.19441949351696,-2.04234315151866,-2.06097529145929,-2.01589758505896,-2.08954208070027,-2.06686176720703,-1.97691548134861,-1.98873122127285,-1.96557362926013,-2.07689656338431,1260.93419445355,1.32446699488959,1.02640247876056,3463,0.378082191780822
"Cinnamon",2002,9,43983.3600260433,4.33333333333333,355.200000003333,3.46666666666667,13.15,1.01666666666667,7.08333333333333,550.666666666667,73.5193037400134,57.4179522922648,0.344260786338017,-1.06755181951636,-1.77022197191824,-2.07870946622737,-1.94538087910194,-1.94753787238387,-1.88281874294057,-1.95367783947796,-1.92760020419401,-1.86703352228963,-1.88597994457451,-1.87691905120865,816.960000007666,1.00694919970254,0.456282533035877,3463,0.378082191780822
"Cinnamon",2002,10,39309.2128276161,4.25806451612903,361.600002658065,24.5161290322581,6.7741935483871,-6.04838709677419,0.362903225806452,401.290322580645,42.7645315499478,6.884999466381,0.461123371178106,0.53300225140128,-0.783221490899211,-1.64457181923053,-2.01637231849875,-1.90102114116871,-1.91323511146413,-1.85083033745206,-1.9233948939945,-1.90308223874705,-1.83904643190703,-1.86905464204189,831.680006113549,0.6270697274231,0.225779404842455,3463,0.378082191780822
"Cinnamon",2002,11,35400.9598958367,3.5,322.879996236667,144.933333333333,2.03333333333333,-12.9,-5.43333333333333,242.666666666667,22.5462179982771,0,-0.341540526964252,0.00134513980073551,0.339869451532443,-0.810688545952375,-1.72970450176396,-2.14518519512325,-1.95472598761862,-1.96967881670564,-1.89612600677697,-1.9769748609313,-1.94755676954988,-1.88555565964112,742.623991344334,0.407916333863354,0.165249667196687,3463,0.378082191780822
"Cinnamon",2002,12,33523.20000002,1.9,275.413331093333,192.133333333333,-2.2,-14.5333333333333,-8.36666666666667,206.666666666667,13.6607191495815,0,-0.74357645175193,-0.676212854933535,-0.386288868520971,0.00684376882607433,-0.994275887591147,-1.73799933427672,-2.10660284015621,-1.97068860003484,-1.99726163753156,-1.91631473861566,-1.9974641087424,-1.97580728262802,633.450661514666,0.325498929744188,0.118832263077521,3463,0.378082191780822
"Cinnamon",2003,1,34548.8514364903,1.12903225806452,348.180641419355,294.193548387097,1.90322580645161,-11.4354838709677,-4.76612903225806,261.935483870968,21.6531266718113,0,-2.03360645428816,-1.80886066224806,-1.60236882893496,-1.20639250277167,-0.814417799658251,-1.50635993275028,-1.93908143979755,-2.18107191701304,-2.04433867005862,-2.06950331434201,-2.00538829761098,-2.0904898980623,800.815475264517,0.429071411793872,0.167135927922904,3463,0.378082191780822
"Cinnamon",2003,2,37880.228515625,5.53571428571429,363.199999671429,365.142857142857,-2.53571428571429,-15.7857142857143,-9.16071428571429,190,17.4650409434197,0,0.651355690690844,-0.978481326286567,-1.07439871980005,-1.05651752534765,-0.708810812576339,-0.454923710752722,-1.24075439431414,-1.8111616789009,-2.13057194023474,-2.00277923919185,-2.03611812057875,-1.96053822607548,835.359999244287,0.305908575894595,0.115908575894595,3463,0.378082191780822
"Cinnamon",2003,3,42263.5355342742,3.12903225806452,521.290324058064,499.483870967742,3.7258064516129,-11.3387096774194,-3.80645161290323,274.838709677419,44.5589315780986,0,-0.409445941053189,0.0213772366630334,-0.784529937384219,-0.917001842904972,-0.968064302547458,-0.718546374838218,-0.56375997058291,-1.22788336912246,-1.76113722856543,-2.12880487677086,-2.0075085588625,-2.06703951084161,1198.96774533355,0.461210311142503,0.186371601465084,3463,0.378082191780822
"Cinnamon",2003,4,46944.0000000033,3.76666666666667,551.3600001,600.666666666667,7.2,-7.28333333333333,-0.0416666666666667,372,67.2305853341628,0,-0.818909079725625,-0.737562341836139,-0.325308963526544,-0.975631333346791,-1.02794910062672,-1.08271457043923,-0.836505828249421,-0.728990831435786,-1.33593728214576,-1.8158924850734,-2.21056390992115,-2.10597412151184,1268.12800023,0.608933925608428,0.236933925608428,3463,0.378082191780822
"Cinnamon",2003,5,50914.6840977774,4.03225806451613,630.916123916129,691.483870967742,12.0967741935484,-2.51612903225806,4.79032258064516,534.193548387097,100.520862609828,52.0539555407467,-1.08174191746568,-1.07998308905585,-0.997697544219289,-0.736897301854551,-1.18510247828604,-1.21488183208392,-1.24011982223862,-1.02931306219282,-0.947737504781005,-1.37477583117461,-1.75167826155509,-2.12493893922656,1451.1070850071,0.859172368845838,0.324978820458741,3463,0.378082191780822
"Cinnamon",2003,6,52876.79999998,0.366666666666667,650.986664836667,624.533333333333,15,1.21666666666667,8.10833333333333,649.333333333333,113.317038754641,74.9035602843347,0.0421512533935676,-0.699987560789626,-0.790607002553313,-0.745514337621632,-0.558530924176486,-0.881279876328997,-0.937735472071069,-0.956975641825751,-0.826932872311971,-0.781041241300864,-1.14291578291407,-1.53236634621726,1497.26932912433,1.07996726329711,0.430633929963775,3463,0.378082191780822
"Cinnamon",2003,7,51940.3355594774,1.29032258064516,702.038711054839,496.516129032258,23.0483870967742,5.80645161290323,14.4274193548387,691.612903225806,158.344605220832,113.353443365699,-2.26095137570172,-1.76503505699749,-1.62383431539768,-1.56695403661802,-1.54758162700505,-1.43600978527792,-1.64078984742742,-1.63420378532252,-1.61545495257211,-1.49718205581309,-1.4304886499684,-1.62227377462037,1614.68903542613,1.64235189797553,0.950738994749723,3463,0.378082191780822
"Cinnamon",2003,8,48506.6323084677,4.32258064516129,553.083870180645,347.096774193548,19.1774193548387,4.82258064516129,12,668.387096774194,119.9694028344,93.843160200979,-1.39045999612565,-2.10949622152874,-1.74209152479764,-1.66222589382656,-1.623425431387,-1.61968336371306,-1.54243611168115,-1.69858686760967,-1.68377361380489,-1.66737785654092,-1.57271035182885,-1.51413925369151,1272.09290141548,1.40154366908358,0.733156572309389,3463,0.378082191780822
"Cinnamon",2003,9,43983.3600260433,2.4,546.453331503333,241.733333333333,14.55,0.05,7.3,612,81.0700584678324,58.6190669338193,-1.11945289357832,-1.53987471058598,-2.13328796528181,-1.79704674317596,-1.71532399527527,-1.67126616611728,-1.67022745489253,-1.61421136323706,-1.74855426751471,-1.73670812217031,-1.72278864578728,-1.63897946803269,1256.84266245767,1.02200975886218,0.410009758862184,3463,0.378082191780822
"Cinnamon",2003,10,39309.2128276161,0.451612903225806,407.122580251613,169.806451612903,11.2903225806452,-1.35483870967742,4.96774193548387,565.161290322581,53.2344629733481,41.5656860993157,-2.55874442381343,-2.33212429164479,-2.17192486949617,-2.44155397075999,-2.02783115484767,-1.87044213180268,-1.82186647007945,-1.84967742533661,-1.81895087232253,-1.95322836603789,-1.927471270657,-1.91861305146879,936.38193457871,0.869879420641342,0.304718130318761,3463,0.378082191780822
"Cinnamon",2003,11,35400.9598958367,7.06666666666667,293.12000033,230,-0.933333333333333,-11.3166666666667,-6.125,277.333333333333,17.7487574585516,0,1.40979903627638,-0.804011855647279,-1.1774117095343,-1.65798139940822,-2.38608732941174,-1.95376297003687,-1.79191972788994,-1.75102679848955,-1.76039059948855,-1.71248229761011,-1.85598445286023,-1.84133424699122,674.176000759,0.386969699484069,0.109636366150736,3463,0.378082191780822
"Cinnamon",2003,12,33523.20000002,4.16666666666667,297.70666758,324,-1.81666666666667,-13.1333333333333,-7.475,238.666666666667,14.3224551045438,0,-0.314231092324895,0.857025950400606,-0.857582564320093,-1.19250522262748,-1.59776178543667,-2.23493224482579,-1.90333949823937,-1.79161659087007,-1.76080438194402,-1.75887883007625,-1.71178700589879,-1.85808857332993,684.725335434,0.348822484436344,0.110155817769677,3463,0.378082191780822
"Cinnamon",2004,1,34548.8514364903,3.54838709677419,331.148387170968,226.451612903226,-1.25806451612903,-15.241935483871,-8.25,201.290322580645,16.2445380166074,0,-0.451702803997193,-0.444823487677397,0.374499730625468,-0.90542562272102,-1.25541692531487,-1.64123642304485,-2.15538158209482,-1.85235697637676,-1.76522468593415,-1.74164304170074,-1.73798382901882,-1.68997690523765,761.641290493226,0.328469456052261,0.127179133471616,3463,0.378082191780822
"Cinnamon",2004,2,37956.4137931034,2.44827586206897,408.386209944828,268.551724137931,-1.05172413793103,-15.3965517241379,-8.22413793103448,200,20.1423148450736,0,-0.521615812797987,-0.621714614508772,-0.60102913896419,0.193162365133801,-0.900247325964466,-1.2701567980474,-1.6782326367314,-2.20119752488437,-1.89432708999121,-1.78842792782058,-1.76323657677857,-1.7656116048281,939.288282873104,0.329131205931329,0.129131205931329,3463,0.378082191780822
"Cinnamon",2004,3,42419.6129032258,1.19354838709677,569.70322246129,321.290322580645,8.24193548387097,-7.93548387096774,0.153225806451613,345.806451612903,59.2415532453435,4.07115160162412,-2.77020502404697,-2.77334627465988,-2.52938610077991,-2.05865287328035,-1.3440607031411,-1.95358114500515,-2.15027032357519,-2.34086122477411,-2.51972077822415,-2.23142137197132,-2.0415141269829,-2.02478798844118,1310.31741166097,0.617611531906162,0.271805080293259,3463,0.378082191780822
"Cinnamon",2004,4,47082.2399739633,4.83333333333333,540.37333069,363.333333333333,7.98333333333333,-6.58333333333333,0.7,368,70.2396348598517,12.4337389527729,-1.09644064557526,-3.9676395245898,-3.76027436635453,-2.82966161981288,-2.16493504663512,-1.55004123665557,-2.03695832407424,-2.27197394465081,-2.53189307084007,-2.63764503914039,-2.35870630363105,-2.17468825657926,1242.858660587,0.642544974038377,0.274544974038377,3463,0.378082191780822
"Cinnamon",2004,5,51026.1679687452,0.903225806451613,626.374194729032,408.645161290323,12.241935483871,-1.12903225806452,5.55645161290323,547.096774193548,99.4154321641511,57.6404467176367,-1.28547154950568,-1.33618819077652,-2.36950105883895,-2.5701686289295,-2.43780238472354,-2.10620798587862,-1.66112518717457,-1.97820893986524,-2.11846590362736,-2.24429607271003,-2.41771055115661,-2.28378760413193,1440.66064787677,0.906257597812773,0.359160823619225,3463,0.378082191780822
"Cinnamon",2004,6,52888.32005206,0.633333333333333,683.41333313,323.866666666667,16.9833333333333,2.83333333333333,9.90833333333333,597.333333333333,122.791197504711,85.9666626747366,-1.0316619971072,-1.30136363925801,-1.34217075888153,-1.93943823681368,-2.00617687321003,-1.99952257028263,-1.88225293189517,-1.58031099766545,-1.79117211924676,-1.88750224578386,-2.02967243714959,-2.23483200052992,1571.850666199,1.21955778636834,0.622224453035003,3463,0.378082191780822
"Cinnamon",2004,7,51862.2968750032,2.45161290322581,545.445157945161,198.967741935484,16.4193548387097,5.08064516129032,10.75,658.064516129032,113.755568130956,92.6047574820694,1.46970353274611,0.265368669087678,-0.516506798911231,-0.69422278464808,-1.1317425957269,-1.15707904018457,-1.1658248726989,-1.15568650177958,-0.945799653005772,-1.19316922390332,-1.34466758445834,-1.49509000627046,1254.52386327387,1.29011682741813,0.632052311289101,3463,0.378082191780822
"Cinnamon",2004,8,48372.8515625,0.516129032258065,527.1741904,59.2258064516129,14.3870967741935,3.48387096774194,8.93548387096774,547.096774193548,93.8038419432969,76.631400437383,1.50642895218948,1.68014220847719,0.884272394510907,-0.0882066928278185,-0.368662555224354,-0.805610530601006,-0.820818736013946,-0.839659538807771,-0.843570572673562,-0.666094384043185,-0.905373363504283,-1.05650455076927,1212.50063792,1.14225754674829,0.595160772554741,3463,0.378082191780822
"Cinnamon",2004,9,43822.0800781267,3.46666666666667,377.280001326667,0,10.3666666666667,0.6,5.48333333333333,602.666666666667,61.7193156874623,48.1552666693243,1.71249436179642,1.90321630505534,1.87274480509477,1.41075288484301,0.466865855943046,0.0231858838090607,-0.486695177318507,-0.498112989681659,-0.52802019533098,-0.523581379786535,-0.352721370977806,-0.610890563037144,867.744003051334,0.901667456223137,0.29900078955647,3463,0.378082191780822
"Cinnamon",2004,10,39164.2837701581,2.67741935483871,302.761293103226,2.45161290322581,5.2741935483871,-3.06451612903226,1.10483870967742,504.516129032258,35.8949319016886,14.7957199636093,1.30253618793112,1.68741937988657,1.98284782763304,1.96735467009596,1.61956546670154,0.775528919138166,0.267687967521255,-0.28682570126547,-0.30336229074031,-0.341156815580916,-0.334809449605317,-0.165249882138515,696.35097413742,0.661576842100616,0.157060713068358,3463,0.378082191780822
"Cinnamon",2004,11,35297.2799479167,4.03333333333333,302.079999283333,29.3333333333333,2.08333333333333,-8.83333333333333,-3.375,346.666666666667,22.485549948823,0,-0.214509130785608,0.849185198413305,1.4825993233079,1.79100125183586,1.78095438164821,1.45882752041094,0.719906150241124,0.271882344383422,-0.268074694271178,-0.286044175349608,-0.327252521908567,-0.312827430594778,694.783998351666,0.476343531100857,0.12967686443419,3463,0.378082191780822
"Cinnamon",2004,12,33511.67994794,1.86666666666667,288.21333313,114.533333333333,-1.3,-13.0666666666667,-7.18333333333333,248,15.0169956369234,0,-1.10550973666323,-0.799521387522007,0.15621943986222,1.17370496023731,1.61419051381765,1.67328730533952,1.289140774211,0.522724018850788,0.126455406056799,-0.376647536329676,-0.390440635054217,-0.42441089384407,662.890666199,0.35676816970326,0.10876816970326,3463,0.378082191780822
"Cinnamon",2005,1,34548.8514364903,8.67741935483871,321.445162619355,372.903225806452,0.403225806451613,-10.5806451612903,-5.08870967741935,285.161290322581,19.1627413824797,0,0.00847724492340615,-0.56090109246972,-0.622488223678182,0.146771404627541,1.04560975135596,1.49179638620953,1.59385563506186,1.20300522652778,0.482110302999218,0.118648046100192,-0.357094226329186,-0.371860239232527,739.323874024516,0.418724565911058,0.133563275588477,3463,0.378082191780822
"Cinnamon",2005,2,37880.228515625,4.85714285714286,383.199998857143,457.428571428571,0.964285714285714,-11.375,-5.20535714285714,262.857142857143,24.5705398671583,0,-1.00514005822172,-0.589857092996228,-0.961080325875107,-0.892299689547503,-0.143338215808059,0.675883939098174,1.12605806945393,1.32565115010945,0.948989408007982,0.314075094685939,0.0116378952631575,-0.419674115759809,881.359997371429,0.415038051905469,0.152180909048326,3463,0.378082191780822
"Cinnamon",2005,3,42263.5355342742,2.83870967741935,506.735486429032,555.354838709677,2.41935483870968,-10.741935483871,-4.16129032258065,282.58064516129,40.593064713441,0,0.0383521641842105,-0.387367258358831,-0.246641170143763,-0.543607744989659,-0.565101302607751,-0.0693650381029803,0.558914572420702,0.952748102407468,1.16967117222916,0.839008163940468,0.301390107157898,0.0512499670848708,1165.49161878677,0.449086062348844,0.166505417187554,3463,0.378082191780822
"Cinnamon",2005,4,46944.0000000033,2.7,569.493335973333,621.333333333333,6.7,-5.66666666666667,0.516666666666667,412,64.0771511909626,10.0920178713955,-0.528780238890754,-0.204206272889388,-0.48580057454415,-0.381183833929995,-0.589029501411728,-0.610704983547677,-0.194563234404105,0.327210623385381,0.694200776476973,0.918692509589492,0.643096967039964,0.200733142897677,1309.83467273867,0.634087135086713,0.222087135086713,3463,0.378082191780822
"Cinnamon",2005,5,50914.6840977774,2.45161290322581,634.735485445161,607.741935483871,11.1774193548387,-1.08064516129032,5.04838709677419,562.58064516129,93.1176526463656,53.9649707014567,-0.481296042051271,-0.567253568968255,-0.353109450223377,-0.53102954462413,-0.462129247108186,-0.61651656957,-0.634733789841212,-0.310992802648352,0.0964883822287248,0.405722043272005,0.655291368696787,0.428933449732968,1459.89161652387,0.874785143154082,0.312204497992792,3463,0.378082191780822
"Cinnamon",2005,6,52876.79999998,2.83333333333333,617.49333191,521.066666666667,13.9333333333333,1.91666666666667,7.925,669.333333333333,105.05724357266,73.7356779881822,1.47336095137098,0.354814067890698,0.0556680041234564,0.111549876978906,-0.0246506697571721,-0.00538197947437884,-0.119611148864032,-0.142974055085128,0.0554485124851625,0.367166657060777,0.629892627878959,0.83802552116596,1420.234663393,1.06657391091248,0.397240577579146,3463,0.378082191780822
"Cinnamon",2005,7,51940.3355594774,1.41935483870968,676.335487609677,379.870967741935,20.6612903225806,7.09677419354839,13.8790322580645,851.612903225806,138.057114715409,110.374997741854,-1.18235192004362,-0.168026802933296,-0.411150256438538,-0.481685155792835,-0.352472534918799,-0.442124567560383,-0.414515696446619,-0.511494528873771,-0.520849592451143,-0.315737058959531,-0.0217273518325248,0.223254045105137,1555.57162150226,1.58498371653113,0.733370813305328,3463,0.378082191780822
"Cinnamon",2005,8,48506.6323084677,3.2258064516129,509.729034916129,219.612903225806,16.0483870967742,5.14516129032258,10.5967741935484,849.032258064516,99.6326279713855,86.1573799118333,1.11109037973897,-0.32970203824643,0.303385793674272,-0.117159411521864,-0.261937150748006,-0.176756437421587,-0.264233070788827,-0.247632498616425,-0.336052286083999,-0.352696206344331,-0.17071909876171,0.112400683691352,1172.3767803071,1.27701002028185,0.427977762217335,3463,0.378082191780822
"Cinnamon",2005,9,43983.3600260433,4.7,453.54666392,87.6,14,3.23333333333333,8.61666666666667,772,73.5226942759534,65.6936585465803,0.398873678159061,0.937974242834158,-0.101875375511003,0.397942639323976,-0.0301350623244717,-0.213027932801068,-0.141801799096621,-0.219083789675877,-0.206911722220663,-0.277719883286457,-0.293767029412401,-0.119313055059259,1043.157327016,1.11788282364446,0.345882823644464,3463,0.378082191780822
"Cinnamon",2005,10,39309.2128276161,2.96774193548387,344.774193432258,16.6451612903226,8.62903225806452,-1.7258064516129,3.45161290322581,549.677419354839,44.9649688047374,32.3649204325797,-0.248902286631771,0.217670357197448,0.711894065613213,-0.155774324526461,0.306019650687868,-0.091774648803749,-0.256056822707029,-0.173374269765175,-0.245927707615743,-0.232340029414245,-0.298992961716943,-0.31278840100643,792.980644894193,0.782069386088458,0.232391966733619,3463,0.378082191780822
"Cinnamon",2005,11,35400.9598958367,3.66666666666667,291.733335623333,44.6666666666667,2.33333333333333,-8.03333333333333,-2.85,368,22.7092832445626,0,-0.34077643602605,-0.488126928536278,0.0586548690295705,0.585533437407151,-0.16107880954528,0.290293166147342,-0.0885778151482998,-0.247082775755283,-0.171892408602565,-0.243936424861743,-0.233742152769144,-0.291402119149315,670.986671933666,0.495351848058035,0.127351848058035,3463,0.378082191780822
"Cinnamon",2005,12,33523.20000002,6.66666666666667,267.733331296667,199.333333333333,-2.91666666666667,-14.0666666666667,-8.49166666666667,233.333333333333,12.8167380445054,0,0.699235468112293,0.215157417257483,-0.13463431096972,0.21829066803649,0.68460055612868,-0.0814360722698615,0.364126330479351,-0.00550799095185847,-0.168309329497959,-0.104923982290415,-0.178228117825461,-0.167604176376056,615.786661982334,0.322342786404827,0.0890094530714939,3463,0.378082191780822
"Cinnamon",2006,1,34548.8514364903,5.25806451612903,315.045161093548,367.096774193548,-1.87096774193548,-13.7903225806452,-7.83064516129032,219.354838709677,15.6561047286055,0,0.0261851948663202,0.437908208418011,0.138590717645139,-0.078355481078369,0.161613968357158,0.611028437870704,-0.117784140262624,0.31584720039822,-0.00185752763499721,-0.156743812460162,-0.0952593213876066,-0.166263594337305,724.60387051516,0.339347234660172,0.119992395950495,3463,0.378082191780822
"Cinnamon",2006,2,37880.228515625,2.46428571428571,423.7714277,468.571428571429,-0.517857142857143,-13.5,-7.00892857142857,228.571428571429,21.5934279094953,0,-0.863219218920434,-0.479900874363101,-0.0169849327968207,-0.138844620909955,-0.282919422599861,-0.0836364545963896,0.353438155752979,-0.261206597616887,0.163311200583802,-0.10347963690307,-0.227458888111805,-0.155571902821849,974.67428371,0.36159594342951,0.133024514858081,3463,0.378082191780822
"Cinnamon",2006,3,42263.5355342742,5.48387096774194,472.774195022581,572,1.74193548387097,-10.4677419354839,-4.36290322580645,286.451612903226,38.5200517278458,0,0.539423865904711,0.130607682588238,0.169423504931447,0.351170014089832,0.252560397020654,0.105795616213542,0.190890180943155,0.519733200422592,-0.0615969773120486,0.31936660537539,0.0689688393096815,-0.0505740781390219,1087.38064855194,0.442324221122008,0.155872608218782,3463,0.378082191780822
"Cinnamon",2006,4,46944.0000000033,1.8,597.973328653333,662.133333333333,8.2,-4.53333333333333,1.83333333333333,450.666666666667,69.6940206755739,24.0946162271277,-1.45927828359298,-0.360087509900483,-0.587191867701497,-0.457572497415161,-0.233658352807069,-0.29581965095063,-0.366081962226649,-0.27996250226322,0.0589114723980918,-0.386048793346199,-0.0137337914977854,-0.171827479967013,1375.33865590267,0.697085815322186,0.246419148655519,3463,0.378082191780822
"Cinnamon",2006,5,50914.6840977774,0.645161290322581,655.070961248387,613.290322580645,12.0645161290323,0.0967741935483871,6.08064516129032,592.258064516129,96.1651434163212,61.3239160567687,-0.982989703371436,-1.30371956662739,-0.71272517446644,-0.865225927201789,-0.757777421496247,-0.569836032229082,-0.615686226722086,-0.630803868576824,-0.567917557171828,-0.295764721384538,-0.608204435722124,-0.274491744451889,1506.66321087129,0.939774136970265,0.347516072454136,3463,0.378082191780822
"Cinnamon",2006,6,52876.79999998,0.733333333333333,678.080006913333,503.066666666667,17.6666666666667,4.66666666666667,11.1666666666667,588,123.040704505705,93.3271072585582,-1.04638382885934,-1.1598666367245,-1.32807516071058,-0.923446891454112,-1.01718027200656,-0.938859901803981,-0.788976839375518,-0.812686627457747,-0.807611861187875,-0.752608928268289,-0.516483379396614,-0.754721545484755,1559.58401590067,1.32635928422736,0.738359284227365,3463,0.378082191780822
"Cinnamon",2006,7,51940.3355594774,4.64516129032258,571.354838709677,352,18.6129032258065,7,12.8064516129032,658.064516129032,123.415048747843,104.440526226672,0.577022397805254,-0.331489341340278,-0.704615315083536,-0.912194379865495,-0.619627748073293,-0.685480116237035,-0.645583367985996,-0.544821141506559,-0.568705011750207,-0.584750692646646,-0.552684389089649,-0.37134601122989,1314.11612903226,1.47784844616165,0.819783930032617,3463,0.378082191780822
"Cinnamon",2006,8,48506.6323084677,4.03225806451613,501.677417387097,189.935483870968,16.1774193548387,5.19354838709677,10.6854838709677,865.806451612903,100.312807801679,86.6523292653214,1.12768047326692,0.94489350058167,0.170435930720858,-0.397705073705225,-0.666271567753219,-0.419297166201799,-0.479892912985725,-0.453119619154836,-0.363353357483791,-0.393512643730227,-0.417273115705313,-0.386963439068941,1153.85805999032,1.28458379899203,0.418777347379125,3463,0.378082191780822
"Cinnamon",2006,9,43983.3600260433,3.96666666666667,454.079997763333,82.4,10.85,0.2,5.525,636,64.5653069338743,48.406403871372,1.46746929717111,1.56001864457008,1.28746858409368,0.720988843053162,0.0228230019927608,-0.373022638594368,-0.155952121723893,-0.21737594740258,-0.203121276275104,-0.101092944975162,-0.137109954668424,-0.170288368311883,1044.38399485567,0.904280636631947,0.268280636631947,3463,0.378082191780822
"Cinnamon",2006,10,39309.2128276161,6.45161290322581,299.354838470968,42.4516129032258,5.2258064516129,-3.04838709677419,1.08870967741935,513.548387096774,35.7252979730259,14.6469618753485,1.76596659188319,1.76861908579466,1.9197258279691,1.64094955657027,1.20427117146994,0.49604155975782,-0.0205622480211455,0.15946002659306,0.0810622510444621,0.0834528618064207,0.186660863579025,0.145516720262879,688.516128483226,0.660809149870387,0.147260762773613,3463,0.378082191780822
"Cinnamon",2006,11,35400.9598958367,5.53333333333333,313.173335266667,96,2.11666666666667,-8.8,-3.34166666666667,344,22.5375096251923,0,0.101130117373591,1.5589303110426,1.63365932009677,1.79317052239681,1.55130697825318,1.1695059538036,0.532647580471789,0.0443671517566564,0.204871832966222,0.126971426300255,0.124357911129504,0.228461173775826,720.298671113334,0.477530852566662,0.133530852566662,3463,0.378082191780822
"Cinnamon",2006,12,33523.20000002,2.56666666666667,270.080001323333,243.6,-0.9,-11.2666666666667,-6.08333333333333,274.666666666667,15.5557798798574,0,-1.0642669672128,-0.548376986993942,0.844675440147223,1.36861257555094,1.62505205182187,1.41194678999798,0.978444856912105,0.346220341140133,-0.087541788500353,0.0874157209702646,0.01830321973282,0.0233776454597028,621.184003043666,0.388203913647779,0.113537246981112,3463,0.378082191780822
"Cinnamon",2007,1,34548.8514364903,1.64516129032258,336.20645313871,227.354838709677,-1.67741935483871,-15.2096774193548,-8.44354838709677,205.161290322581,15.6562086630396,0,-0.729939521121637,-1.05851933104262,-0.840244202761131,0.345214225753954,1.02616435900565,1.32561710240862,1.19328236785929,0.753407933268146,0.193330300648918,-0.182772299064064,-0.00167263754125655,-0.0631252014307088,773.274842219033,0.323554491527701,0.11839320120512,3463,0.378082191780822
"Cinnamon",2007,2,37880.228515625,4.64285714285714,327.885715217857,279.571428571429,-1.01785714285714,-10.875,-5.94642857142857,284.285714285714,20.66848187608,0,-0.143513841814968,-0.563069016709625,-0.918963403457278,-0.696162458542201,0.302460210550224,0.857464258623103,1.14283958810356,1.08104279858923,0.680374647467407,0.174473272798249,-0.169891656517811,0.00622153393934127,754.137145001071,0.392283879288478,0.107998165002764,3463,0.378082191780822
"Cinnamon",2007,3,42263.5355342742,2.74193548387097,492.696772422581,372.129032258065,5.11290322580645,-6.80645161290323,-0.846774193548387,396.129032258065,48.0184395493093,0,-0.917055951634474,-0.81097909744828,-0.926615731595859,-1.14278224888368,-1.01779132450276,-0.177480882900486,0.361335229380487,0.669496857890468,0.703046650546404,0.36284259969637,-0.030379930041926,-0.292429710332684,1133.20257657194,0.574221355526486,0.178092323268421,3463,0.378082191780822
"Cinnamon",2007,4,46944.0000000033,1.7,601.386672463333,370.666666666667,7.48333333333333,-4.21666666666667,1.63333333333333,460,66.1257569675958,22.2561020134146,-0.955596094945958,-1.26273420104044,-1.11421129273214,-1.17793325696424,-1.28344899138383,-1.19201261397397,-0.434523920094933,0.0283494155930204,0.332566818891979,0.41260827175736,0.129542518428643,-0.173792708354117,1383.18934666567,0.6871729214854,0.2271729214854,3463,0.378082191780822
"Cinnamon",2007,5,50914.6840977774,1.7741935483871,622.348388670968,333.935483870968,11,-0.725806451612903,5.13709677419355,562.58064516129,91.4271806933002,54.6147740528271,-0.376518235724724,-0.698717557413277,-0.878787501769943,-0.853830339090816,-0.937913543355369,-1.05579224999821,-0.99052145098667,-0.456226594177985,-0.113639689805831,0.122892918075924,0.223456287425727,0.0011464177108077,1431.40129394323,0.880209677286965,0.317629032125675,3463,0.378082191780822
"Cinnamon",2007,6,52876.79999998,0.666666666666667,651.519996646667,246.666666666667,16.55,4.53333333333333,10.5416666666667,602.666666666667,115.743338318956,89.7056471281419,-0.232675497380592,-0.415050581294901,-0.6241586259366,-0.749490096379163,-0.721694883941856,-0.792956423576721,-0.89827611527457,-0.847147577235683,-0.445020566487478,-0.171058232546352,0.0431382720065719,0.143824981115508,1498.49599228733,1.27232493124974,0.669658264583076,3463,0.378082191780822
"Cinnamon",2007,7,51940.3355594774,3.45161290322581,525.31612863871,83.6129032258064,19.4193548387097,7.24193548387097,13.3306451612903,718.709677419355,128.543608026003,107.359492377443,-0.145554133918569,-0.265527082516806,-0.424023125716863,-0.593034166572056,-0.678800154022597,-0.653090270730148,-0.716057538667706,-0.801655544474812,-0.762145000257982,-0.447431076057201,-0.212238350803847,-0.0368956066050386,1208.22709586903,1.52938434409667,0.810674666677319,3463,0.378082191780822
"Cinnamon",2007,8,48506.6323084677,2,425.806452103226,0,17.8870967741935,7.04838709677419,12.4677419354839,949.677419354839,105.882427298142,96.3415135465543,0.0689586320307272,-0.0567552636032356,-0.224651628723271,-0.428913928489404,-0.591864486396962,-0.672398770109298,-0.646965510973976,-0.703665719091545,-0.778010531841477,-0.746350984430765,-0.46768791211429,-0.247158914452091,979.35483983742,1.44536650326737,0.495689083912528,3463,0.378082191780822
"Cinnamon",2007,9,43983.3600260433,3.7,378.986666873333,0.133333333333333,13.3666666666667,2.45,7.90833333333333,750.666666666667,72.0479636917787,61.9334021180252,0.469465553325067,0.335528697358943,0.145327313648463,-0.0215155970394814,-0.313221807201222,-0.519763836456922,-0.605681489530017,-0.574369799317513,-0.631757756976718,-0.690364010107204,-0.661631170115579,-0.394846397017582,871.669333808666,1.06536363377848,0.314696967111811,3463,0.378082191780822
"Cinnamon",2007,10,39309.2128276161,2.90322580645161,340.025803351613,14.8387096774194,7.98387096774194,-2.80645161290323,2.58870967741935,518.709677419355,44.0369960724543,26.5598470431553,-0.0641623378080809,0.356733920128443,0.258123329430668,0.115804185874463,-0.0390603451029312,-0.32844157903129,-0.528186610497463,-0.606404720806486,-0.574960292878533,-0.633151953844993,-0.686962910334687,-0.658994228762436,782.05934770871,0.7356782297192,0.216968552299845,3463,0.378082191780822
"Cinnamon",2007,11,35400.9598958367,1.56666666666667,294.18666789,8.4,4.51666666666667,-6.18333333333333,-0.833333333333333,414.666666666667,26.1837040628202,0,-1.39106171993294,-1.07869049998198,-0.352105867686898,-0.24267754161249,-0.169213488674182,-0.275085757148329,-0.498897342706834,-0.662993211456594,-0.734382595154205,-0.705309633460188,-0.761280420706975,-0.803906249301608,676.629336147,0.574786137866928,0.160119471200261,3463,0.378082191780822
"Cinnamon",2007,12,33523.20000002,7.93333333333333,255.786666106667,138.266666666667,-4.1,-14.4833333333333,-9.29166666666667,218.666666666667,11.3052726697741,0,1.2747750218857,-0.228844450036553,-0.364144825752689,0.0950768082523755,0.0801907663025774,0.0423804614026249,-0.0818203234568011,-0.329643032783822,-0.516053982245636,-0.598155319722419,-0.568554262314133,-0.626750607649564,588.309332045334,0.302780687053812,0.0841140203871452,3463,0.378082191780822
"Cinnamon",2008,1,34548.8514364903,10.2258064516129,310.40000066129,626.451612903226,-5.14516129032258,-16.4838709677419,-10.8145161290323,183.225806451613,10.6996260944894,0,1.60516123862577,1.70283091870749,0.916951356648872,0.695440476427162,0.766370703409133,0.671251997928369,0.440497248671096,0.302648541290824,0.0220268777222059,-0.222530124986013,-0.335049009288668,-0.311433191305427,713.920001520967,0.268442327042068,0.085216520590455,3463,0.378082191780822
"Cinnamon",2008,2,37956.4137931034,7.20689655172414,398.675861227586,897.103448275862,-0.448275862068966,-12.3275862068966,-6.38793103448276,251.034482758621,21.8445867690436,0,0.149169349907241,1.17616656863005,1.4154313291869,0.839325982118842,0.658186095248185,0.714026883700833,0.647508800260483,0.445441981966276,0.323327617762719,0.0609316445267754,-0.170900376997356,-0.281150208443613,916.954480823448,0.379261567322582,0.128227084563961,3463,0.378082191780822
"Cinnamon",2008,3,42419.6129032258,4.48387096774194,527.483869,999.354838709677,1.80645161290323,-11.9032258064516,-5.04838709677419,263.225806451613,38.7354013599392,0,0.418854705355727,0.407969216343186,0.928525465958768,1.17733489963217,0.81784319691973,0.688467439984473,0.745771785121375,0.700241958689623,0.510889357425793,0.417533023452711,0.18102426756014,-0.0281693578592889,1213.2128987,0.420005671103314,0.156779864651701,3463,0.378082191780822
"Cinnamon",2008,4,47082.2399739633,4.33333333333333,586.56000061,1000,5.1,-8.45,-1.675,338.666666666667,59.0472663877628,0,0.303522500881497,0.51395350520952,0.501075839257052,0.840419093088118,1.0335347036346,0.779278737083015,0.672425249106723,0.725250587470102,0.70284127629485,0.537040069690833,0.462107988055376,0.261258372381423,1349.088001403,0.540355191160343,0.201688524493676,3463,0.378082191780822
"Cinnamon",2008,5,51026.1679687452,4,583.432258851613,1000,9.33870967741935,-2.61290322580645,3.36290322580645,523.870967741935,85.1636027363426,40.8202975182698,0.45564093800564,0.405357187179237,0.519597000028198,0.52961409499652,0.786920997771569,0.970660169614513,0.760542264172721,0.677651018664484,0.714983024610863,0.686218447060585,0.553748094508519,0.504507054383437,1341.89419535871,0.777183670141586,0.253312702399651,3463,0.378082191780822
"Cinnamon",2008,6,52888.32005206,1.23333333333333,672.213333383333,1000,15.1833333333333,2.96666666666667,9.075,761.333333333333,110.66325655523,80.9307157839959,0.51622965980068,0.506153337246732,0.45556486546588,0.531426224308327,0.532401131506387,0.765758316394007,0.952203206029067,0.758373594821507,0.678638858994012,0.709973778480275,0.694015370247362,0.580698693725332,1546.09066678167,1.153070671982,0.391737338648669,3463,0.378082191780822
"Cinnamon",2008,7,51862.2968750032,0.806451612903226,656.619354248387,973.548387096774,19.5161290322581,6.2741935483871,12.8951612903226,762.58064516129,132.169238261794,104.937095443882,-0.759631228226351,-0.310993187079495,-0.060007249501954,0.026880419745048,0.187790786985116,0.218422946989579,0.46951585790319,0.653926906761759,0.452328020103047,0.407175928925908,0.443388655969353,0.417459787580802,1510.22451477129,1.48646100697293,0.723880361811637,3463,0.378082191780822
"Cinnamon",2008,8,48372.8515625,2.61290322580645,582.296771635484,827.225806451613,17.3387096774194,5.80645161290323,11.5725806451613,729.032258064516,105.987428542103,91.5334099559428,0.141223643953392,-0.438305937824246,-0.231070841317316,-0.0911947847096709,-0.0177817031573828,0.133197995516951,0.164474803055558,0.416388783905248,0.602157634597568,0.397877300248015,0.354774782973221,0.394480575364691,1339.28257476161,1.36252559125554,0.633493333191028,3463,0.378082191780822
"Cinnamon",2008,9,43822.0800781267,1.03333333333333,545.920000203333,700.533333333333,13.6166666666667,2.51666666666667,8.06666666666667,598.666666666667,73.0978695516233,62.7827777435351,-0.102053780932205,0.0433000304816308,-0.363838333731556,-0.204249565955979,-0.136152230759448,-0.0834512620224037,0.0676413791344325,0.109976331244758,0.357293267377529,0.535749105694238,0.343445638400926,0.30819040088889,1255.61600046767,1.07691035674317,0.478243690076505,3463,0.378082191780822
"Cinnamon",2008,10,39164.2837701581,1.29032258064516,459.664520258064,620.129032258065,8.56451612903226,-2.38709677419355,3.08870967741935,516.129032258065,45.4528779521888,29.9863792743392,-0.725616977536015,-0.400012237174345,-0.23327433514391,-0.504409311804417,-0.340136262430122,-0.270577536806817,-0.199239839160686,-0.0288426313706234,0.0205394460509033,0.269261233786444,0.440591985576506,0.259917315433311,1057.22839659355,0.762252722020258,0.246123689762193,3463,0.378082191780822
"Cinnamon",2008,11,35297.2799479167,3.96666666666667,339.093332673333,632.533333333333,4.18333333333333,-7.38333333333333,-1.6,366.666666666667,25.9933223067749,0,-0.939018841076756,-1.12873782567792,-0.775708290592084,-0.514634038443948,-0.653263128797158,-0.45403782844043,-0.360861820264432,-0.280113542563814,-0.10966969959431,-0.0574756113648045,0.185084190303935,0.353005727291695,779.914665148666,0.543347195791208,0.176680529124541,3463,0.378082191780822
"Cinnamon",2008,12,33511.67994794,11.3333333333333,255.786666616667,822,-3.28333333333333,-13.7166666666667,-8.5,228,12.3869001636117,0,1.67153175332113,0.536979753240636,-0.141020567481148,-0.0630924368946672,-0.0121300721245503,-0.316416740101416,-0.164583887919418,-0.103222409037039,-0.0483631668509933,0.0892440884244524,0.130323719664138,0.361051625924023,588.309333218334,0.322133348982458,0.0941333489824584,3463,0.378082191780822
"Cinnamon",2009,1,34548.8514364903,4.74193548387097,318.141934303226,268.258064516129,-0.0967741935483871,-12.741935483871,-6.41935483870968,237.41935483871,18.4085405482875,0,-0.65710394222257,0.664616375761396,0.00353530967026903,-0.403076508937211,-0.345960773361187,-0.251146527036013,-0.477464156373206,-0.307646072627022,-0.200635200827877,-0.136862655908821,0.00859031961731524,0.0525194863929453,731.72644889742,0.378349541296387,0.140930186457677,3463,0.378082191780822
"Cinnamon",2009,2,37880.228515625,5.53571428571429,405.600000110714,416.142857142857,1.375,-12.5535714285714,-5.58928571428571,252.857142857143,25.3091866837863,0,-1.01980289374341,-1.15740063129846,0.114068228869022,-0.32160470858368,-0.616536378810118,-0.580160707342687,-0.465368938066101,-0.624829518796955,-0.43681475011688,-0.30525586505918,-0.225898798115569,-0.0720599801333829,932.880000254642,0.403107359660991,0.150250216803848,3463,0.378082191780822
"Cinnamon",2009,3,42263.5355342742,3.03225806451613,507.251613990323,487.741935483871,4.03225806451613,-9.79032258064516,-2.87903225806452,312.258064516129,45.5114716879401,0,-0.544745862702376,-0.921530060368038,-0.988295296824438,-0.222024911607019,-0.522856396808805,-0.716309881343476,-0.72608467412011,-0.608647679386507,-0.727323152396283,-0.528576492649111,-0.371869249057963,-0.27626723934723,1166.67871217774,0.494283362687974,0.182025298171845,3463,0.378082191780822
"Cinnamon",2009,4,46944.0000000033,5.86666666666667,517.440000913333,650,5.75,-7.11666666666667,-0.683333333333333,384,61.0776956969482,0,0.247647237202813,-0.0859951233519173,-0.37505847096975,-0.504254384726804,0.0112108846552609,-0.214728116367473,-0.402524824220677,-0.466742059978425,-0.402988517703132,-0.571752690511784,-0.402319014198625,-0.256624865567521,1190.11200210067,0.58112263264663,0.19712263264663,3463,0.378082191780822
"Cinnamon",2009,5,50914.6840977774,2.87096774193548,635.6645178,647.483870967742,12.258064516129,-0.951612903225806,5.65322580645161,576.774193548387,99.2234243837203,58.3283880991256,-1.06790571927929,-0.536402277756442,-0.579148333896245,-0.765088014883481,-0.836169877543039,-0.408615839171757,-0.588823988546515,-0.692045556834368,-0.743679761619353,-0.688630008637643,-0.778881302878429,-0.624145388178836,1462.02839094,0.912364538537459,0.335590344989072,3463,0.378082191780822
"Cinnamon",2009,6,52876.79999998,2.4,610.239997356667,580.666666666667,14.1,0.483333333333333,7.29166666666667,644,109.079596761959,69.6341926806632,0.889279899567982,-0.308311406192023,-0.126339670675863,-0.210502928371739,-0.340098167756276,-0.412841524487394,-0.114418405148834,-0.255768321173462,-0.373589338974228,-0.437820788204577,-0.40931025417652,-0.546789773809385,1403.55199392033,1.02142684974384,0.377426849743839,3463,0.378082191780822
"Cinnamon",2009,7,51940.3355594774,1.74193548387097,595.303232496774,460.516129032258,19.241935483871,5.29032258064516,12.2661290322581,819.354838709677,132.884540616209,101.392334474204,-0.740164528996591,-0.0883240123801431,-0.607831096323409,-0.429957514110101,-0.449719716286426,-0.538274482946169,-0.596293640210079,-0.353244314302561,-0.465057796455413,-0.541906723875544,-0.590400045584301,-0.570504232066137,1369.19743474258,1.42633169037303,0.606976851663356,3463,0.378082191780822
"Cinnamon",2009,8,48506.6323084677,1.03225806451613,593.341939616129,311.096774193548,17.0806451612903,5.2741935483871,11.1774193548387,781.935483870968,105.797273603204,89.3741213277618,-0.0559220731779462,-0.511545706107735,-0.142444037044751,-0.616380964436366,-0.475254527018311,-0.495268645725434,-0.569641947141567,-0.62108542296192,-0.404925039180947,-0.505653172390681,-0.572327039708685,-0.61033197733687,1364.6864611171,1.32730632136765,0.545370837496681,3463,0.378082191780822
"Cinnamon",2009,9,43983.3600260433,2.63333333333333,487.893336993333,181.333333333333,13.3,2.23333333333333,7.76666666666667,630.666666666667,72.1415198043262,61.168914260225,0.295419579345489,0.150058122097345,-0.29118708315088,-0.00670872081035476,-0.535972439947152,-0.439901818559239,-0.465629192577697,-0.528803541230476,-0.580217498526937,-0.360071654884964,-0.456247656910691,-0.521469530616355,1122.15467508467,1.05512511638312,0.424458449716453,3463,0.378082191780822
"Cinnamon",2009,10,39309.2128276161,3.64516129032258,339.199998916129,141.41935483871,4.41935483870968,-4.64516129032258,-0.112903225806452,456.774193548387,35.0138281270679,0,1.53407465530737,1.10538981705824,0.821901002333333,0.199870658612226,0.430602719957316,-0.207149936805947,-0.160600969558489,-0.216412093606,-0.288289652717138,-0.350080729474689,-0.123921757245896,-0.226966812838537,780.159997507097,0.605789200447498,0.149015006899111,3463,0.378082191780822
"Cinnamon",2009,11,35400.9598958367,1.2,346.666665136667,143.733333333333,4.31666666666667,-6.88333333333333,-1.28333333333333,397.333333333333,26.0779880968436,0,-1.43308606978532,0.190841706473401,0.423940723786878,0.298165538300036,-0.100182499217645,0.149598244333374,-0.397838992841849,-0.326791408161912,-0.363939258707458,-0.430214526032469,-0.488881627839007,-0.258289010361249,797.333329814334,0.556142861042278,0.158809527708945,3463,0.378082191780822
"Cinnamon",2009,12,33523.20000002,6.13333333333333,287.146668243333,275.333333333333,-4.25,-15.7333333333333,-9.99166666666667,190.666666666667,10.9108975500008,0,0.998278535890613,-0.494896365604665,0.628947317426206,0.655929206616744,0.494645679765668,0.0426225538870937,0.283141149930974,-0.272200982421454,-0.208551194020212,-0.260471907768161,-0.328559191343168,-0.387488288772351,660.437336959666,0.286538795382929,0.0958721287162621,3463,0.378082191780822
"Cinnamon",2010,1,34548.8514364903,3.19354838709677,335.277420041935,357.806451612903,-0.274193548387097,-12.1935483870968,-6.23387096774194,245.161290322581,18.1637157432179,0,-0.931709927441756,0.00550636487871164,-0.909428188285896,0.0788785844945831,0.229981881729192,0.141478974549536,-0.204200675875531,0.0510887434507714,-0.394173553853413,-0.320574554236993,-0.3537181066617,-0.416844357103046,771.13806609645,0.383761276090966,0.138599985768385,3463,0.378082191780822
"Cinnamon",2010,2,37880.228515625,4.85714285714286,392.571428839286,479.714285714286,-1.85714285714286,-13.7142857142857,-7.78571428571429,218.571428571429,19.1511049417008,0,0.218091092097252,-0.437599171512263,0.16281297057027,-0.57540698518558,0.228758393566766,0.289725184334104,0.207037520953053,-0.141187281031068,0.103093975625065,-0.324845682769164,-0.256197525972517,-0.291320149482075,902.914286330358,0.34053151862065,0.121960090049221,3463,0.378082191780822
"Cinnamon",2010,3,42263.5355342742,1.90322580645161,535.845155780645,586.193548387097,3.29032258064516,-10.0483870967742,-3.37903225806452,296.774193548387,43.2096389137526,0,-0.39371347564704,-0.195404973854288,-0.473756426555298,-0.101398091118633,-0.616432897136739,-0.000156583288399175,0.05937605693336,0.0195911697707896,-0.260200880574402,-0.0105737882847716,-0.358152961482737,-0.275845088090453,1232.44385829548,0.476200081469558,0.179425887921171,3463,0.378082191780822
"Cinnamon",2010,4,46944.0000000033,5.56666666666667,504.959997053333,665.733333333333,5.18333333333333,-5.73333333333333,-0.275,424,57.601458103312,0,0.585804393802697,0.23649386536886,0.285727409783959,0.0299461924000918,0.254102320795901,-0.108203981910502,0.276309762276893,0.297966623985387,0.255631708236099,-0.0427634310437524,0.166406609041368,-0.163564589747402,1161.40799322267,0.598687084672117,0.174687084672117,3463,0.378082191780822
"Cinnamon",2010,5,50914.6840977774,2.16129032258065,645.264515045161,682.064516129032,9.33870967741935,-2.64516129032258,3.34677419354839,521.290322580645,85.213462058442,40.6856697903733,0.281099257127213,0.447834735864334,0.273283506720347,0.31795445977282,0.144887235137748,0.313200029419116,0.0386789386700991,0.315939772553861,0.318808570865879,0.266167052887213,0.0132367675766157,0.20284012708979,1484.10838460387,0.776298266503705,0.25500794392306,3463,0.378082191780822
"Cinnamon",2010,6,52876.79999998,1.3,647.893332926667,581.2,16.85,4.96666666666667,10.9083333333333,832,116.588504398919,91.8381313891548,-0.259327108895192,-0.0051078423730805,0.231709315921263,0.12367852345746,0.169862343535622,0.0356221551392766,0.193887405672276,-0.0387881008623658,0.200110195636734,0.196663752608582,0.163426947640516,-0.0504569903237614,1490.15466573133,1.30378487387737,0.471784873877374,3463,0.378082191780822
"Cinnamon",2010,7,51940.3355594774,2.54838709677419,596.645162274194,430.58064516129,19.2258064516129,7.12903225806452,13.1774193548387,846.451612903226,127.486663566792,106.510031558107,-0.129013138669488,-0.269790966754954,-0.123979215767396,0.0776666585149544,0.0151372211003952,0.0671344113054723,-0.0526079470799593,0.0870316657628559,-0.117196672299463,0.113798070468599,0.118612641115258,0.0750990535776544,1372.28387323065,1.51415903390838,0.667707421005155,3463,0.378082191780822
"Cinnamon",2010,8,48506.6323084677,3.29032258064516,532.748391425806,261.032258064516,16.3870967741935,5.98387096774194,11.1854838709677,861.935483870968,99.3389674879721,89.4184247779486,1.15802340349845,0.512848917241447,0.238776926563663,0.180709329466129,0.295285279166469,0.180696388165538,0.217921471040291,0.0963819638448643,0.234132408431542,0.0328071916365137,0.246344602593991,0.256635060753453,1225.32130027935,1.32801698994073,0.466081506069763,3463,0.378082191780822
"Cinnamon",2010,9,43983.3600260433,2.03333333333333,510.506664276667,122.266666666667,15.7833333333333,4,9.89166666666667,801.333333333333,80.6280099199823,72.2276004928564,-1.10851720594982,0.116213822096456,0.0219869125772584,-0.140240313064884,-0.156831028137445,-0.0118540343040077,-0.0695289971285834,-0.00990845769321114,-0.118777067974883,0.0186539639948017,-0.16252982705263,0.0514835919157174,1174.16532783633,1.21819562472476,0.416862291391423,3463,0.378082191780822
"Cinnamon",2010,10,39309.2128276161,4.38709677419355,319.587097780645,29.1612903225806,8.24193548387097,-1.19354838709677,3.5241935483871,583.225806451613,43.0690640971793,32.8310357049485,0.428120727067469,-0.528039498603756,0.2611160013986,0.125495521647032,-0.0399306725138159,-0.0859889155467289,0.0454839872709434,-0.0130892276701235,0.0442500592878824,-0.0641417499094511,0.0726161456958386,-0.104736925773178,735.050324895484,0.78608698896683,0.202861182515217,3463,0.378082191780822
"Cinnamon",2010,11,35400.9598958367,4.5,290.133332063333,99.6,0.0666666666666667,-10.2333333333333,-5.08333333333333,316,19.2546029411872,0,0.591936163554924,0.598577190848138,-0.148028107339503,0.465463030483241,0.315044399366566,0.151148373797066,0.0760609445410178,0.180509573186623,0.0979159135067251,0.147397441372754,0.0345716989561363,0.172388334543937,667.306663745666,0.418895178953512,0.102895178953512,3463,0.378082191780822
"Cinnamon",2010,12,33523.20000002,10,258.13333525,241.6,0.533333333333333,-8.5,-3.98333333333333,338.666666666667,17.1236146357242,0,0.469789402613465,0.711632782663738,0.686279542973465,-0.0498576295960505,0.500933605466198,0.339562183508863,0.18172490179938,0.123891304381485,0.229373045109382,0.13578284118848,0.182291029243446,0.0731755900670324,593.706671075,0.455130679784674,0.116464013118007,3463,0.378082191780822
"Cinnamon",2011,1,34548.8514364903,2.25806451612903,308.438707416129,138.967741935484,-2.24193548387097,-15.1774193548387,-8.70967741935484,201.290322580645,14.8717105316775,0,-0.434268520484283,0.00698455057317903,0.265478760878763,0.355333747122531,-0.251768455268749,0.298485562287444,0.181032884730381,0.0529581623155182,0.0410632819585439,0.151297287603655,0.0788840866587047,0.127225252252816,709.409027057097,0.316903351848705,0.11561302926806,3463,0.378082191780822
"Cinnamon",2011,2,37880.228515625,8.42857142857143,350.171428953571,273.428571428571,-2.91071428571429,-15.0892857142857,-9,214.285714285714,17.0555087254825,0,1.1429561397247,0.626748340763316,0.711468955021589,0.83806343142972,0.814351660593033,0.252116038108351,0.648574744239546,0.452503459749972,0.321887506538253,0.274765576083035,0.349456614547324,0.255554530173529,805.394286593213,0.309786659797579,0.0955009455118645,3463,0.378082191780822
"Cinnamon",2011,3,42263.5355342742,4.51612903225806,472.877419254839,459.225806451613,2.69354838709677,-8.41935483870968,-2.86290322580645,339.354838709677,40.8516199180056,0,0.198321577005696,0.699216521388306,0.495535704240625,0.59221189127413,0.715131867550241,0.704670495064984,0.284407646448388,0.614148095073173,0.443609969663548,0.347243028630772,0.307880355885495,0.381317271469166,1087.61806428613,0.494876712674414,0.155521873964737,3463,0.378082191780822
"Cinnamon",2011,4,46944.0000000033,6.86666666666667,527.893336483333,554.933333333333,3.9,-7.16666666666667,-1.63333333333333,376,53.5006827204434,0,1.06353246861599,0.830535883650815,1.00269564779843,0.835899617941015,0.906743671647873,0.976788729229875,0.944668079563247,0.66300949747,0.894187621221174,0.716190994126526,0.62962968353201,0.570435840031728,1214.15467391167,0.542015605366873,0.166015605366873,3463,0.378082191780822
"Cinnamon",2011,5,50914.6840977774,3.48387096774194,566.606448758065,596.774193548387,8.2258064516129,-2.25806451612903,2.98387096774194,536.774193548387,78.3344486938565,37.6002388549772,0.979871906469583,1.08893383691464,0.926971843461709,1.05277897927133,0.940263371387876,1.03122854421288,1.07289583138376,1.04403651368877,0.835119151352953,1.00754986352124,0.861509836015536,0.797747018426524,1303.19483214355,0.756611291752783,0.219837098204396,3463,0.378082191780822
"Cinnamon",2011,6,52876.79999998,0.8,666.45333557,506.133333333333,14.6166666666667,3.36666666666667,8.99166666666667,784,105.865536730614,80.4193290734561,1.10471918976596,1.18131606321144,1.20110001886711,1.00812144851173,1.10074127347842,1.00050363807651,1.10616245498493,1.13698054734273,1.10782834411011,0.923731956575357,1.08746046351415,0.962261211135149,1532.842671811,1.1466011619093,0.362601161909299,3463,0.378082191780822
"Cinnamon",2011,7,51940.3355594774,2.61290322580645,596.438711841936,364.516129032258,18.3870967741935,6.80645161290323,12.5967741935484,958.709677419355,122.399208123635,103.262516548476,0.456451044644243,1.03094298848422,1.127688751464,1.17855425035255,0.984080049612557,1.07717322679339,0.978699345903953,1.0916115330568,1.11693867412242,1.10224921558717,0.930455996721615,1.09060861508922,1371.80903723645,1.45766574570357,0.498956068284219,3463,0.378082191780822
"Cinnamon",2011,8,48506.6323084677,0.806451612903226,577.754839496774,193.806451612903,18.1451612903226,7.06451612903226,12.6048387096774,829.677419354839,107.542543090071,97.0681994975201,-0.329352637720294,0.114461084236564,0.547396495529154,0.842831312842857,1.00768485799549,0.856928336373107,0.971539432985136,0.872480342335154,0.984437772891405,1.01734410556145,1.00509006381716,0.812855057137493,1328.83613084258,1.45843749625931,0.628760076904473,3463,0.378082191780822
"Cinnamon",2011,9,43983.3600260433,1.73333333333333,446.39999949,48.8,13.6166666666667,3.41666666666667,8.51666666666667,724,71.2908395444496,65.1688342562589,0.28791216423098,-0.0351303486318964,0.213365229513851,0.552162265438994,0.83635383264681,1.01427286634485,0.858751698752169,0.973313943944491,0.872484494991757,0.965587115715749,0.998404182121599,0.990156796730077,1026.719998827,1.11033258374412,0.386332583744123,3463,0.378082191780822
"Cinnamon",2011,10,39309.2128276161,3.06451612903226,361.806451364516,14.4516129032258,7.75806451612903,-2.5,2.62903225806452,530.322580645161,43.0220635813555,26.8434274189498,0.178837012606653,0.353345782201915,0.0328638732501846,0.237375209345273,0.543397149141634,0.812670865866211,0.994831321631633,0.851714033125325,0.964574162394671,0.871325390753777,0.954253862384408,0.989688499280503,832.154838138387,0.737790499840115,0.207467919194954,3463,0.378082191780822
"Cinnamon",2011,11,35400.9598958367,2.7,287.040000533333,60.4,1.16666666666667,-8.83333333333333,-3.83333333333333,324,20.8370116992981,0,-0.146381188771917,-0.0766524271682817,0.259836520221625,0.0220478378375733,0.260641597229691,0.546836346238403,0.765119557141095,0.942434441153843,0.82611418878037,0.936714327670016,0.850446558462663,0.920874536103001,660.192001226666,0.460281730014248,0.136281730014248,3463,0.378082191780822
"Cinnamon",2011,12,33523.20000002,0.9,290.453331506667,101.066666666667,-1.13333333333333,-12.7833333333333,-6.95833333333333,242.666666666667,15.2590382085334,0,-1.40735850556287,-0.93560463542464,-0.735698314274659,-0.300018143171913,-0.430963850294292,-0.0566248272116896,0.262058599964664,0.518059929447025,0.739106709942016,0.66719111859107,0.796711821481816,0.718405781279854,668.042662465334,0.363007327592104,0.120340660925437,3463,0.378082191780822
"Cinnamon",2012,1,34548.8514364903,4.16129032258065,317.316129367742,242.193548387097,-0.129032258064516,-12.6935483870968,-6.41129032258065,242.58064516129,18.3627488915806,0,-0.770140220621903,-1.28516842445648,-1.13430733877811,-0.935304723104114,-0.598358039497127,-0.667331240379624,-0.262394219688243,0.0628893170592338,0.341177993506107,0.575035879461158,0.545891357452006,0.686431116776883,729.827097545807,0.378583414768328,0.136002769607038,3463,0.378082191780822
"Cinnamon",2012,2,37956.4137931034,3.93103448275862,386.758619641379,359.310344827586,-1.81034482758621,-13.1379310344828,-7.47413793103448,228.965517241379,19.3009568346122,0,-0.00246485042413673,-0.487051510728564,-1.03714154110869,-0.922093623301319,-0.730817724062079,-0.498801470641415,-0.593643074579649,-0.241274139184906,0.0730903554635579,0.331036761925149,0.548933168501203,0.533102255373872,889.544825175172,0.348845735224731,0.119880217983352,3463,0.378082191780822
"Cinnamon",2012,3,42419.6129032258,1.61290322580645,549.36774173871,466.064516129032,5.19354838709677,-6.98387096774194,-0.895161290322581,385.806451612903,48.3969490177768,0,-1.12287999216451,-0.909953692226009,-1.03321638012808,-1.35134410821377,-1.30868938700368,-1.08384588512246,-0.905745899771095,-0.930127696184392,-0.547031781981806,-0.219974936761449,0.0606887439093435,0.300456962058507,1263.54580599903,0.572192213799175,0.186385762186272,3463,0.378082191780822
"Cinnamon",2012,4,47082.2399739633,1.96666666666667,577.6,455.6,7.61666666666667,-2.78333333333333,2.41666666666667,500,64.8569685769858,29.1312070583661,-0.738199753908999,-1.2594497824459,-1.04559349449263,-1.13516285679382,-1.34701805471859,-1.3344784467453,-1.11372416342767,-0.997390225867692,-1.03425826427467,-0.656644603875481,-0.349314641273125,-0.0526983836684537,1328.48,0.726725921537924,0.226725921537924,3463,0.378082191780822
"Cinnamon",2012,5,51026.1679687452,0.483870967741935,685.419355822581,405.290322580645,12.0322580645161,0.338709677419355,6.18548387096774,496.774193548387,95.4744494813441,62.0484783236303,-0.928729330763213,-0.945515383118275,-1.19538557782535,-1.12950716537645,-1.20811718271275,-1.36588992716328,-1.34123779090737,-1.17349804471878,-1.09169305685774,-1.11127714902501,-0.811080429751914,-0.545450619002144,1576.46451839194,0.946607358372639,0.449833164824252,3463,0.378082191780822
"Cinnamon",2012,6,52888.32005206,0,684.69333191,289.866666666667,18.5,6.41666666666667,12.4583333333333,368,123.913034413844,100.617012656881,-1.19909455462745,-1.21427330133861,-1.16921229602184,-1.31897563951033,-1.26277590518267,-1.32605944852757,-1.44383297806792,-1.41548425622326,-1.27123916919876,-1.1988197305838,-1.21184253424475,-0.958641537910121,1574.794663393,1.44447326564191,1.07647326564191,3463,0.378082191780822
"Cinnamon",2012,7,51862.2968750032,3.87096774193548,534.090322187097,122.838709677419,19.0161290322581,6.62903225806452,12.8225806451613,649.032258064516,127.529684639756,104.530891386554,0.011088114748169,-0.759294461830138,-0.926687889496142,-0.940414278133615,-1.04377585100876,-1.0016531275949,-1.05645517127898,-1.16061883859583,-1.13771234755161,-1.07313096826926,-1.03887698446303,-1.05873464005611,1228.40774103032,1.47941109365075,0.830378835586231,3463,0.378082191780822
"Cinnamon",2012,8,48372.8515625,1.67741935483871,455.019350606452,6.19354838709677,18.3548387096774,5.7258064516129,12.0403225806452,818.064516129032,112.679166128638,94.0597209185875,-0.877858811867209,-0.433443054718662,-0.913883448179554,-1.05622172997214,-1.06129947422706,-1.14383605722526,-1.10880097786323,-1.15334890583487,-1.23167922767995,-1.2118742219559,-1.15491092033683,-1.12024391285451,1046.54450639484,1.40527488511442,0.587210368985385,3463,0.378082191780822
"Cinnamon",2012,9,43822.0800781267,2.2,378.133333843333,0,14.3333333333333,2.95,8.64166666666667,752,75.6704499441812,65.8245662650587,-0.324325922576427,-0.768452729658023,-0.432697467799685,-0.865250659146443,-1.06497955739595,-1.08493353153971,-1.15816622380737,-1.12420629874473,-1.16396612475368,-1.22869189154311,-1.21085322223993,-1.15965303999464,869.706667839666,1.1197774455191,0.367777445519096,3463,0.378082191780822
"Cinnamon",2012,10,39164.2837701581,0.67741935483871,332.5935509,2.32258064516129,8.09677419354839,-1.70967741935484,3.19354838709677,558.709677419355,43.226744172961,30.6820892145858,-0.369119595302755,-0.374964874489492,-0.817315989679743,-0.490745320482312,-0.892634236094441,-1.0915077447824,-1.11207351348044,-1.18448657837655,-1.15334687886313,-1.19622974928854,-1.25499594015277,-1.24079208277318,764.96516707,0.767931357804915,0.20922168038556,3463,0.378082191780822
"Cinnamon",2012,11,35297.2799479167,1.63333333333333,293.760001373333,24.1333333333333,4.55,-5.75,-0.6,420,26.0429229820513,0,-1.35721062273379,-1.21458377241859,-1.00081300259302,-1.22767240991581,-0.753844481808334,-1.08986504865835,-1.21086876893517,-1.22233769389535,-1.29977951569779,-1.27657400787986,-1.31708356159408,-1.36959942637281,675.648003158666,0.584669619190094,0.164669619190094,3463,0.378082191780822
"Cinnamon",2012,12,33511.67994794,5.3,235.093334196667,90.6666666666667,-3.11666666666667,-12.7,-7.90833333333333,258.666666666667,12.6268760518131,0,0.420183545248188,-0.820088189345379,-0.925014164087745,-0.805586479195787,-1.07835549516391,-0.698945648110153,-1.03191195020018,-1.16929316767819,-1.18422914021256,-1.2534125792769,-1.22734003282425,-1.26978108869742,540.714668652334,0.337308184249932,0.0786415175832645,3463,0.378082191780822
"Cinnamon",2013,1,34548.8514364903,3.03225806451613,306.787096829032,169.161290322581,-2.54838709677419,-15.2096774193548,-8.87903225806452,214.193548387097,14.439137159512,0,-0.181048021404088,0.146914313546635,-0.743182237538228,-0.849751307436067,-0.825040063211546,-1.09290812323837,-0.731655572263932,-1.01953064579489,-1.13441620291021,-1.15625789734228,-1.22325589639602,-1.19787500037608,705.610322706774,0.31273446400408,0.0985409156169832,3463,0.378082191780822
"Cinnamon",2013,2,37880.228515625,2.17857142857143,415.200001853571,234.714285714286,-2.08928571428571,-15.1785714285714,-8.63392857142857,192.857142857143,18.4172610113519,0,-0.190346015086833,-0.187288535852943,0.0616383100436977,-0.625466072026207,-0.722835901412818,-0.765918047557148,-1.05363122057872,-0.726998147458446,-1.00481617349854,-1.11173261467168,-1.13291760175609,-1.20428767932572,954.960004263213,0.318783970603386,0.125926827746243,3463,0.378082191780822
"Cinnamon",2013,3,42263.5355342742,3.83870967741935,493.729033932258,326.709677419355,2.85483870967742,-9.85483870967742,-3.5,316.129032258065,41.8246796417715,0,0.0115095341242547,-0.0605330637793264,-0.0589702998947321,0.0692476465485113,-0.40074937370904,-0.508620191525222,-0.621032526678566,-0.895164622350458,-0.659787486178607,-0.916807234418057,-1.02084347479519,-1.0461375825057,1135.57677804419,0.471914398939155,0.15578536668109,3463,0.378082191780822
"Cinnamon",2013,4,46944.0000000033,5.06666666666667,527.89332886,403.066666666667,4.66666666666667,-6.78333333333333,-1.05833333333333,396,56.3549228718557,0,0.658861685832567,0.495773679182195,0.402589755716366,0.323239754228628,0.400131800369923,0.0786565850970688,-0.0556954281726634,-0.197430451928021,-0.484775900639019,-0.380191887123275,-0.65976147787153,-0.805350985682558,1214.154656378,0.565396316912564,0.169396316912564,3463,0.378082191780822
"Cinnamon",2013,5,50914.6840977774,2.25806451612903,592.000001967742,403.483870967742,9.7258064516129,-1.06451612903226,4.33064516129032,584.516129032258,84.6207381070583,48.567880459997,0.345698875425799,0.523522154869206,0.462900334525891,0.421476647203737,0.370811556265818,0.444682189232288,0.196803506282396,0.0904791452769969,-0.0373052561281551,-0.283934237439207,-0.248434361428219,-0.488994491346044,1361.60000452581,0.831971604907512,0.247455475875254,3463,0.378082191780822
"Cinnamon",2013,6,52876.79999998,0,693.8666687,291.866666666667,17.7666666666667,5.65,11.7083333333333,832,121.008219884493,96.414663022662,-0.915511686546946,-0.329765806135978,0.0377928067060503,0.0891813256937981,0.0730082796263345,0.0565137637852839,0.13414948699946,-0.0846369305003775,-0.16672066509165,-0.279274264553964,-0.470599413095522,-0.418139371122843,1595.89333801,1.37481317907317,0.542813179073165,3463,0.378082191780822
"Cinnamon",2013,7,51940.3355594774,4.06451612903226,521.290322580645,125.548387096774,18.7258064516129,7.17741935483871,12.9516129032258,812.903225806452,123.655460474242,105.252537548696,0.479544252993304,-0.296967690138756,-0.108738459259097,0.117690358865782,0.148165216265695,0.136478812720036,0.110516089377824,0.182428773149231,-0.0111817215247985,-0.0715051092223042,-0.166898203235742,-0.351458619996931,1198.96774193548,1.49196468446229,0.679061458655835,3463,0.378082191780822
"Cinnamon",2013,8,48506.6323084677,3.54838709677419,403.612899293548,5.29032258064516,16.8225806451613,6.33870967741935,11.5806451612903,943.225806451613,101.082793651749,91.5772346010173,0.960866401551202,0.794315372386279,0.122183576597793,0.125843402977363,0.279589773560177,0.265498356904498,0.243738978150629,0.212629219200866,0.286465350487068,0.0953670868410041,0.0322910710891284,-0.053630258372137,928.30966837516,1.36325283647735,0.420027030025739,3463,0.378082191780822
"Cinnamon",2013,9,43983.3600260433,4.66666666666667,374.93333283,0.933333333333333,13.3666666666667,3.66666666666667,8.51666666666667,826.666666666667,69.5215602674696,65.1688342562589,0.956897088126002,1.16201769437718,0.970219286637694,0.455429599227299,0.3808710931986,0.464283783135964,0.40429839436656,0.377240646488039,0.337417947958833,0.416057205866294,0.23180789925991,0.168382792101184,862.346665509,1.11033258374412,0.283665917077456,3463,0.378082191780822
"Cinnamon",2013,10,39309.2128276161,2.67741935483871,337.961289435484,6.58064516129032,5.82258064516129,-4.06451612903226,0.879032258064516,464.516129032258,38.6188640498896,12.6446936583461,0.905513919488308,1.11128634241033,1.28685539458917,1.10265652804585,0.647519272741446,0.562415870925119,0.613951305251091,0.526643930702406,0.491336664158297,0.449431982162675,0.524784008122859,0.347659142548361,777.310965701613,0.650900754140263,0.186384625108005,3463,0.378082191780822
"Cinnamon",2013,11,35400.9598958367,3.73333333333333,282.88000043,32.5333333333333,2.68333333333333,-7.11666666666667,-2.21666666666667,369.333333333333,23.0152695517403,0,-0.391372319306525,0.339874794056593,0.864746731432516,1.10652527126975,1.00217214281862,0.591158495236889,0.499387196519839,0.562922882363646,0.493051911747391,0.464567223604585,0.423649912979976,0.495978193127019,650.624000989,0.519176958897981,0.149843625564648,3463,0.378082191780822
"Cinnamon",2013,12,33523.20000002,4.4,279.68000005,111.733333333333,-2.81666666666667,-13.9666666666667,-8.39166666666667,228,12.9544290530408,0,0.109820877524106,-0.204403512128259,0.285977687392226,0.796629614195175,1.07416886150453,0.981172682096371,0.56322150824248,0.490602935065583,0.560661053339197,0.48679161315702,0.459283134422045,0.421897381671674,643.264000115,0.324865508995418,0.0968655089954178,3463,0.378082191780822
"Cinnamon",2014,1,34548.8514364903,4.48387096774194,318.141936516129,279.612903225806,-1.2258064516129,-12.6612903225806,-6.94354838709677,236.129032258065,16.6995767129888,0,-0.350340684580845,-0.140405076454742,-0.385587341543144,0.0789644661181324,0.568007536163667,0.875338898938577,0.826495164312098,0.428651327967278,0.388949044797734,0.471142132738497,0.422584008307017,0.403200527825369,731.726453987097,0.363420686896814,0.127291654638749,3463,0.378082191780822
"Cinnamon",2014,2,37880.228515625,7.64285714285714,356.800000603571,466,-0.857142857142857,-10.5178571428571,-5.6875,294.285714285714,20.9084693759363,0,0.415333586209589,0.119325793631128,0.163449463855733,-0.00177106377399007,0.305758458870739,0.628553066428524,0.889062173084371,0.850168968891329,0.49119136957224,0.444528600350302,0.513993728065718,0.467349657339481,820.640001388213,0.400104744151431,0.105819029865718,3463,0.378082191780822
"Cinnamon",2014,3,42263.5355342742,5.25806451612903,534.812902141936,585.161290322581,3.08064516129032,-9.98387096774194,-3.45161290322581,294.193548387097,42.5479922159456,0,0.0915674986804138,0.270959852811468,0.15464095594296,0.180958648853503,0.0715827659975736,0.283287851611486,0.541432379167068,0.772581672231886,0.760166805208575,0.461938989820021,0.42568691132498,0.499014187937043,1230.06967492645,0.473624542346326,0.179430993959229,3463,0.378082191780822
"Cinnamon",2014,4,46944.0000000033,3.53333333333333,551.253328963333,668.8,4.85,-6.16666666666667,-0.658333333333333,406.666666666667,56.5989762581391,0,0.480946418505943,0.430495948450729,0.50017415050637,0.374072542225444,0.393610490554218,0.315628099835892,0.437037467989866,0.624326129583578,0.813710118482099,0.793518838651276,0.547018924699205,0.515373842623807,1267.88265661567,0.582184718682232,0.175518052015565,3463,0.378082191780822
"Cinnamon",2014,5,50914.6840977774,3.45161290322581,586.012904996774,699.870967741935,9.40322580645161,-0.838709677419355,4.28225806451613,600,82.2621429958459,48.1943497798836,0.661978965928673,0.614415563257518,0.554975101266202,0.606695698644583,0.519739896632416,0.555652538109834,0.485241355967138,0.564251173968848,0.699357403905277,0.841449517741539,0.832800073708455,0.634454670693542,1347.82968149258,0.829153168051878,0.229153168051878,3463,0.378082191780822
"Cinnamon",2014,6,52876.79999998,0,679.999998983333,610.4,14.8,3.65,9.225,750.666666666667,106.311867607906,81.8475264502512,0.938680222125,0.859694872240913,0.755514425969054,0.657069327630888,0.683982374661559,0.610769994918872,0.664336243922067,0.601021340748313,0.655467208328986,0.772944393262919,0.909261754299903,0.908474087895691,1563.99999766167,1.16479694883231,0.41413028216564,3463,0.378082191780822
"Cinnamon",2014,7,51940.3355594774,0.935483870967742,651.251609558065,459.225806451613,18.8064516129032,7.08064516129032,12.9435483870968,741.935483870968,124.569030947102,105.207500767222,0.01388530308165,0.569801361541375,0.626887837372817,0.592894852205091,0.535593775778486,0.573409826257018,0.505204359097874,0.55825693356454,0.49278854385763,0.570831334509198,0.693629041310469,0.820793947826843,1497.87870198355,1.49117734918185,0.749241865310881,3463,0.378082191780822
"Cinnamon",2014,8,48506.6323084677,4,551.638716170968,298.322580645161,15.3870967741935,5.25806451612903,10.3225806451613,652.903225806452,95.1030012148197,84.6192658149503,1.76544858837087,0.967582175622006,1.29952907894354,1.21606950716663,1.01362528084894,0.833969829081017,0.836076047118816,0.753404028712573,0.82190992872383,0.748871741621703,0.813541927806777,0.944288466224672,1268.76904719323,1.25384827278391,0.600945046977462,3463,0.378082191780822
"Cinnamon",2014,9,43983.3600260433,4.5,491.093332926667,163.6,14.2666666666667,3.9,9.08333333333333,776,73.4184899455047,68.1181410576365,0.384520655733147,1.33887979903514,0.883373332618823,1.14703529447193,1.21483677939099,1.0462699399524,0.853921533802608,0.853742479545044,0.768559627351664,0.824767971851139,0.755766961568297,0.820640594522523,1129.51466573133,1.15371939005681,0.377719390056813,3463,0.378082191780822
"Cinnamon",2014,10,39309.2128276161,1.16129032258065,394.012901551613,70.1935483870968,9.90322580645161,-0.629032258064516,4.63709677419355,590.967741935484,47.8782356020404,39.6443195437218,-1.28888695316878,-0.328762516085293,0.746129613819562,0.518979424120536,0.755194505374261,0.834683006286754,0.765278181714487,0.658905807014878,0.684155489551208,0.613486233207633,0.660548707951126,0.60196344076743,906.22967356871,0.850019334537768,0.259051592602284,3463,0.378082191780822
"Cinnamon",2014,11,35400.9598958367,4.36666666666667,295.679999796667,74,2.31666666666667,-8.83333333333333,-3.25833333333333,333.333333333333,22.9083751347282,0,-0.233768331962669,-1.02150062542092,-0.359953389029588,0.649570997092792,0.504197660506999,0.718782166530683,0.767375768740014,0.724531487406801,0.63654061302852,0.664910866232407,0.597393436417132,0.639974916841795,680.063999532334,0.480510666520512,0.147177333187179,3463,0.378082191780822
"Cinnamon",2014,12,33523.20000002,4.16666666666667,261.120000713333,164.133333333333,-0.183333333333333,-10.8,-5.49166666666667,286.666666666667,16.5371812949057,0,-0.904085873766515,-0.692634797606102,-1.2419613045451,-0.700036622609042,0.335429489393316,0.286084093996005,0.526662836415292,0.60117500982516,0.592156181490294,0.529409491701908,0.568081153093032,0.507783409472598,600.576001640666,0.406111617859247,0.11944495119258,3463,0.378082191780822
"Cinnamon",2015,1,34548.8514364903,1.54838709677419,339.096773454839,297.806451612903,1.53225806451613,-10.5,-4.48387096774194,291.612903225806,21.0107644052594,0,-1.83275664945792,-1.7466338626908,-1.50973190659786,-1.756712828454,-1.32817210418841,-0.30022914623155,-0.174932624167789,0.0932331844924996,0.224932313198111,0.277795485830123,0.283337902244859,0.342619063624382,779.92257894613,0.438310692999289,0.146697789773483,3463,0.378082191780822
"Cinnamon",2015,2,37880.228515625,3.67857142857143,404.457141332143,326.142857142857,1.76785714285714,-9.19642857142857,-3.71428571428571,320,25.9031678016671,0,-1.62617717227288,-2.97697165129187,-2.4232087950855,-2.15319629437904,-2.17238584158654,-1.64341368257636,-0.652812917486949,-0.442201750869836,-0.157731672279899,0.00313238492712412,0.0878757243030563,0.129709463946588,930.251425063929,0.464406668273895,0.144406668273895,3463,0.378082191780822
"Cinnamon",2015,3,42263.5355342742,2.7741935483871,531.406451809677,454.58064516129,5.95161290322581,-6.66129032258065,-0.354838709677419,393.548387096774,50.8290324202471,0,-1.29843125862989,-1.93850311282249,-2.74612016990555,-2.39457512572674,-2.34648594755484,-2.30660306741739,-1.9091173540952,-1.04172014264287,-0.76446991796068,-0.462370384049116,-0.253330587851936,-0.131011875821637,1222.23483916226,0.595216250859845,0.201667863763071,3463,0.378082191780822
"Cinnamon",2015,4,46944.0000000033,2.8,581.013331096667,463.066666666667,6.26666666666667,-5,0.633333333333333,432,61.5505623349387,11.6074073427107,-0.180678528174381,-0.937017700186373,-1.46888029907208,-2.0596917494042,-1.90298915108486,-1.91731072901853,-1.95424307002904,-1.69516714385065,-0.95125925538056,-0.721401034878022,-0.44687744124875,-0.234742124397982,1336.33066152233,0.639457895378726,0.207457895378726,3463,0.378082191780822
"Cinnamon",2015,5,50914.6840977774,6,536.567744590323,453.806451612903,8.11290322580645,-1.61290322580645,3.25,549.677419354839,76.4153192187929,39.8735915692523,1.29363595969398,0.747561543230576,0.238585320467203,-0.0421040619470575,-0.411029868481772,-0.531243286691138,-0.556115150838406,-0.763738887767783,-0.694679539849483,-0.234824692941573,-0.207345902095548,0.00403244430497449,1234.10581255774,0.771004569248827,0.221327149893988,3463,0.378082191780822
"Cinnamon",2015,6,52876.79999998,1.76666666666667,665.173334756667,370.533333333333,16.5833333333333,4.41666666666667,10.5,824,116.292270995852,89.4618625782516,-0.16267651421743,0.871179612674867,0.525282324453589,0.12137953696005,-0.103041296626007,-0.386854611857265,-0.480196732762291,-0.495955020650317,-0.671106049793784,-0.627716681043514,-0.248523345785717,-0.227666061879319,1529.89866994033,1.26879260674328,0.444792606743285,3463,0.378082191780822
"Cinnamon",2015,7,51940.3355594774,4.35483870967742,504.7741965,223.225806451613,15.5322580645161,5.37096774193548,10.4516129032258,900.645161290323,106.562011659769,90.8307814254332,2.53132474086656,1.79173086323468,1.83030262174618,1.19469534155386,0.681368995738578,0.473936488063029,0.223299003597576,0.160344609403238,0.124748053741466,-0.048490122719138,-0.0282848911365963,0.271142030288188,1160.98065195,1.26470139729094,0.36405623600062,3463,0.378082191780822
"Cinnamon",2015,8,48506.6323084677,3.83870967741935,497.445160896774,72.5161290322581,16.5806451612903,5.69354838709677,11.1370967741935,918.709677419355,101.453275422965,89.1524538560977,0.950049503118564,1.99971559643497,1.81010357324823,2.16554203528139,1.3945201229062,0.795311467009067,0.570283342201069,0.318972472743011,0.26299409258054,0.223719174796019,0.0522445204326469,0.076603608223017,1144.12387006258,1.32375799955107,0.40504832213172,3463,0.378082191780822
"Cinnamon",2015,9,43983.3600260433,3.63333333333333,374.293333936667,0,14.5,4.28333333333333,9.39166666666667,832,73.7213370877547,69.6986518120746,0.206667547610703,0.732621437418579,1.55898367476476,1.44073513808048,2.01254206829798,1.38704877124592,0.781011510594993,0.559969621358445,0.310701135566215,0.261233673801918,0.225719024299832,0.0650217611422761,860.874668054334,1.17794935997372,0.345949359973719,3463,0.378082191780822
"Cinnamon",2015,10,39309.2128276161,2.51612903225806,302.554837016129,1.29032258064516,9.24193548387097,-0.193548387096774,4.5241935483871,624.516129032258,45.088791783455,38.9785130957941,-0.37422979970592,0.016726304541704,0.491600237126032,1.33704904823407,1.21468167896263,1.75557868506443,1.24647409805775,0.704222579665446,0.500255267361837,0.262397375656916,0.213048260207298,0.183199840152223,695.876125137097,0.843330285161276,0.218814156129017,3463,0.378082191780822
"Cinnamon",2015,11,35400.9598958367,2.93333333333333,285.119997913333,58.1333333333333,0.716666666666667,-9.46666666666667,-4.375,313.333333333333,20.2116580307776,0,0.0409768621068036,-0.325100875067812,0.0515167542340994,0.500741298271004,1.28347276303807,1.16745428517573,1.57793839590496,1.19115726749088,0.711626711648066,0.521205490861119,0.290706263432694,0.247188572911384,655.775995200666,0.441921403681623,0.128588070348291,3463,0.378082191780822
"Cinnamon",2015,12,33523.20000002,5.9,254.826666013333,152.933333333333,-2.86666666666667,-13.3166666666667,-8.09166666666667,236,12.9410934052866,0,0.489767549697642,0.350210400232491,-0.0985544757864758,0.136796139483583,0.541561257182774,1.34054633736766,1.22695535937816,1.64028989239014,1.23005546974811,0.740468506034989,0.550636945196896,0.326142704796979,586.101331830666,0.332539482138997,0.096539482138997,3463,0.378082191780822
"Cinnamon",2016,1,34548.8514364903,2.90322580645161,308.541937793548,208.387096774194,-2,-13.6290322580645,-7.81451612903226,221.935483870968,15.4892786014939,0,-0.428439895939731,0.0225079946686192,-0.0150874382229854,-0.264039275691366,-0.0803196873306164,0.33893948243225,1.17526471329516,1.0564585869723,1.41525443049472,1.0814557086527,0.655515287451836,0.483018101943832,709.64645692516,0.339771939744333,0.117836455873364,3463,0.378082191780822
"Cinnamon",2016,2,37956.4137931034,1.86206896551724,447.006898024138,319.862068965517,1.86206896551724,-11.2068965517241,-4.67241379310345,274.48275862069,26.3565958318231,0,-2.20405395273774,-1.86698066107764,-1.06224678026243,-0.847531704892232,-0.896983836766157,-0.672050232910133,-0.204410030238404,0.749336544438947,0.637068332159519,0.974030733892298,0.747345155280186,0.427456772620678,1028.11586545552,0.43211965023422,0.15763689161353,3463,0.378082191780822
"Cinnamon",2016,3,42419.6129032258,2.2258064516129,498.890324993548,353.806451612903,2.48387096774194,-9.16129032258065,-3.33870967741935,316.129032258065,40.4863961955302,0,-0.0205746949495374,-0.980785464058271,-0.929445291824467,-0.646944342737061,-0.573109266415078,-0.656496606789052,-0.56026344184259,-0.178398045156733,0.6379157135436,0.555786024096805,0.839871880245863,0.672862323342777,1147.44774748516,0.477636306321248,0.161507274063183,3463,0.378082191780822
"Cinnamon",2016,4,47082.2399739633,3.13333333333333,534.29333496,390.266666666667,5.93333333333333,-5,0.466666666666667,421.333333333333,60.0849942517535,9.41032043440265,0.0434990434632819,0.103846421499923,-0.557362551111334,-0.58682715752959,-0.394471108775289,-0.351164331345824,-0.443612960680665,-0.41135238866997,-0.106363668115313,0.579212829998172,0.518340270590958,0.775528922018722,1228.874670408,0.631797650105597,0.210464316772264,3463,0.378082191780822
"Cinnamon",2016,5,51026.1679687452,3.12903225806452,611.406449841935,388.516129032258,9.06451612903226,-1.51612903225806,3.7741935483871,520,81.6876054821823,44.1883758295887,0.683307995737503,0.425163374608236,0.379885301718148,0.00987019109772321,-0.0586571430824112,0.0354607388967276,0.0440552629084936,-0.0540215259854017,-0.0644585073210654,0.125807264917162,0.655476451365144,0.616058072535009,1406.23483463645,0.8000655766664,0.2800655766664,3463,0.378082191780822
"Cinnamon",2016,6,52888.32005206,0.333333333333333,686.506666056667,287.333333333333,17.6166666666667,5.28333333333333,11.45,764,121.016535695399,94.9478407352331,-0.881717553255966,-0.0640827201473165,-0.032338392838092,0.0236360554239122,-0.282834851878614,-0.319810941348866,-0.228380678001426,-0.209716847832131,-0.2828454289556,-0.292937731146281,-0.110118222490981,0.410039847928176,1578.96533193033,1.35151343762083,0.587513437620832,3463,0.378082191780822
"Cinnamon",2016,7,51862.2968750032,1.41935483870968,552.051614577419,127.741935483871,18.2258064516129,7.19354838709677,12.7096774193548,892.903225806452,119.909765980519,103.897585283602,0.610335609451838,-0.191574907099385,0.15105963317925,0.101348584312315,0.126752854185691,-0.121187315668991,-0.16705043193505,-0.0918488097740466,-0.0848321983526965,-0.142088320790108,-0.150832667936137,-0.0100478942563959,1269.71871352806,1.46850301356089,0.575599787754438,3463,0.378082191780822
"Cinnamon",2016,8,48372.8515625,3.58064516129032,415.380646735484,4.38709677419355,15.4032258064516,4.7741935483871,10.0887096774194,778.064516129032,96.611841075966,83.2972178387631,1.53758988898583,1.19808845344661,0.505689985576615,0.609714267613145,0.43265924069474,0.376717642280596,0.122772034866428,0.0673887934525595,0.144028103134097,0.141083704947978,0.0751074835216296,0.0709054943869283,955.375487491613,1.23438599956746,0.456321483438432,3463,0.378082191780822
"Cinnamon",2016,9,43822.0800781267,1.3,383.78666738,0,13.2333333333333,2.73333333333333,7.98333333333333,752,70.8657644719341,62.3363947503233,0.286654302085671,1.14607664025942,1.01604353093097,0.519268810023976,0.620093812610236,0.440162649172446,0.377745848440645,0.135356553639101,0.0785612756083588,0.161152463866347,0.159758096005565,0.0991156457497348,882.709334974,1.07081944206738,0.318819442067382,3463,0.378082191780822
"Cinnamon",2016,10,39164.2837701581,0.774193548387097,311.329033135484,0.387096774193548,9.29032258064516,0.129032258064516,4.70967741935484,629.677419354839,44.7979689996197,40.0696594870169,-0.694801660853327,-0.0886170462305097,0.754336485848054,0.772869973532253,0.319924941744284,0.424088592057999,0.297021875790165,0.274156122633105,0.048874866535691,-0.00112628194830626,0.0800097679391451,0.0840361241339107,716.056776211613,0.854344175845532,0.224666756490693,3463,0.378082191780822
"Cinnamon",2016,11,35297.2799479167,2.06666666666667,272.746665953333,8.8,3.98333333333333,-5.96666666666667,-0.991666666666667,429.333333333333,25.0137531612922,0,-1.10705910823779,-1.2158961820713,-0.599122845852324,0.364151866929923,0.542759937510056,0.132106016978206,0.231925763179207,0.152794862726119,0.156157581168119,-0.0529423094063557,-0.100673283102809,-0.0147875664205932,627.317331692666,0.568164191911858,0.138830858578525,3463,0.378082191780822
"Cinnamon",2016,12,33511.67994794,7.46666666666667,242.773336543333,121.866666666667,-2.33333333333333,-12.3333333333333,-7.33333333333333,261.333333333333,13.648236537773,0,0.692031769070921,-0.411085062754998,-0.809218881270261,-0.362420370034794,0.464308328841564,0.611018158717669,0.203942850315436,0.317117821250717,0.232076862763813,0.217748334610521,0.00881736185663746,-0.037409014889492,558.378674049666,0.352661926939141,0.0913285936058083,3463,0.378082191780822
"Cinnamon",2017,1,34548.8514364903,12.6129032258065,285.729035283871,318.451612903226,-2.79032258064516,-12.0645161290323,-7.42741935483871,265.806451612903,14.3686242208419,0,1.44959258472688,1.36829385787473,0.666052117022554,0.185838380392228,0.3065755363929,0.925938416821743,0.908971619171178,0.525258072140867,0.615917667844597,0.484881535278349,0.426777353113343,0.215925880453531,657.176781152903,0.350107842693305,0.0843013910804022,3463,0.378082191780822
"Cinnamon",2017,2,37880.228515625,7.67857142857143,368.685712267857,446.428571428571,1.33928571428571,-8.32142857142857,-3.49107142857143,348.571428571429,24.6999211424705,0,-0.366205036118305,0.870267696754823,0.98608229715382,0.478754887717801,0.10286455629555,0.182184678317814,0.746708051945386,0.782591797060587,0.435694698409727,0.523203626560735,0.420942091976199,0.385127895750513,847.977138216071,0.472229547738178,0.123658119166749,3463,0.378082191780822
"Cinnamon",2017,3,42263.5355342742,2.12903225806452,517.574195122581,554.193548387097,6.14516129032258,-5.54838709677419,0.298387096774194,432.258064516129,50.7741139202059,6.43584160063437,-1.38053304421684,-1.33501953654541,-0.202580274733958,0.0239895557907515,-0.340673650600626,-0.550382067552075,-0.436591451576348,0.148078862068529,0.302609839320245,0.0345880729084553,0.170679392630913,0.144620168445603,1190.42064878194,0.624145927503305,0.191887862987176,3463,0.378082191780822
"Cinnamon",2017,4,46944.0000000033,2.9,586.880000813333,567.466666666667,6.28333333333333,-6.01666666666667,0.133333333333333,414.666666666667,62.5668084937162,3.97886973310785,-0.299552249199375,-1.10269342689006,-1.07441496696602,-0.23584549633469,-0.0470718430735919,-0.328354885611394,-0.497585546930431,-0.43670479777973,0.0604691234701399,0.20508827202102,-0.0219750268287513,0.127538284466053,1349.82400187067,0.616720820535052,0.202054153868385,3463,0.378082191780822
"Cinnamon",2017,5,50914.6840977774,2.16129032258065,594.787098545161,568,9.96774193548387,-0.887096774193548,4.54032258064516,574.193548387097,85.6774727115402,50.1716892576686,0.237085802768178,-0.0127129269918359,-0.459669918043317,-0.496383261784015,-0.0485952125518315,0.0784359584281953,-0.133053061845983,-0.271628139039164,-0.256043375674672,0.0969757353452863,0.209081967576334,0.0292551038821301,1368.01032665387,0.844283004052932,0.270089455665835,3463,0.378082191780822
"Cinnamon",2017,6,52876.79999998,0,697.17333374,473.333333333333,17.0666666666667,5.01666666666667,11.0416666666667,665.333333333333,117.948517873377,92.6079963842713,-0.580436170393706,-0.208192590846055,-0.259018405673899,-0.563625582661167,-0.579189500536249,-0.216482436838096,-0.0983007651549652,-0.270420006822255,-0.382794615509469,-0.373544094682999,-0.0592294915878741,0.0610637834004303,1603.498667602,1.31539356386411,0.650060230530781,3463,0.378082191780822
"Cinnamon",2017,7,51940.3355594774,2.90322580645161,595.303226593548,315.612903225806,18.6451612903226,7.01612903225806,12.8306451612903,716.129032258065,123.598347790696,104.576060629278,0.349641381347194,-0.151465778894519,-0.0699192307812569,-0.163014799672829,-0.407531187522119,-0.416213707486264,-0.145498171019652,-0.0459774884797025,-0.194127667944871,-0.282976348727286,-0.276454094516522,-0.0194007244227499,1369.19742116516,1.48019296226328,0.764063930005213,3463,0.378082191780822
"Cinnamon",2017,8,48506.6323084677,1.93548387096774,546.47741896129,157.161290322581,16.5,5.53225806451613,11.0161290322581,770.322580645161,101.402655007814,88.4859391851541,0.695523038968644,0.572934491101996,0.123590414111222,0.0736391445349446,-0.0609790984043684,-0.313205460053156,-0.32241232598798,-0.0788696094352474,0.0166040545915016,-0.126825319173691,-0.21342033698014,-0.203055167454043,1256.89806361097,1.31316310353417,0.542840522889013,3463,0.378082191780822
"Cinnamon",2017,9,43983.3600260433,2.53333333333333,384.64000193,20.6666666666667,13.5166666666667,3.53333333333333,8.525,762.666666666667,70.5519350026607,65.2126429801399,0.517891610571415,0.750986172112461,0.643508155555147,0.292612969652441,0.186954918736748,0.00989936596358101,-0.251948815507696,-0.254438575782075,-0.0242941405683544,0.0788842292053421,-0.0582012560748743,-0.141875075711071,884.672004439,1.11096004758943,0.348293380922766,3463,0.378082191780822
"Cinnamon",2017,10,39309.2128276161,1.45161290322581,353.754839003226,2.45161290322581,8.70967741935484,-2.35483870967742,3.17741935483871,530.322580645161,45.8805910266174,30.5755274289738,-0.784780278379539,0.0405332815375351,0.368821779696775,0.408506171677609,0.0969653099082712,0.0132049563738606,-0.120140320263961,-0.343920331953998,-0.341612668853555,-0.112089725011512,-0.00995945939113729,-0.138646255400372,813.63612970742,0.767055291428944,0.236732710783783,3463,0.378082191780822
"Cinnamon",2017,11,35400.9598958367,2.53333333333333,270.933334346667,21.3333333333333,5.23333333333333,-4.18333333333333,0.525,470.666666666667,26.5298777867491,7.77430532090489,-1.28862236126183,-1.37120162341423,-0.589657584468153,-0.0894736026730925,0.144872999791646,-0.121073922575533,-0.170357932564865,-0.26368207689086,-0.464629518301073,-0.460815243840103,-0.234529387782811,-0.126809845849037,623.146668997334,0.634469430203252,0.163802763536585,3463,0.378082191780822
"Cinnamon",2017,12,33523.20000002,1.16666666666667,277.013332876667,40.8,1.25,-10.1333333333333,-4.44166666666667,301.333333333333,18.5846826809808,0,-2.11222147969241,-2.12496278584146,-1.88269140362824,-1.32239576702749,-0.736612627499613,-0.315472686998837,-0.51089424142048,-0.470225987448059,-0.504100930584382,-0.667272744639863,-0.661039392323758,-0.433742686420343,637.130665616334,0.439707276329916,0.138373942996583,3463,0.378082191780822
"Cinnamon",2018,1,34548.8514364903,2.16129032258065,329.496773012903,240.516129032258,1.19354838709677,-11.4193548387097,-5.11290322580645,268.387096774194,20.4955734295354,0,-1.61450191596377,-2.27647051360271,-2.33967665831426,-2.21609834429083,-1.74887039899392,-1.17649444896949,-0.67188898854185,-0.781278063946496,-0.666861329404842,-0.674518120667351,-0.810167603793113,-0.806556844485683,757.842577929677,0.417957571539683,0.149570474765489,3463,0.378082191780822
"Cinnamon",2018,2,37880.228515625,5.64285714285714,347.657145910714,317.571428571429,-0.946428571428571,-11.4642857142857,-6.20535714285714,274.285714285714,20.8835747768717,0,0.0247551346305142,-1.18227641468367,-1.98776334253729,-2.4537246861725,-2.18068107109211,-1.5905278670581,-1.08126013366819,-0.629412662298014,-0.735007962681057,-0.618935290896781,-0.62656619595199,-0.764067028281467,799.611435594642,0.384599281966086,0.110313567680372,3463,0.378082191780822
"Cinnamon",2018,3,42263.5355342742,2.19354838709677,548.954834970968,406.838709677419,3.48387096774194,-9.43548387096774,-2.9758064516129,312.258064516129,43.7140265380121,0,-0.421012448790959,-0.313560512061516,-0.904673754123305,-1.50905373943251,-1.96617777740223,-1.87979046326871,-1.50502749454244,-1.09165731670439,-0.69765120115768,-0.76931058774952,-0.631549977300789,-0.624539011878001,1262.59612043323,0.490736513262936,0.178478448746807,3463,0.378082191780822
"Cinnamon",2018,4,46944.0000000033,3.2,563.73333791,444.933333333333,6.68333333333333,-4.66666666666667,1.00833333333333,453.333333333333,63.0345518456746,15.9777566505019,-0.321629649906015,-0.398286019325219,-0.307889633073144,-0.783467721415105,-1.25610542724733,-1.67603732143825,-1.63372456832535,-1.37703277381067,-1.04621005100885,-0.694788135442672,-0.766523734687894,-0.619008285051314,1296.586677193,0.656995242153753,0.203661908820421,3463,0.378082191780822
"Cinnamon",2018,5,50914.6840977774,0.645161290322581,640.619350312903,394.451612903226,12.3387096774194,1.56451612903226,6.95161290322581,623.225806451613,94.5717468521511,67.2321084678651,-0.819167409675791,-0.678156869248633,-0.647418729747332,-0.584680044502428,-0.909121332563951,-1.24880396327874,-1.51501008285404,-1.50360886745606,-1.32882111624831,-1.08537603569579,-0.813955710207622,-0.867502049040121,1473.42450571968,0.997889370013996,0.374663563562383,3463,0.378082191780822
"Cinnamon",2018,6,52876.79999998,0.433333333333333,667.733335366667,270.4,17.85,5.46666666666667,11.6583333333333,645.333333333333,122.125277916154,96.1315586408952,-0.985221024031381,-1.04495428716765,-0.901729289197442,-0.851613360277648,-0.790891076791819,-1.02650527108886,-1.27941104356467,-1.46166765382891,-1.44524637612438,-1.31402219356319,-1.1354456514486,-0.913404561842332,1535.78667134333,1.37027615324175,0.724942819908421,3463,0.378082191780822
"Cinnamon",2018,7,51940.3355594774,1.32258064516129,589.419358774194,109.935483870968,20.4838709677419,7.17741935483871,13.8306451612903,491.612903225806,136.528686852564,110.110442577429,-1.07556903980893,-1.25167501156634,-1.19911125194835,-1.08816923426497,-1.04219033214681,-0.996355355692163,-1.16409317553259,-1.33674032567773,-1.44543989861473,-1.4637169325651,-1.3754915255681,-1.22674911144103,1355.66452518065,1.58000742603044,1.08839452280463,3463,0.378082191780822
"Cinnamon",2018,8,48506.6323084677,1.87096774193548,436.3354881,1.67741935483871,18.3225806451613,6.16129032258065,12.241935483871,576.774193548387,111.319901081576,95.1391423669666,-0.686334836436994,-1.00873549265957,-1.20053315280598,-1.22367982782003,-1.14281689568252,-1.10822278827821,-1.06903659858968,-1.20579024638496,-1.34076026874893,-1.42758733168787,-1.44202337874843,-1.36984792854813,1003.57162263,1.42406240266929,0.847288209120898,3463,0.378082191780822
"Cinnamon",2018,9,43983.3600260433,0.6,411.41333618,0,15.6,4.08333333333333,9.84166666666667,722.666666666667,79.5665243706663,71.9765357320888,-1.1622518772919,-1.09512326519703,-1.16199555693633,-1.30582668801018,-1.3364358948493,-1.26435262877766,-1.23425129980168,-1.20177232541588,-1.31967735370176,-1.43040411472875,-1.50816316269065,-1.52264658852609,946.250673214,1.2141171821147,0.491450515448034,3463,0.378082191780822
"Cinnamon",2018,10,39309.2128276161,4.58064516129032,292.645161416129,2.06451612903226,6.29032258064516,-2.53225806451613,1.87903225806452,534.193548387097,38.43370802463,21.3114127920436,1.21625646307376,-0.00111805109840595,-0.445603676208942,-0.808593492115969,-1.0491342718547,-1.17178489180268,-1.1211866950041,-1.08775375789837,-1.04889705690876,-1.17985394781098,-1.29790019492922,-1.39019707959297,673.083871257097,0.699368559913808,0.165175011526711,3463,0.378082191780822
"Cinnamon",2018,11,35400.9598958367,3.16666666666667,291.413330336667,40.6666666666667,0.65,-10.1333333333333,-4.74166666666667,296,20.230514735272,0,0.0880296326999465,0.953656743122273,0.056704895776996,-0.343315252503851,-0.727523312160029,-0.990870964310682,-1.12091261099058,-1.08018406705003,-1.04949573002893,-1.01028956858273,-1.14774246727838,-1.26878204162686,670.250659774334,0.42986524017723,0.13386524017723,3463,0.378082191780822
"Cinnamon",2018,12,33523.20000002,3.36666666666667,272.2133311,150.533333333333,-1.3,-13.6166666666667,-7.45833333333333,221.333333333333,14.9659840058058,0,-0.700739473015835,-0.336756096596906,0.443429575130325,-0.25346882691591,-0.578340429788591,-0.861601463659409,-1.08139456935776,-1.17920546919399,-1.13084210581866,-1.09422873016275,-1.05710326008101,-1.19023973763108,626.09066153,0.349272244196118,0.127938910862785,3463,0.378082191780822
"Cinnamon",2019,1,34548.8514364903,4.09677419354839,327.122581729032,329.935483870968,-1.2741935483871,-13.1774193548387,-7.2258064516129,230.967741935484,16.5947181577111,0,-0.409836297100309,-0.629417436596792,-0.515202961045237,0.175418093852607,-0.424623337194364,-0.696800318646441,-0.92237990519232,-1.09772948446395,-1.16783903616496,-1.12612344417503,-1.0906141443267,-1.05635480970747,752.381937976774,0.355601174084506,0.124633432149022,3463,0.378082191780822
"Cinnamon",2019,2,37880.228515625,6.46428571428571,369.942856653571,472,-2.89285714285714,-13.8035714285714,-8.34821428571429,227.142857142857,17.3390097392539,0,0.8218576906178,0.386612908609472,0.0616890003318299,0.119177266898612,0.54656646885233,-0.0377988091637592,-0.358755508724627,-0.705269834816503,-0.918452449670453,-1.02414001981002,-0.991493898282525,-0.958190097684107,850.868570303213,0.325967159660718,0.098824302517861,3463,0.378082191780822
"Cinnamon",2019,3,42263.5355342742,8.38709677419355,498.78709903871,602.193548387097,2.98387096774194,-8.91935483870968,-2.96774193548387,330.322580645161,41.982561316094,0,0.484673413114464,0.732783774716216,0.531735440043655,0.36037046122424,0.379986228439429,0.641560258880444,0.197299319964067,-0.0787671216261374,-0.482729730988678,-0.699222813193676,-0.830777542353479,-0.808560809286271,1147.21032778903,0.491031218191667,0.160708637546506,3463,0.378082191780822
"Cinnamon",2019,4,46944.0000000033,4.23333333333333,520.746661886667,644.8,6.85,-3.7,1.575,482.666666666667,62.6034643261586,21.7068303105736,-0.132216157208117,0.328476335020932,0.53875398918197,0.396974791453923,0.275435764510883,0.300766939674717,0.504204830788045,0.14704957367592,-0.080564401916236,-0.450524663861888,-0.657362845411844,-0.778437566119432,1197.71732233933,0.684305286996279,0.201638620329612,3463,0.378082191780822
"Cinnamon",2019,5,50914.6840977774,4.38709677419355,615.8451607,650.322580645161,8.25806451612903,-3.53225806451613,2.36290322580645,480,80.590050812435,32.0303030081412,0.875452884425505,0.475138058416671,0.590953819555179,0.712615066389407,0.612893291946452,0.557597445916183,0.556549240342078,0.685961943495248,0.416693588602719,0.219148844430523,-0.138802149566107,-0.329012574538479,1416.44386961,0.723948180825621,0.243948180825621,3463,0.378082191780822
"Cinnamon",2019,6,52876.79999998,1.6,645.866664633333,595.2,13.9666666666667,2.45,8.20833333333333,728,103.981129908915,75.5371011920901,1.45336137444468,1.26079372922449,0.805481936640028,0.800924685557346,0.872006934966037,0.783422024327931,0.768658815897142,0.760209119583898,0.852746961793859,0.627646688269488,0.468591478777206,0.127434708779156,1485.49332865667,1.08733510110907,0.359335101109072,3463,0.378082191780822
"Cinnamon",2019,7,51940.3355594774,0.774193548387097,649.600002164516,458.709677419355,18.7258064516129,6.66129032258065,12.6935483870968,926.451612903226,125.327867971536,103.806969574656,-0.0873482430513809,0.840214081145378,0.9364163276594,0.604944780674083,0.649247774353544,0.735063354686888,0.652916322518981,0.636946847645796,0.62483329420658,0.742792198634049,0.530748685754478,0.367470676194618,1494.08000497839,1.46695050614888,0.540498893245654,3463,0.378082191780822
"Cinnamon",2019,8,48506.6323084677,1.48387096774194,605.522580054839,290.58064516129,18.5322580645161,6.83870967741935,12.6854838709677,790.967741935484,110.769788271756,97.4945063562169,-0.665656296245337,-0.38109442368968,0.242261747208143,0.52301363195317,0.316496339421365,0.423198236343748,0.53150885486405,0.457741062656913,0.429208972454979,0.422787086091315,0.555651982706601,0.336069631214878,1392.70193412613,1.46617479401461,0.675207052079122,3463,0.378082191780822
"Cinnamon",2019,9,43983.3600260433,0.4,494.080000813333,137.733333333333,15.4333333333333,4.3,9.86666666666667,636,78.3018832268451,72.1021178703399,-1.00702264063983,-0.995883797265015,-0.615278727977927,-0.104666774788111,0.157201328749716,0.0308409314529837,0.183322167996522,0.316626004338552,0.252755622412622,0.221955997204885,0.223957142853468,0.364762926913943,1136.38400187067,1.2161548965415,0.580154896541503,3463,0.378082191780822
"Cinnamon",2019,10,39309.2128276161,2.16129032258065,406.400000790323,75.8709677419355,6.12903225806452,-6.53225806451613,-0.201612903225806,331.612903225806,41.1739545132674,0,0.365058787274966,-0.483651919255535,-0.754088691978956,-0.494301590767189,-0.02104902632386,0.207683530967507,0.0765511846463549,0.225597678322798,0.354455964191104,0.292666986046406,0.262528605881206,0.266714910021833,934.720001817743,0.601893269034229,0.270280365808423,3463,0.378082191780822
"Cinnamon",2019,11,35400.9598958367,1.93333333333333,307.733334606667,114.8,3.91666666666667,-7.58333333333333,-1.83333333333333,358.666666666667,25.5449964223972,0,-1.22326360617787,-0.697257632407043,-1.01084505504122,-1.11348166455778,-0.719264556789148,-0.215298407761061,0.0163049389366458,-0.0703152047521469,0.0921866763376671,0.226994218851955,0.170188947168561,0.145317477084952,707.786669595334,0.534086717414291,0.175420050747624,3463,0.378082191780822
"Cinnamon",2019,12,33523.20000002,5.3,296.639999903333,245.466666666667,-1.28333333333333,-12.8666666666667,-7.075,241.333333333333,15.0515846446502,0,-0.206014233908754,-1.06494270125085,-0.727426450007104,-1.02278736366846,-1.12692010128468,-0.77393303231022,-0.290596249618517,-0.033152369280849,-0.100698148817531,0.0614795060648427,0.196354178444841,0.144765896558286,682.271999777666,0.359760194517399,0.118426861184066,3463,0.378082191780822
"Painterboy",1980,1,34548.8514364903,9.83870967741935,328.361289977419,758.193548387097,-4.82258064516129,-19.3870967741935,-12.1048387096774,158.709677419355,9.89514876229452,0,1.76854482377607,NA,NA,NA,NA,NA,NA,NA,NA,NA,NA,NA,755.230966948064,0.242110482135344,0.0834008047159889,3380,0.364383561643836
"Painterboy",1980,2,37956.4137931034,7.48275862068965,467.972414741379,959.724137931035,-4.08620689655172,-22.9827586206897,-13.5344827586207,115.862068965517,10.3040363647766,0,1.92202731002555,1.98460504732758,NA,NA,NA,NA,NA,NA,NA,NA,NA,NA,1076.33655390517,0.215646195574496,0.0997841266089791,3380,0.364383561643836
"Painterboy",1980,3,42419.6129032258,5.96774193548387,551.535482593548,1000,-3.64516129032258,-22.258064516129,-12.9516129032258,118.709677419355,17.1666090426089,0,2.13129195021139,2.17801645989554,2.11225659588468,NA,NA,NA,NA,NA,NA,NA,NA,NA,1268.53160996516,0.226106895537514,0.107397218118159,3380,0.364383561643836
"Painterboy",1980,4,47082.2399739633,2.23333333333333,595.413334146667,1000,-0.5,-16.45,-8.475,196,37.0532352169543,0,1.99495490515367,2.08747271987906,2.10251813695368,2.09655961624127,NA,NA,NA,NA,NA,NA,NA,NA,1369.45066853733,0.322762025003781,0.126762025003781,3380,0.364383561643836
"Painterboy",1980,5,51026.1679687452,3.54838709677419,579.303221677419,1000,5.35483870967742,-5.91935483870968,-0.282258064516129,393.548387096774,68.4700481064111,0,1.8917059057239,2.09854034738717,2.10054660837185,2.11586564401253,2.11860778856566,NA,NA,NA,NA,NA,NA,NA,1332.39740985806,0.598370814211512,0.204822427114738,3380,0.364383561643836
"Painterboy",1980,6,52888.32005206,0,749.759993493333,1000,15.05,-1.45,6.8,469.333333333333,117.719351020024,63.8161008772418,0.271178147291971,1.65843530594952,1.96684298118202,2.06047724308549,2.09018003854396,2.09712604056282,NA,NA,NA,NA,NA,NA,1724.44798503467,0.987550498375807,0.518217165042474,3380,0.364383561643836
"Painterboy",1980,7,51862.2968750032,0.967741935483871,674.270971480645,1000,18.0483870967742,0.354838709677419,9.20161290322581,423.225806451613,134.395889940456,80.5369913127759,-0.28239456079499,-0.0411395182155991,1.22953911309458,1.79275107954755,2.01272049481548,2.06005788683781,2.10317457037157,NA,NA,NA,NA,NA,1550.82323440548,1.16296176761121,0.739735961159595,3380,0.364383561643836
"Painterboy",1980,8,48372.8515625,0.838709677419355,647.948383948387,1000,16.758064516129,-0.596774193548387,8.08064516129032,274.838709677419,114.574950461804,69.0203146493303,-0.44234930937775,-0.396057158874528,-0.271983215710862,0.92578533444212,1.68575269913811,2.05536026687645,2.13014906512991,2.18930870918011,NA,NA,NA,NA,1490.28128308129,1.0779350473603,0.803096337682877,3380,0.364383561643836
"Painterboy",1980,9,43822.0800781267,0.933333333333333,613.866666156667,1000,15.2333333333333,-2.1,6.56666666666667,281.333333333333,86.0720748887428,52.3739456633606,-1.43051563602973,-1.1284703821687,-0.784067387161103,-0.624918188054431,0.377824289191307,1.24725913390927,1.82919837377975,1.93627812707829,2.02498871506182,NA,NA,NA,1411.89333216033,0.971823704759281,0.690490371425948,3380,0.364383561643836
"Painterboy",1980,10,39164.2837701581,1.67741935483871,493.522582022581,1000,7.87096774193548,-11.0645161290323,-1.59677419354839,209.032258064516,46.3850967865516,0,-0.23645582263141,-1.24213462102324,-1.11134139162435,-0.800939377687892,-0.643751407635493,0.290038744042485,1.15158697144888,1.73164001633879,1.84680092456812,1.94727872002658,NA,NA,1135.10193865194,0.54347621334736,0.334443955282844,3380,0.364383561643836
"Painterboy",1980,11,35297.2799479167,1.06666666666667,396.159998326667,1000,3.08333333333333,-12.9666666666667,-4.94166666666667,256,24.3226629542798,0,-0.927405280112574,-0.860807778561469,-1.45551610779412,-1.35205357303447,-0.963293802256859,-0.759276948859447,0.155584636795835,0.944780477187371,1.53124982522159,1.67092194640323,1.77952503340309,NA,911.167996151334,0.423413162622357,0.167413162622357,3380,0.364383561643836
"Painterboy",1980,12,33511.67994794,0.966666666666667,375.786667126667,1000,0.5,-17.65,-8.575,178.666666666667,16.2215668240392,0,-1.5196020102156,-1.55911113460216,-1.34312275116872,-1.78050439608909,-1.61143997669352,-1.21422877956571,-0.988300227890734,-0.079673167732706,0.729566819497639,1.37000026757083,1.54052619195605,1.66096180699083,864.309334391334,0.320253857503634,0.141587190836967,3380,0.364383561643836
"Painterboy",1981,1,34548.8514364903,0.32258064516129,371.096775054839,212.516129032258,-2.01612903225806,-20.9516129032258,-11.4838709677419,126.451612903226,12.5128853858684,0,-0.274654216529544,-1.02841063290078,-1.36845901374807,-1.28470718190485,-1.70406100978962,-1.6230667844209,-1.22106534117497,-0.993789799276379,-0.117876256754164,0.64091641545988,1.27267992730388,1.45969693198441,853.52258262613,0.254480416315073,0.128028803411847,3380,0.364383561643836
"Painterboy",1981,2,37880.228515625,0.5,456.34285845,226,-3.125,-20.9285714285714,-12.0267857142857,130,13.536788513903,0,0.649153524056303,0.331702128079582,-0.377321591671804,-0.79215965964328,-0.803997433394634,-1.32614682817731,-1.35908679916164,-1.04820985572184,-0.839906999365666,0.0137968354553889,0.7057412403816,1.26252760574422,1049.588574435,0.243635283075905,0.113635283075905,3380,0.364383561643836
"Painterboy",1981,3,42263.5355342742,2.74193548387097,510.038708593548,277.032258064516,-1.53225806451613,-17.2903225806452,-9.41129032258065,163.870967741935,27.3291907231897,0,1.41371785398606,1.33107963335411,1.07916573216832,0.795685678011146,0.521436320762356,0.349882725488795,-0.23179699347128,-0.379843864552073,-0.382391532917377,-0.244911072590735,0.483568401979834,1.01216005310566,1173.08902976516,0.299948321640639,0.136077353898704,3380,0.364383561643836
"Painterboy",1981,4,46944.0000000033,0.9,609.280003863333,339.466666666667,5.23333333333333,-9,-1.88333333333333,272,59.7451121307403,0,0.144843567418495,1.04245900971379,1.05460260434329,0.906994457545426,0.70233413419318,0.506865490949818,0.37162206430392,-0.0968871511547842,-0.235356041048286,-0.279598351458827,-0.15952299392099,0.49646429876936,1401.34400888567,0.532120655560968,0.260120655560968,3380,0.364383561643836
"Painterboy",1981,5,50914.6840977774,3.93548387096774,535.535479148387,354.451612903226,6.56451612903226,-4.61290322580645,0.975806451612903,411.612903225806,73.0716876710208,16.0856302488423,1.66883579096746,1.15516614410983,1.34721131555785,1.3347211998938,1.2262999864775,1.16355306590933,1.03008084820807,0.920694660225785,0.619185918652838,0.488225092263091,0.337792615962104,0.410029543567808,1231.73160204129,0.655457375161073,0.243844471935267,3380,0.364383561643836
"Painterboy",1981,6,52876.79999998,1.26666666666667,733.54666443,311.2,16.3166666666667,-0.533333333333333,7.89166666666667,466.666666666667,124.240448719606,70.9173610358375,-0.378563460021948,1.1172911206695,0.814538565198976,1.11801921453113,1.12565804739959,1.03537700881152,0.964336172507198,0.830623041428262,0.732964814760375,0.438404061274189,0.332397794968871,0.215967350547476,1687.157328189,1.06415456885577,0.597487902189104,3380,0.364383561643836
"Painterboy",1981,7,51940.3355594774,4.03225806451613,571.767745477419,220.516129032258,17.5,1.51612903225806,9.50806451612903,641.290322580645,129.187565513466,82.4286967843018,0.672133392275014,0.198014676734363,1.16561428728962,0.871362836351113,1.1477716465443,1.14987665406658,1.06252569785935,1.0013531918291,0.861210849091396,0.782089554944178,0.521789229569025,0.413658401340752,1315.06581459806,1.1872123202384,0.545921997657756,3380,0.364383561643836
"Painterboy",1981,8,48506.6323084677,1.64516129032258,568.361283090323,139.354838709677,17.0967741935484,-0.548387096774194,8.2741935483871,566.451612903226,116.393302285657,70.1878241132695,-0.582033055835335,0.117778849506574,-0.157153714073991,0.804201405906987,0.614712374708304,0.985692405517385,1.00684516959607,0.920349559061748,0.836705214009902,0.689410335417816,0.612638227148943,0.34290578997276,1307.23095110774,1.09221176616132,0.525760153258099,3380,0.364383561643836
"Painterboy",1981,9,43983.3600260433,1.8,495.68000488,79.2,13.5,-2.53333333333333,5.48333333333333,513.333333333333,79.1010361219377,46.0920913060638,-0.218585380682022,-0.51311261182615,0.0399859335598109,-0.171056601048185,0.648092411260796,0.499227366013514,0.900782566179041,0.930331407482347,0.847160659240318,0.74522277089709,0.608727729465703,0.541559927188175,1140.064011224,0.901667456223137,0.388334122889804,3380,0.364383561643836
"Painterboy",1981,10,39309.2128276161,4.38709677419355,366.761294451613,90.7096774193548,5.58064516129032,-7.58064516129032,-1,357.41935483871,40.0956534280089,0,1.33550025412549,0.741625478401437,0.215859392774449,0.450727191960461,0.210261583696531,0.985660698181559,0.773992676640333,1.09947958785355,1.10041679749014,1.01483134807704,0.919758620568402,0.7882500510752,843.55097723871,0.567817551306385,0.210398196467675,3380,0.364383561643836
"Painterboy",1981,11,35400.9598958367,0.766666666666667,345.38666687,116.4,2.73333333333333,-11.35,-4.30833333333333,278.666666666667,23.9060187235976,0,-0.905619153006673,0.407448743058056,0.280836855312507,-0.0851138475431414,0.28722775422779,0.0793693679082571,0.76256591868765,0.617954685757753,0.957509105762127,0.978959227605081,0.904971676151024,0.807394896986737,794.389333801,0.444145434958952,0.165478768292285,3380,0.364383561643836
"Painterboy",1981,12,33523.20000002,3.83333333333333,274.13333384,159.6,-3.66666666666667,-17.4333333333333,-10.55,185.333333333333,11.1030044907201,0,0.606312329094905,-0.324030514686328,0.603648988981836,0.383803829651529,0.00500605179263569,0.343594532321094,0.144439024221224,0.839622256788077,0.684607895102201,0.998606939037032,1.01452476192105,0.9400993601486,630.506667832,0.274145312334272,0.0888119790009385,3380,0.364383561643836
"Painterboy",1982,1,34548.8514364903,4.12903225806452,329.496776206452,249.677419354839,-6.38709677419355,-21.4838709677419,-13.9354838709677,138.064516129032,6.83605381739295,0,1.44651419673807,1.32688035711047,0.716963991905345,1.28153379827894,0.888422117508183,0.506484396380237,0.643739584619956,0.442116855036254,1.08757295754556,0.905099038614308,1.1499985723504,1.15222430075303,757.84258527484,0.20870237668509,0.0706378605560584,3380,0.364383561643836
"Painterboy",1982,2,37880.228515625,1.32142857142857,492.114287785714,302.428571428571,-3.53571428571429,-23.0892857142857,-13.3125,115.714285714286,11.0271151164038,0,1.17511839228687,1.49521599822435,1.50327657673227,1.10803978947917,1.38326338703748,1.11898186501703,0.823379083879939,0.867531042642265,0.680234871139084,1.22109943804706,1.03439568314025,1.22403948090599,1131.86286190714,0.219578064481103,0.103863778766817,3380,0.364383561643836
"Painterboy",1982,3,42263.5355342742,3.90322580645161,520.15483536129,374.709677419355,-1.37096774193548,-17.9032258064516,-9.63709677419355,176.774193548387,27.2389840793588,0,1.49649688081817,1.54405683128904,1.59414091572873,1.72088418568959,1.5205015439528,1.66600945283582,1.54129415564915,1.32664463750335,1.28585577745018,1.12017410213941,1.48968401539996,1.2980244753882,1196.35612133097,0.294666078874385,0.117891885325998,3380,0.364383561643836
"Painterboy",1982,4,46944.0000000033,1.8,591.893336486667,450.4,1.71666666666667,-13.8166666666667,-6.05,232,46.0751912736771,0,1.4717624855958,1.60120300483792,1.60140057049379,1.63335697677084,1.74988958261159,1.62751722438462,1.71116451310764,1.67399061829777,1.54607009435467,1.51077668573981,1.37935861529317,1.63324938849688,1361.35467391933,0.389193804704622,0.157193804704622,3380,0.364383561643836
"Painterboy",1982,5,50914.6840977774,1.35483870967742,610.787102974194,458.193548387097,7.14516129032258,-4.46774193548387,1.33870967741935,411.612903225806,75.9211580051144,20.1258486490585,1.33880582961547,1.5136180476769,1.57888405425075,1.59592996723319,1.63178251266954,1.78591182603014,1.69040968204785,1.75257231852286,1.76176624971407,1.67798049151184,1.66753856021173,1.5584435915563,1404.81033684065,0.672797550606727,0.261184647380921,3380,0.364383561643836
"Painterboy",1982,6,52876.79999998,0.6,725.866661583333,421.2,14,-2.3,5.85,325.333333333333,112.485288689697,57.3609978765253,1.02091765273976,1.44800109810568,1.5623020353093,1.61098838172162,1.61769736040164,1.65339363065432,1.81050277830326,1.70189701266099,1.76541586608213,1.77997149644556,1.70068720954565,1.71442719825096,1669.49332164167,0.924894263635579,0.599560930302246,3380,0.364383561643836
"Painterboy",1982,7,51940.3355594774,1.48387096774194,664.051612116129,363.870967741935,16.8225806451613,-0.145161290322581,8.33870967741935,292.903225806452,127.404562759736,75.1085138740452,0.580131387741785,1.06849784314027,1.42615266415503,1.59191192133913,1.64378101806396,1.64329164053454,1.69604429991346,1.86888109181877,1.74374444800914,1.81085614996892,1.82970775878704,1.75921690467788,1527.3187078671,1.09700760866227,0.804104382855814,3380,0.364383561643836
"Painterboy",1982,8,48506.6323084677,3.09677419354839,576.929031864516,268,16.5806451612903,1.7741935483871,9.17741935483871,491.612903225806,110.313887020726,75.5349932411213,0.502151282725572,0.62284168750206,1.02524130833055,1.51421420137301,1.71727638320475,1.76811999086561,1.75604975287631,1.81236628209015,2.01853244784434,1.86906419949901,1.93999837708291,1.94736245489714,1326.93677328839,1.16106598773685,0.669453084511042,3380,0.364383561643836
"Painterboy",1982,9,43983.3600260433,2.93333333333333,482.453331503333,195.866666666667,12,-1.43333333333333,5.28333333333333,534.666666666667,71.7819950193124,44.8942692945774,1.04215044078355,0.966048974156623,0.890796762342102,1.20388375936719,1.75004136156597,1.98544784488237,1.9649661979125,1.89365029684256,1.93693377781068,2.08057861191191,1.92689759554779,1.99193357917723,1109.64266245767,0.889216882032478,0.354550215365811,3380,0.364383561643836
"Painterboy",1982,10,39309.2128276161,2,449.754841709677,177.161290322581,7.16129032258065,-7.66129032258065,-0.25,352.258064516129,44.4506187642907,0,0.229566365058423,0.887306225604064,0.908149857717254,0.872228292147339,1.15003057937417,1.72242451315739,1.96196498471898,1.92022603428246,1.85272248144347,1.90398319741012,2.02087091741237,1.87691165804384,1034.43613593226,0.599777595928582,0.247519531412453,3380,0.364383561643836
"Painterboy",1982,11,35400.9598958367,2.6,366.82666537,212.666666666667,-0.916666666666667,-17.1666666666667,-9.04166666666667,188,16.6700566602583,0,1.02285387821771,0.748829823924685,1.10538529867973,1.1384654150587,1.06705659309387,1.29159537121238,1.73911269895563,1.93657819336699,1.90668533210734,1.84536892399228,1.8920798065552,1.96447483460466,843.701330351,0.308777049582322,0.120777049582322,3380,0.364383561643836
"Painterboy",1982,12,33523.20000002,1.3,358.29333343,284.533333333333,-3.45,-21.8166666666667,-12.6333333333333,134.666666666667,9.13931667849425,0,0.461485464124853,1.02172241652885,0.833386549481506,1.14046183290655,1.18579926264838,1.10586419403818,1.34328427316811,1.79674344632818,1.96295080010919,1.91757167440252,1.8542742875951,1.89738461421507,824.074666889,0.232008001630545,0.0973413349638782,3380,0.364383561643836
"Painterboy",1983,1,34548.8514364903,1,389.883871751613,460.387096774194,-2.19354838709677,-23.758064516129,-12.9758064516129,101.935483870968,10.1991235239431,0,0.370614276239284,0.533530702344245,0.936347646188768,0.840011905282481,1.13012711535079,1.1841268043984,1.09128212742962,1.32384994568825,1.70206579602134,1.87054005815033,1.85678301758476,1.81667486138181,896.73290502871,0.225663855291285,0.123728371420317,3380,0.364383561643836
"Painterboy",1983,2,37880.228515625,2.64285714285714,445.828574042857,520,-1.39285714285714,-20.8392857142857,-11.1160714285714,132.857142857143,16.3793297851033,0,0.519851689225696,0.607959052956525,0.690278115246856,0.974906844130637,0.874818648092245,1.10316535243539,1.17218261737735,1.10825969895878,1.3054818315295,1.61223726179136,1.74788785435648,1.75830853834132,1025.40572029857,0.262069938118426,0.129212795261283,3380,0.364383561643836
"Painterboy",1983,3,42263.5355342742,4.03225806451613,449.754836054839,601.548387096774,-0.870967741935484,-14.9838709677419,-7.92741935483871,214.193548387097,30.4382052935893,0,1.28572856042692,1.19899344176672,1.10009609597979,1.18768523650055,1.33703586243235,1.258603353913,1.42779278787611,1.4649029261875,1.38576504795235,1.51900943929335,1.70880465890085,1.77749332725293,1034.43612292613,0.336808912986358,0.122615364599261,3380,0.364383561643836
"Painterboy",1983,4,46944.0000000033,2.7,587.519997153333,689.066666666667,0.25,-15.4,-7.575,218.666666666667,40.2455101471029,0,1.86172327032392,1.70032235315465,1.59295650411641,1.49608499338606,1.59173492333056,1.66155651008882,1.60581028200241,1.74503625310195,1.78073172648803,1.72432088290591,1.80541802840782,1.91284626475093,1351.29599345267,0.346134734005658,0.127468067338991,3380,0.364383561643836
"Painterboy",1983,5,50914.6840977774,3.80645161290323,585.496773996774,797.677419354839,5.82258064516129,-7.51612903225806,-0.846774193548387,358.709677419355,72.075725448443,0,1.71683640881067,1.93207155084785,1.76916955519034,1.6936722983173,1.62331914599109,1.7672986162158,1.82047910645154,1.77186532826625,1.92901773491126,1.99413162183023,1.97333448682608,2.0422106759981,1346.64258019258,0.574221355526486,0.215511678107131,3380,0.364383561643836
"Painterboy",1983,6,52876.79999998,1.7,674.87999878,802.933333333333,13.65,-2.75,5.45,488,110.921481429413,54.5529879241297,1.35118624293545,1.92804343636086,2.03469123506281,1.84899570280952,1.75849888315062,1.68429602842349,1.83482302675354,1.86806103670172,1.82544318286832,1.98837871149851,2.04856231659171,2.05543658453036,1552.223997194,0.899581720347069,0.411581720347069,3380,0.364383561643836
"Painterboy",1983,7,51940.3355594774,1.41935483870968,664.464513964516,728.258064516129,18.4354838709677,1.5,9.96774193548387,611.612903225806,135.216030018366,85.2333228384503,-0.321479306742664,0.622922981269148,1.48354599560068,1.863135105557,1.74647177607465,1.65646441771303,1.59893631381068,1.75289179077134,1.79283221828125,1.74117627802763,1.91210494499022,1.99527950231068,1528.26838211839,1.22442416090812,0.612811257682313,3380,0.364383561643836
"Painterboy",1983,8,48506.6323084677,3.80645161290323,618.735485445161,623.096774193548,18.0483870967742,1.59677419354839,9.82258064516129,630.967741935484,119.061892158928,79.2606158071591,-0.6506896077553,-0.521125689278659,0.122485059063979,1.10918169440097,1.70800017650621,1.68212308731956,1.59459065805976,1.53679438784933,1.70067817207182,1.75401726072345,1.6915057714675,1.86844994134542,1423.09161652387,1.21256353398689,0.581595792051408,3380,0.364383561643836
"Painterboy",1983,9,43983.3600260433,0.4,602.346665446667,557.2,15.25,-3.05,6.1,464,86.7458189547981,49.708105652526,-1.59832594330461,-1.35455698803591,-0.938334331474717,-0.382864565169631,0.474862497108698,1.21907696838956,1.37637213737514,1.31904104232346,1.2808097362879,1.38226054428973,1.44387177797317,1.3971589550661,1385.39733052733,0.941032364360326,0.477032364360326,3380,0.364383561643836
"Painterboy",1983,10,39309.2128276161,0.935483870967742,465.858070612903,536.903225806452,8.75806451612903,-6.29032258064516,1.23387096774194,388.387096774194,48.5747838891676,14.796829002497,-0.872882079944918,-1.82090565386179,-1.55533248557698,-1.08744813886052,-0.540136913012313,0.251186424565226,1.00540279746383,1.21341947110062,1.18050762944545,1.15863358971845,1.2440771441807,1.31124163400961,1071.47356240968,0.667746891512265,0.279359794738071,3380,0.364383561643836
"Painterboy",1983,11,35400.9598958367,4.9,332.2666673,578.666666666667,-0.583333333333333,-13.85,-7.21666666666667,230.666666666667,18.2008766715943,0,1.17980242456298,0.0985332225930245,-0.833780713878695,-1.01509488562043,-0.761364866412531,-0.216778720189096,0.52531684252122,1.16867494820525,1.31467301047565,1.2720079180944,1.24636799673742,1.31136046618096,764.21333479,0.355852012472702,0.125185345806035,3380,0.364383561643836
"Painterboy",1983,12,33523.20000002,9.6,267.839999133333,801.866666666667,-4.16666666666667,-18.9333333333333,-11.55,170.666666666667,9.91309717667484,0,1.9774474737401,2.00463858431143,1.22972362017339,0.0257544900917473,-0.33644025976253,-0.318732787613437,0.163451366670545,0.894131501035891,1.46743267856296,1.51644642110014,1.44473484462059,1.40821299436697,616.031998006666,0.253136823201946,0.0824701565352789,3380,0.364383561643836
"Painterboy",1984,1,34548.8514364903,0.419354838709677,419.819357103226,323.483870967742,-5.75806451612903,-28.4032258064516,-17.0806451612903,69.6774193548387,1.55847251528397,0,1.64351292651905,2.00099935582877,2.30217213141098,1.81557516460682,0.707409474874908,0.300828425053318,0.101929251332398,0.526559757100659,1.19732850238183,1.6693648569474,1.6556019455629,1.57601446278814,965.58452133742,0.160794425579373,0.0911170062245341,3380,0.364383561643836
"Painterboy",1984,2,37956.4137931034,1.68965517241379,491.806896341379,359.724137931034,-3.24137931034483,-25.8103448275862,-14.5258620689655,85.5172413793103,8.64365050388719,0,1.51738898561922,1.74131109108955,2.04781381970129,2.08040387670412,1.80839338811983,1.12598110046679,0.804418849866908,0.504994420045651,0.856941827149629,1.40450938773465,1.7536754251619,1.70778176686947,1131.15586158517,0.198842124880179,0.113324883500869,3380,0.364383561643836
"Painterboy",1984,3,42419.6129032258,3.54838709677419,525.935480919355,437.032258064516,-1.87096774193548,-21.2096774193548,-11.5403225806452,129.032258064516,22.5915417480588,0,1.75207038814689,1.81728543051032,1.82882131310268,2.14499024774725,2.19475822608179,2.03620164173118,1.68074237741162,1.45767218065641,1.14078446621578,1.37497971196868,1.72910616939466,1.91917026690012,1209.65160611452,0.253333050753832,0.124300792689316,3380,0.364383561643836
"Painterboy",1984,4,47082.2399739633,3.96666666666667,576.319997153333,524.266666666667,1.1,-16.8666666666667,-7.88333333333333,177.333333333333,41.82119322638,0,1.84583161490389,1.86961248371837,1.86928325840772,1.8834755098049,2.12538891698717,2.16211393394414,2.05932165649341,1.89360427536435,1.76997798010753,1.54821428347584,1.69750565087757,1.92214261909186,1325.53599345267,0.33796315588696,0.160629822553627,3380,0.364383561643836
"Painterboy",1984,5,51026.1679687452,2.03225806451613,664.567743116129,650.58064516129,10.0967741935484,-7.19354838709677,1.45161290322581,365.161290322581,93.1855202582599,21.3144472818514,-0.0646206887748343,1.11085695073748,1.45264622328241,1.54109149890962,1.60841351487342,1.87118692251884,1.93056622466345,1.80560750381402,1.65456072465327,1.55011909658458,1.35800506952301,1.53656846609564,1528.5058091671,0.678274554850391,0.31311326452781,3380,0.364383561643836
"Painterboy",1984,6,52888.32005206,2.63333333333333,649.06666565,629.333333333333,14.2166666666667,-2.45,5.88333333333333,489.333333333333,113.903739495039,57.5924292541019,1.09819716666718,0.464364379374754,1.23064862552232,1.5015863697241,1.5740998481173,1.63934406682214,1.90434504878532,1.94485420440143,1.82651664836797,1.68739154527442,1.59258541312192,1.43464519097331,1492.853330995,0.927031780403212,0.437698447069879,3380,0.364383561643836
"Painterboy",1984,7,51862.2968750032,3.7741935483871,613.161290322581,568.387096774194,17.741935483871,0.467741935483871,9.10483870967742,619.354838709677,132.317746261647,79.9358158431363,0.267941453446766,0.896317091730745,0.432390178176758,1.14836461143586,1.46456308189016,1.54627531564546,1.63671282557164,1.92880829198158,1.97420315269762,1.83304114065273,1.68062442392148,1.58796066720273,1410.27096774194,1.15539498846556,0.536040149755881,3380,0.364383561643836
"Painterboy",1984,8,48372.8515625,3.67741935483871,584.051610148387,477.677419354839,16.5967741935484,0.790322580645161,8.69354838709677,633.548387096774,111.933893618486,72.6905338508088,0.351206203711061,0.348195270150499,0.808270205585253,0.423382981313336,1.17263911631225,1.53206409811104,1.62053021318346,1.7231448656772,2.06855366240473,2.12269369475119,1.94527178514334,1.75345801865348,1343.31870334129,1.12371833623192,0.490169949135149,3380,0.364383561643836
"Painterboy",1984,9,43822.0800781267,1.36666666666667,554.88000183,414.933333333333,12.4666666666667,-3.43333333333333,4.51666666666667,485.333333333333,75.5010505252588,40.1733242961732,0.286791949614121,0.408508595084543,0.397121481841591,0.762886453185508,0.452529475156169,1.18641562891519,1.56691509684409,1.63746779047236,1.74144118265181,2.02043750964533,2.06377143798395,1.89612910021397,1276.224004209,0.842886008520898,0.357552675187565,3380,0.364383561643836
"Painterboy",1984,10,39164.2837701581,4.32258064516129,407.122578777419,448.516129032258,2.2741935483871,-9.54838709677419,-3.63709677419355,304.516129032258,32.0366583155703,0,2.17132942420559,1.53045574035354,1.42632398351045,1.14005925403423,1.44231973760093,1.18588681726255,1.80000722867363,1.93397820736988,1.91991720187478,1.99222146175448,2.24069982337959,2.26459163925987,936.381931188064,0.467098746263473,0.162582617231215,3380,0.364383561643836
"Painterboy",1984,11,35297.2799479167,1.3,431.040001933333,522.8,-1.55,-18.4833333333333,-10.0166666666667,161.333333333333,15.1225762269059,0,1.07383539449703,2.61402693645216,1.63937588364686,1.56422050733681,1.29419813910438,1.53314427373501,1.32283609590895,1.81601074796169,1.92378190169529,1.90786167300013,1.97328123499503,2.15323278920465,991.392004446666,0.285973367666224,0.124640034332891,3380,0.364383561643836
"Painterboy",1984,12,33511.67994794,3.13333333333333,315.200001776667,573.866666666667,-5.11666666666667,-20.8666666666667,-12.9916666666667,144,7.87631282203836,0,1.18718792623576,1.45895979112638,2.91141981499584,1.85206297195922,1.79856313878548,1.45794826140231,1.70617631764874,1.50832070709719,1.94886005036294,2.00097071317224,1.96904095963546,2.02482114602319,724.960004086334,0.225373838102938,0.0813738381029379,3380,0.364383561643836
"Painterboy",1985,1,34548.8514364903,1.03225806451613,378.21935986129,317.290322580645,-8.06451612903226,-27.1774193548387,-17.6209677419355,83.8709677419355,0.356338616054839,0,1.8485674382212,1.81920591445495,2.0885072935811,2.93669591285613,2.25827558781579,2.18632808953509,1.79078742306725,2.03212131205428,1.81607044678869,2.15699970437904,2.12875596481272,2.08364374103859,869.904527680967,0.153635664239511,0.0697646964975754,3380,0.364383561643836
"Painterboy",1985,2,37880.228515625,2.03571428571429,469.257141932143,375.285714285714,-4.98214285714286,-26.1785714285714,-15.5803571428571,92.8571428571429,5.67882974316091,0,1.84988132439063,1.98082695367214,2.0755021829779,2.08625949068764,2.49152403498482,2.33556446200691,2.28812843389149,2.00387090706649,2.18479695804866,2.01646474171816,2.22636447252502,2.15279879391327,1079.29142644393,0.182259935775124,0.0894027929179812,3380,0.364383561643836
"Painterboy",1985,3,42263.5355342742,4.35483870967742,492.077416203226,420.387096774194,-1.54838709677419,-18.3548387096774,-9.95161290322581,163.870967741935,26.4057556360692,0,1.5773652716067,1.82784143356575,1.87995111570376,2.08967158873365,2.13409837767997,2.40850312397699,2.40614829918093,2.38457660469992,2.21646822495834,2.28870287816491,2.10292080467066,2.20592464566088,1131.77805726742,0.287446772035893,0.123575804293958,3380,0.364383561643836
"Painterboy",1985,4,46944.0000000033,2.6,610.239997863333,524.666666666667,3.78333333333333,-13.4333333333333,-4.825,229.333333333333,53.5647215091358,0,0.96415001568974,1.43729158061949,1.61620178588241,1.70669391610477,1.87476049670429,1.92403388680601,2.1193638473547,2.17199179524473,2.18219944805924,2.09370057009383,2.15492072339359,1.98052318535614,1403.55199508567,0.427166329127768,0.197832995794435,3380,0.364383561643836
"Painterboy",1985,5,50914.6840977774,2.12903225806452,603.4580654,591.096774193548,8.5,-6.11290322580645,1.19354838709677,390.967741935484,84.5189566551445,18.5536648634171,0.755852189860313,0.913200106292062,1.2768572150793,1.46626019929142,1.57408339854259,1.76531641503784,1.82247394759342,1.99431394587486,2.08097451210698,2.134706295825,2.07565024011638,2.1451651696181,1387.95355042,0.665813295677583,0.274845553742099,3380,0.364383561643836
"Painterboy",1985,6,52876.79999998,0.6,743.253331503333,588.533333333333,16.8166666666667,-3.9,6.45833333333333,396,130.074354241432,61.5267958123673,-1.06405312637257,-0.155203112505706,0.298852370658046,0.86023351701474,1.12694332561999,1.29657240412816,1.47897067726916,1.53766381338333,1.74099152880029,1.80873664794144,1.84907623886559,1.80242490620091,1709.48266245767,0.964597484471936,0.568597484471936,3380,0.364383561643836
"Painterboy",1985,7,51940.3355594774,1.41935483870968,610.477419451613,538.709677419355,17.2903225806452,0.241935483870968,8.76612903225806,478.709677419355,129.79523171788,77.8168472399239,0.287673823589498,-0.526476687488968,-0.0424377474184948,0.283804565417657,0.806060875088994,1.077066910133,1.26439280439369,1.45747219489309,1.51607559753211,1.74173539651718,1.81418633816901,1.87282182480561,1404.09806473871,1.12925202727514,0.650542349855782,3380,0.364383561643836
"Painterboy",1985,8,48506.6323084677,0.612903225806452,705.341938632258,458.193548387097,18.2096774193548,-1.11290322580645,8.54838709677419,296.774193548387,123.080963799455,71.8282769273417,-1.51109612760162,-0.635986517778424,-1.01022230156719,-0.595367372956573,-0.230866346246003,0.371371652392772,0.716529008732447,0.968593222639297,1.16449239328542,1.24777105670431,1.537045124417,1.58769973096934,1622.28645885419,1.1127226656686,0.815948472120216,3380,0.364383561643836
"Painterboy",1985,9,43983.3600260433,4.86666666666667,452.26666769,425.733333333333,9.9,-4.25,2.825,400,65.8259723214769,28.8079042470394,1.90418437467769,0.311609636302613,0.347860731396231,-0.224491536366523,-0.0101999836515893,0.253364329767856,0.780506580336474,1.0729689319282,1.28366234025657,1.45755423275377,1.52061717878046,1.772515730408,1040.213335687,0.748132795857647,0.348132795857647,3380,0.364383561643836
"Painterboy",1985,10,39309.2128276161,2.16129032258065,480.000002954839,431.354838709677,7.12903225806452,-7.2258064516129,-0.0483870967741935,363.870967741935,44.2461774394549,0,0.301295585676247,1.4617233719553,0.395101904658375,0.400410642683865,-0.143989835213282,0.0273939727049656,0.283876830878477,0.798023456596534,1.07771471302083,1.28483830131943,1.44119495977361,1.50233272985388,1104.00000679613,0.608636636195324,0.244765668453389,3380,0.364383561643836
"Painterboy",1985,11,35400.9598958367,5.43333333333333,301.54666646,464.933333333333,-1.11666666666667,-13.3,-7.20833333333333,258.666666666667,17.455660681183,0,1.43057206775334,1.09182507819558,1.66775023425352,0.8528928834671,0.759638767794819,0.244411394769045,0.36258943717557,0.557356778571021,0.978920186771821,1.20884478610631,1.38367461165965,1.50651888282566,693.557332858,0.356080855282802,0.0974141886161353,3380,0.364383561643836
"Painterboy",1985,12,33523.20000002,1.86666666666667,394.346667483333,600.533333333333,-5.06666666666667,-24.3666666666667,-14.7166666666667,101.333333333333,5.59097104307399,0,1.39250823155257,1.78287859794465,1.6456053323679,1.92752189171473,1.13713506913138,0.968914294950182,0.466528000143671,0.58501223109808,0.747601958327478,1.11125529200011,1.31474321017076,1.47447996019344,906.997335211666,0.195745493403017,0.094412160069684,3380,0.364383561643836
"Painterboy",1986,1,34548.8514364903,0.935483870967742,343.329033145161,137.032258064516,2.20967741935484,-15.0967741935484,-6.44354838709677,197.41935483871,21.5087385388777,0,-2.13555764179464,-0.533708366436371,0.343632482502463,0.351861927185643,1.31425090834881,0.44395362915542,0.454699203839493,-0.0100823347120199,0.177511070568434,0.388720540908255,0.817514124959651,1.06514216199628,789.65677623387,0.377648691866466,0.180229337027756,3380,0.364383561643836
"Painterboy",1986,2,37880.228515625,10,334.399999342857,230.571428571429,-1.30357142857143,-13.1607142857143,-7.23214285714286,250,20.2218721687642,0,1.10248255328642,-0.505535615019912,0.320699938786673,0.85552952103417,0.787096288231695,1.41441518207709,0.746760308536727,0.682226395900196,0.247098662327481,0.389795938747002,0.559298702792579,0.921895535713261,769.119998488571,0.355427365891497,0.105427365891497,3380,0.364383561643836
"Painterboy",1986,3,42263.5355342742,2.58064516129032,580.541937058064,356.645161290323,5.17741935483871,-10.5806451612903,-2.70161290322581,285.161290322581,49.1883396192614,0,-0.934127601597072,-0.0777444102581508,-0.897837290379927,-0.293008819335819,0.219549182263042,0.224083342006912,0.897135137905142,0.298668848713755,0.328817123885582,-0.0142585674367885,0.160538002150664,0.350783617265816,1335.24645523355,0.500845098309884,0.215683807987303,3380,0.364383561643836
"Painterboy",1986,4,46944.0000000033,5.33333333333333,552.853337603333,434.8,6.55,-7.75,-0.6,356,64.7132803277396,0,0.0795243963683904,-0.459684539269916,0.0749295471446509,-0.540852789118595,-0.114335961008988,0.258364513294321,0.253799632898383,0.783578221864159,0.310533056923033,0.328699167399,0.0322195469602166,0.197456769382049,1271.56267648767,0.584669619190094,0.228669619190094,3380,0.364383561643836
"Painterboy",1986,5,50914.6840977774,2.2258064516129,644.025807041935,495.870967741935,9.96774193548387,-4.51612903225806,2.7258064516129,450.322580645161,90.9331673773781,33.3116979904741,0.180118880297778,0.11736414257365,-0.174327696921795,0.134027120361032,-0.273743266400138,-0.00611651871044041,0.253635016236257,0.253880889047998,0.675669570676367,0.268767162258444,0.286937349890039,0.0444530967174208,1481.25935619645,0.742881874369521,0.29255929372436,3380,0.364383561643836
"Painterboy",1986,6,52876.79999998,1.06666666666667,659.626664226667,445.866666666667,16.1833333333333,1.65,8.91666666666667,654.666666666667,119.987407320244,77.3278411613994,0.117686705773358,0.121611054797353,0.107799883208136,-0.124055171368402,0.115887209789091,-0.202694149607591,0.0194803342708701,0.239876859475799,0.237518630459787,0.601235060043634,0.252941206141403,0.27321218850223,1517.14132772133,1.14080599516259,0.486139328495925,3380,0.364383561643836
"Painterboy",1986,7,51940.3355594774,2.16129032258065,584.361289732258,327.870967741935,16.3548387096774,3.7258064516129,10.0403225806452,696.774193548387,117.0706718852,85.6726786809008,1.87698867189692,1.40876581902443,0.882710218716434,0.646296781856178,0.351471601510268,0.519906732825996,0.236921262509005,0.42986751917266,0.592719398354062,0.587190320947695,0.925781814145729,0.605730336171473,1344.03096638419,1.23039272571379,0.5336185321654,3380,0.364383561643836
"Painterboy",1986,8,48506.6323084677,2.12903225806452,557.109670825806,201.290322580645,17.5645161290323,3.90322580645161,10.7338709677419,650.322580645161,112.075540573657,84.4039822122233,0.103664250332215,1.23323409079428,1.11504141185678,0.778569791420295,0.574850102727753,0.286864013152612,0.45717510831455,0.176327852050843,0.366827866346989,0.534088644007369,0.531071404062725,0.884862421446763,1281.35224289935,1.2887316058978,0.638409025252635,3380,0.364383561643836
"Painterboy",1986,9,43983.3600260433,6.3,409.600000253333,104.4,9.68333333333333,-0.716666666666667,4.48333333333333,578.666666666667,60.9708054404591,39.9629905339175,2.42145994701408,1.79730313541709,1.95369181258783,1.98607724005313,1.82264501591156,1.38386519844078,0.888728014304251,0.993977883823016,0.697193134864605,0.889022789095947,1.02590112743774,1.00415412822519,942.080000582666,0.840920985102358,0.262254318435691,3380,0.364383561643836
"Painterboy",1986,10,39309.2128276161,3.16129032258065,416.41290233871,101.161290322581,6.11290322580645,-5.7741935483871,0.169354838709677,407.741935483871,40.7576525765153,3.62212011103023,1.07150207461952,1.98920850426781,1.8271075044308,1.98660195996506,2.03760951816859,2.06328362490249,1.57964606818375,1.03341730960881,1.11349990311683,0.828189569159079,1.00892905455694,1.13547041700421,957.749675379033,0.618334567566887,0.210592632083016,3380,0.364383561643836
"Painterboy",1986,11,35400.9598958367,4.33333333333333,326.613333253333,143.866666666667,0.6,-11.3833333333333,-5.39166666666667,274.666666666667,20.2810854580127,0,0.622784706716189,1.16958759795255,1.95844852220005,1.80460360318467,1.90253286603127,1.92222412527275,1.91648746877749,1.56315184427352,1.08701517317975,1.15434724068502,0.890280159518892,1.0486178395893,751.210666482666,0.409209779465406,0.134543112798739,3380,0.364383561643836
"Painterboy",1986,12,33523.20000002,1,351.146671543333,186.4,-1.75,-16.0166666666667,-8.88333333333333,186.666666666667,13.9011874375499,0,-0.921479862506788,-0.0636740507430407,0.560587640913646,1.81854271570347,1.68427864360113,1.83918579073949,1.83242555531324,1.76295620506386,1.42311571791989,0.97967102602497,1.06181107650817,0.800986124027585,807.637344549666,0.312629226438877,0.12596255977221,3380,0.364383561643836
"Painterboy",1987,1,34548.8514364903,3.64516129032258,319.483869496774,189.935483870968,-3.46774193548387,-16.9193548387097,-10.1935483870968,175.483870967742,12.7009894925491,0,0.399459642769556,-0.170065230980319,0.150770197320542,0.647895840574575,1.80257796758649,1.66844830731536,1.84056178571452,1.8203166803124,1.67726601004626,1.38211797543169,0.978373804962729,1.06226881316097,734.81289984258,0.282001129259829,0.106517258292087,3380,0.364383561643836
"Painterboy",1987,2,37880.228515625,2.75,424.342861175,273.142857142857,-0.5,-14.3035714285714,-7.40178571428571,212.857142857143,21.4683613818887,0,-0.592899415896191,-0.0216761332260088,-0.401878823590063,-0.0187874516461189,0.386426796593006,1.44506517299958,1.36942239465319,1.62194770221517,1.57897044595164,1.43231343633713,1.19942819325867,0.875804456426077,975.9885807025,0.350802063523142,0.137944920665999,3380,0.364383561643836
"Painterboy",1987,3,42263.5355342742,3.25806451612903,548.748388474194,358.451612903226,2.12903225806452,-15.0161290322581,-6.44354838709677,202.58064516129,38.5916735513887,0,0.492670430837867,0.193533907780972,0.337029591811885,0.0976927047184484,0.29742478398526,0.539447127322822,1.36920680498556,1.31785072717006,1.57146498013618,1.50793130015069,1.3500963709942,1.16469132114259,1262.12129349065,0.377648691866466,0.175068046705176,3380,0.364383561643836
"Painterboy",1987,4,46944.0000000033,1.13333333333333,622.50666809,435.866666666667,8.45,-7.31666666666667,0.566666666666667,373.333333333333,72.5599937002703,9.80111275365081,-1.58487901770756,-0.533650422942561,-0.645478692818444,-0.380989482634928,-0.540715216225136,-0.334977676301888,-0.0398614929221489,0.780873200626254,0.773237019340615,1.09653113946745,1.07321453333925,0.952428149257719,1431.765336607,0.636383972667543,0.26305063933421,3380,0.364383561643836
"Painterboy",1987,5,50914.6840977774,1.54838709677419,592.412903816129,403.483870967742,9.70967741935484,-2.51612903225806,3.59677419354839,469.677419354839,87.0897065532563,40.544615173529,0.480044260842598,-0.438560812571864,-0.0548884150830643,-0.143489493007499,-0.0365923741525741,-0.163713973811916,-0.042632483881973,0.143985552484755,0.766509853589558,0.75150988440243,1.05303349388266,1.05319560094938,1362.5496787771,0.790122847217683,0.320445427862844,3380,0.364383561643836
"Painterboy",1987,6,52876.79999998,1.16666666666667,706.026667276667,335.866666666667,16.7333333333333,2.18333333333333,9.45833333333333,470.666666666667,122.490265143635,80.628082634242,-0.181587741748458,0.17190167591774,-0.414547741522756,-0.124420651362473,-0.190554957134302,-0.0982852643374159,-0.192026081579635,-0.08503218083589,0.0724579931481771,0.619703507168582,0.617988504403972,0.926353536476944,1623.86133473633,1.18324687658022,0.712580209913554,3380,0.364383561643836
"Painterboy",1987,7,51940.3355594774,0.935483870967742,635.35484166129,219.096774193548,18.5,3.93548387096774,11.2177419354839,416.774193548387,131.038965536089,92.6766206368254,0.0865455914701152,-0.0627124469256885,0.121216481301784,-0.361856731491148,-0.128121325442426,-0.17613426440703,-0.107886044849664,-0.184885854626453,-0.0991203799960301,0.049537724895354,0.564578975278295,0.554767876631206,1461.31613582097,1.33086301608598,0.914088822537594,3380,0.364383561643836
"Painterboy",1987,8,48506.6323084677,2.58064516129032,520.567737703226,86.5806451612903,16.5161290322581,3.25806451612903,9.88709677419355,549.677419354839,107.132631240204,79.6291926093683,0.87855227506441,0.508948434136893,0.269653105637901,0.307976026239041,-0.206361142280383,-0.0126481390796248,-0.0654881730347329,-0.00803365650605993,-0.0787207544492383,-0.00248997909362949,0.135571467379379,0.651084576947173,1197.30579671742,1.21782236311845,0.668144943763613,3380,0.364383561643836
"Painterboy",1987,9,43983.3600260433,0.633333333333333,466.239998373333,5.2,14.0833333333333,-0.566666666666667,6.75833333333333,538.666666666667,79.7522249236574,53.4527229819664,-0.512822551563494,0.288677821592493,0.235678398866208,0.083405521087941,0.119893942181274,-0.341680201575891,-0.14801227942585,-0.181492465838801,-0.120948733565832,-0.178288464494203,-0.0985704534580744,0.039243180283172,1072.35199625867,0.984725766306487,0.44605909963982,3380,0.364383561643836
"Painterboy",1987,10,39309.2128276161,1.67741935483871,321.135486477419,0,9.37096774193548,-3.38709677419355,2.99193548387097,468.387096774194,48.8569211200061,27.7191910550872,-0.772708071484168,-0.760622421487048,-0.0396612670242536,0.0291983508288659,-0.0935321246653133,-0.0572304297271636,-0.459051120450175,-0.25143227809608,-0.277135503166987,-0.214629039495104,-0.266852306572735,-0.183846469411982,738.611618898064,0.757043931807234,0.28865683503304,3380,0.364383561643836
"Painterboy",1987,11,35400.9598958367,1.73333333333333,319.786666366667,19.3333333333333,1.11666666666667,-11.6833333333333,-5.28333333333333,268,21.1437782199011,0,-0.142972360945056,-0.688328660897685,-0.666393324779968,-0.0357318756806758,0.0711482567512358,-0.0415532241842428,-0.013340208765364,-0.416958087888089,-0.221927322495324,-0.249200575964805,-0.190335106394339,-0.234601486330167,735.509332643334,0.412589822236662,0.144589822236662,3380,0.364383561643836
"Painterboy",1987,12,33523.20000002,3.33333333333333,253.75999984,65.7333333333333,-4.55,-15.8833333333333,-10.2166666666667,204,10.5372452420622,0,0.62272417585727,0.305577933030542,-0.377838045112923,-0.451652039588721,0.0559748115338927,0.135280304800161,0.0279781183507379,0.0626744230452429,-0.348873237771026,-0.161238001490461,-0.190086580837064,-0.133003543802435,583.647999632,0.281485610673594,0.0774856106735942,3380,0.364383561643836
"Painterboy",1988,1,34548.8514364903,5.03225806451613,318.864516229032,298.322580645161,-5.43548387096774,-17.5483870967742,-11.491935483871,166.451612903226,9.9951316657741,0,1.1244137185271,1.10813501596209,0.886223129785923,0.315483226890194,0.0125203086148278,0.404798698031343,0.347652196274559,0.235899208009763,0.27623646395936,-0.158411091172333,0.0061532636421602,-0.0278527334358918,733.388387326774,0.254316223872023,0.0878646109687966,3380,0.364383561643836
"Painterboy",1988,2,37956.4137931034,1.86206896551724,479.889653175862,415.034482758621,0.379310344827586,-15.2931034482759,-7.45689655172414,193.103448275862,22.7542860756429,0,-1.15021505981823,0.249234436485925,0.471410296335369,0.376852430390719,-0.0478215756018608,-0.299191734225139,0.10599617902618,0.132403389287172,0.0562834654342835,0.117614581930938,-0.255208162790928,-0.0843930960380051,1103.74620230448,0.349311040742672,0.15620759246681,3380,0.364383561643836
"Painterboy",1988,3,42419.6129032258,2.61290322580645,529.445158929032,473.41935483871,0.338709677419355,-15.3064516129032,-7.48387096774194,198.709677419355,33.4878262783258,0,0.926448293107878,0.397580824394741,0.733973310320695,0.857360742196701,0.797337169690724,0.48773534497332,0.242969592463551,0.510912702730307,0.431954030479541,0.365739798944673,0.389755359732984,0.0250321577753244,1217.72386553677,0.348583306431593,0.149873629012238,3380,0.364383561643836
"Painterboy",1988,4,47082.2399739633,2.53333333333333,588.693332926667,520.933333333333,6.98333333333333,-7.5,-0.258333333333333,357.333333333333,66.4204886529232,0,-0.511582854527562,0.432512547693923,0.11179953944855,0.422701868463975,0.535511037370068,0.504188147142053,0.2627283538906,0.0629393818790779,0.308913561044327,0.270348808865112,0.231884681610103,0.282875383005579,1353.99466573133,0.599413896578361,0.242080563245028,3380,0.364383561643836
"Painterboy",1988,5,51026.1679687452,1,636.490321990323,540.645161290323,9.64516129032258,-3.43548387096774,3.10483870967742,411.612903225806,88.0118538993254,36.5315143471891,0.343395312706967,-0.0544244336872115,0.419445452312706,0.229011740521595,0.434883548033169,0.533119572704894,0.499513940734864,0.317456259481023,0.150434864404934,0.322682700666707,0.284895459321749,0.263925086567884,1463.92774057774,0.763123931362826,0.35151102813702,3380,0.364383561643836
"Painterboy",1988,6,52888.32005206,1.36666666666667,669.013334146667,462.4,17.6333333333333,3.03333333333333,10.3333333333333,522.666666666667,126.639270399288,85.8454847335696,-0.638289821501595,-0.182314362424826,-0.316829445348769,0.124704363537189,-0.0291540556307013,0.182032215971122,0.282379421091413,0.259745645296463,0.106739072568434,-0.046518039282784,0.118230786121721,0.109060737995091,1538.73066853733,1.25474955487144,0.732082888204769,3380,0.364383561643836
"Painterboy",1988,7,51862.2968750032,1.32258064516129,671.896780687097,330.193548387097,19.3870967741935,4.75806451612903,12.0725806451613,496.774193548387,135.197715293348,97.6276643780986,-0.329749094498138,-0.612251363621875,-0.324359089799823,-0.420297382918861,-0.0387281651165283,-0.156791827063956,0.027784798623459,0.119119934080086,0.096213876423036,-0.0202726947730319,-0.149414411233711,-0.0107399506119864,1545.36259558032,1.40826614934764,0.91149195579925,3380,0.364383561643836
"Painterboy",1988,8,48372.8515625,0.580645161290323,590.967737506452,188.774193548387,18.5806451612903,4.90322580645161,11.741935483871,522.58064516129,116.103500969909,89.9475091804871,-0.686486852750107,-0.543595119765343,-0.768655569275758,-0.558488092724231,-0.605684740712097,-0.255677920838965,-0.357425019469796,-0.177489071448827,-0.0938224304131445,-0.109548563938718,-0.209534169069934,-0.321326504892287,1359.22579626484,1.37786968023835,0.855289035077059,3380,0.364383561643836
"Painterboy",1988,9,43822.0800781267,2.73333333333333,489.81333262,79.3333333333333,12.9833333333333,-0.933333333333333,6.025,474.666666666667,75.4094246961327,49.2742130008214,0.509021402851118,-0.144817693618125,-0.235430720829837,-0.507282686046824,-0.427660359464658,-0.526321214792457,-0.197354346577765,-0.287260694422274,-0.115755658473695,-0.0236575349357413,-0.0366340230534797,-0.134945771012505,1126.570665026,0.936165009735707,0.46149834306904,3380,0.364383561643836
"Painterboy",1988,10,39164.2837701581,0.451612903225806,375.535484558065,24.5161290322581,10.1129032258065,-1.69354838709677,4.20967741935484,539.354838709677,49.7521842690669,35.3080310278307,-1.23119743620153,-0.206006632076232,-0.604727925537043,-0.517874534760532,-0.722016848136065,-0.629634490933674,-0.688865889281018,-0.356914227364352,-0.435556792491053,-0.264048022661229,-0.170628869511094,-0.176097545150004,863.731614483549,0.824941348874223,0.285586510164546,3380,0.364383561643836
"Painterboy",1988,11,35297.2799479167,5.1,270.826666126667,41.0666666666667,-1.75,-11.7333333333333,-6.74166666666667,285.333333333333,16.4974334893287,0,1.54848821481135,0.134136762695009,0.520229533613876,0.0689146515891281,-0.0523641691442404,-0.328247489917287,-0.303817030492946,-0.425353661196937,-0.106710036578663,-0.196375406561374,-0.0353258379481261,0.0616149325957497,622.901332091334,0.369106975524893,0.0837736421915601,3380,0.364383561643836
"Painterboy",1988,12,33511.67994794,4.16666666666667,294.400001013333,129.6,-2.95,-15.6,-9.275,188,12.5149108670944,0,0.328350050774307,1.3115917223956,0.219273659614466,0.521980447808401,0.0718856062540815,-0.0417459321618129,-0.303687996179441,-0.271662440954724,-0.390929677620243,-0.0784593199760783,-0.167807657274655,-0.00881241752431106,677.120002330666,0.3031771934896,0.1151771934896,3380,0.364383561643836
"Painterboy",1989,1,34548.8514364903,2.51612903225806,337.238711451613,175.354838709677,-2.7741935483871,-17.758064516129,-10.2661290322581,162.58064516129,13.2769542659556,0,0.0427971882516123,0.250739250561176,0.999719644202182,0.206562732547947,0.432803466335489,0.0295089342357997,-0.090461582549646,-0.316948299845074,-0.247757601725067,-0.365394848495863,-0.0665231250579903,-0.151880039087621,775.64903633871,0.280385459731331,0.117804814570041,3380,0.364383561643836
"Painterboy",1989,2,37880.228515625,5.96428571428571,397.714287625,329.857142857143,-2.19642857142857,-14.8928571428571,-8.54464285714286,215.714285714286,18.3264509736782,0,0.767277307520442,0.586762050937161,0.62570244628607,1.10505907640554,0.539260824050628,0.621598853417206,0.282312243537561,0.0964010878560495,-0.131167409633022,-0.0897951921422709,-0.219508461470172,0.0594904565546656,914.7428615375,0.321013424570051,0.105299138855765,3380,0.364383561643836
"Painterboy",1989,3,42263.5355342742,2.70967741935484,532.954838906452,419.483870967742,4.74193548387097,-9.19354838709677,-2.2258064516129,327.741935483871,47.7141030484026,0,-0.712037629451617,-0.133094103155461,-0.0401194151120099,0.0636473949684833,0.547953836388402,0.109705868296004,0.231905318298314,-0.0382092770586423,-0.144278520190512,-0.296354950897624,-0.21083191255254,-0.301416678921878,1225.79612948484,0.518826023783238,0.191084088299367,3380,0.364383561643836
"Painterboy",1989,4,46944.0000000033,2,594.666667176667,469.2,7.28333333333333,-5.58333333333333,0.85,422.666666666667,66.5593098801093,13.0636791092763,-0.604615600940315,-0.815858771597182,-0.345068924576832,-0.256252710277619,-0.145107640792956,0.263118736239914,-0.076353904856176,0.023182115862911,-0.198274620836459,-0.266452765808517,-0.390850492904985,-0.280143433628787,1367.73333450633,0.649539254305025,0.226872587638358,3380,0.364383561643836
"Painterboy",1989,5,50914.6840977774,1.41935483870968,633.909684209677,454.322580645161,11.1935483870968,-1.74193548387097,4.7258064516129,491.612903225806,94.3086337513293,49.1988252307293,-0.243348677632797,-0.469471684355735,-0.588310958514274,-0.330862856638492,-0.277664097375853,-0.204375092378583,0.0995081324102296,-0.148671389244864,-0.0880460113083839,-0.278171774780928,-0.332554539565322,-0.432547547038914,1457.99227368226,0.855307890268499,0.363694987042693,3380,0.364383561643836
"Painterboy",1989,6,52876.79999998,0.466666666666667,695.4666626,383.466666666667,15.2333333333333,1.03333333333333,8.13333333333333,438.666666666667,115.125967893454,72.4496002851545,0.666372244085227,0.126848152687147,-0.128406263472757,-0.260654989303046,-0.0847977035795692,-0.0586059560210593,0.00435389145613026,0.245354011730514,0.0293125639501216,0.0681932671538839,-0.0887764134155185,-0.169617327648015,1599.57332398,1.08180508039988,0.643138413733214,3380,0.364383561643836
"Painterboy",1989,7,51940.3355594774,2.83870967741935,616.567743116129,254.58064516129,20.5,5.66129032258065,13.0806451612903,467.096774193548,140.758051239476,103.3368236787,-0.730194628708613,-0.150430943363225,-0.292455136709279,-0.419611516376693,-0.485930185504392,-0.327763116499748,-0.301558059158049,-0.246363021442675,-0.0301320354037343,-0.197311039650696,-0.154384810127405,-0.298788358173208,1418.1058091671,1.50461186858798,1.03751509439443,3380,0.364383561643836
"Painterboy",1989,8,48506.6323084677,2.32258064516129,547.509678009677,118.58064516129,16.8225806451613,3.43548387096774,10.1290322580645,670.967741935484,108.593386766879,81.0051685985449,0.637873596748804,-0.19120731663504,0.0863274207514565,-0.165187161957185,-0.317940311669059,-0.396044379968079,-0.25461368656295,-0.2348986118446,-0.183548318954221,0.0171671943554602,-0.143813593776898,-0.0970542481253391,1259.27225942226,1.23772244787334,0.566754705937852,3380,0.364383561643836
"Painterboy",1989,9,43983.3600260433,1.7,467.52000224,19.7333333333333,15.2666666666667,0.883333333333333,8.075,636,83.2597757450886,60.6389800945697,-0.899411782330799,-0.109311375580035,-0.438518231725407,-0.182334976436354,-0.389202238310575,-0.515140939399377,-0.572418199971225,-0.426286067978542,-0.400620379598142,-0.339267302858395,-0.141848143401106,-0.284977466437706,1075.296005152,1.07752112647011,0.44152112647011,3380,0.364383561643836
"Painterboy",1989,10,39309.2128276161,1.70967741935484,368.722581432258,7.2258064516129,8.03225806451613,-5.58064516129032,1.2258064516129,433.548387096774,46.1803512693882,14.7282274300442,-0.185982974656817,-0.725000415552947,-0.16200329397664,-0.458429961258853,-0.213865898605164,-0.432463473458207,-0.547154459092239,-0.591830161663267,-0.445482205146337,-0.421202140074004,-0.356327001593509,-0.158939784574526,848.061937294193,0.667359774708996,0.233811387612222,3380,0.364383561643836
"Painterboy",1989,11,35400.9598958367,2.63333333333333,309.54666621,30.6666666666667,2.06666666666667,-10.2666666666667,-4.1,301.333333333333,22.7169344649778,0,-0.288733784676172,-0.417485253837998,-0.709264513716718,-0.201782546781387,-0.445928190268518,-0.189900477858189,-0.402163041046807,-0.524758131630631,-0.579880927451339,-0.434736595616141,-0.412572262159552,-0.340042569543296,711.957332283,0.451159790438906,0.149826457105573,3380,0.364383561643836
"Painterboy",1989,12,33523.20000002,1.53333333333333,282.346666463333,107.066666666667,-3.13333333333333,-15.2333333333333,-9.18333333333333,198.666666666667,12.3714353026095,0,-0.35543272797745,-0.40910871857646,-0.564432228696879,-0.816362281027591,-0.363172189597353,-0.541495159889988,-0.277949700919116,-0.454849089635298,-0.56012143572868,-0.610059722451253,-0.467102806814418,-0.443138885815816,649.397332865666,0.30536625682881,0.106699590162143,3380,0.364383561643836
"Painterboy",1990,1,34548.8514364903,2.35483870967742,337.238708990323,269.548387096774,-3.48387096774194,-16.1774193548387,-9.83064516129032,180.645161290323,12.9265596640417,0,0.0836967108552489,-0.0868864114874421,-0.294722574372679,-0.426095835437187,-0.759902002106745,-0.36563976723049,-0.545352097518188,-0.28553028234451,-0.414524005253865,-0.522497623864075,-0.571286533833716,-0.434659665633043,775.649030677743,0.290204564133387,0.109559402843064,3380,0.364383561643836
"Painterboy",1990,2,37880.228515625,3.35714285714286,441.028574535714,359,-1.57142857142857,-14.8035714285714,-8.1875,205.714285714286,19.4310309710305,0,0.0368254869755492,0.141115442273968,-0.0107421824173124,-0.115291368129233,-0.249467334092511,-0.639767418144578,-0.298255923628561,-0.501775276527394,-0.24538489215231,-0.370764774660317,-0.474195070264953,-0.524349623288989,1014.36572143214,0.330070716681428,0.124356430967142,3380,0.364383561643836
"Painterboy",1990,3,42263.5355342742,2.54838709677419,505.496780883871,443.483870967742,3.04838709677419,-9.80645161290323,-3.37903225806452,308.387096774194,42.4334058792444,0,-0.0352663765725351,0.0100171700211105,0.08648267778632,-0.00243196487783178,-0.0786067540675207,-0.182809795128959,-0.54019138053936,-0.266335225834825,-0.473114231240668,-0.219471671545463,-0.317047148868176,-0.410297915536412,1162.6425960329,0.476200081469558,0.167812984695364,3380,0.364383561643836
"Painterboy",1990,4,46944.0000000033,4.53333333333333,552.533333333333,483.6,6.53333333333333,-6.51666666666667,0.00833333333333333,380,64.0067065364537,0.492760884816835,0.0679950219123837,0.10737602226072,0.126357905063186,0.147211407702599,0.0910961965077064,0.0326717116774516,-0.0600023686935473,-0.380829995963433,-0.166604759056967,-0.383930404574337,-0.156475103766502,-0.242659960793054,1270.82666666667,0.611149805224439,0.231149805224439,3380,0.364383561643836
"Painterboy",1990,5,50914.6840977774,1.41935483870968,667.251614477419,542.838709677419,10.258064516129,-4.5,2.87903225806452,433.548387096774,92.4750721119226,34.6281024116256,-0.0546846171268693,-0.0315458483191186,0.0363305120508233,0.0653897501673828,0.0869353533963139,0.0474919760011059,-0.00487564357645338,-0.0683919287328906,-0.333067575090986,-0.189771632188962,-0.375751487597402,-0.182702867152571,1534.67871329806,0.751006856968478,0.317458469871705,3380,0.364383561643836
"Painterboy",1990,6,52876.79999998,0.666666666666667,675.51999817,487.333333333333,18,2.71666666666667,10.3583333333333,642.666666666667,129.684110735542,85.9926165187675,-1.02084280338262,-0.665335423537733,-0.472077518873494,-0.352508791268648,-0.309607667203196,-0.261504375505925,-0.283728362048605,-0.31315910058753,-0.346647365739146,-0.564186655948151,-0.434809511565157,-0.566591770924858,1553.695995791,1.25684724249749,0.614180575830827,3380,0.364383561643836
"Painterboy",1990,7,51940.3355594774,2.48387096774194,607.380644767742,354.064516129032,17.6290322580645,3.90322580645161,10.7661290322581,680,125.230219081968,90.0167665227948,0.961825486493197,-0.0885525082664688,-0.167695095848335,-0.139526776825402,-0.0787253700903963,-0.0484119711048486,-0.0307220030242988,-0.0460936054518978,-0.082037588053184,-0.11756967942865,-0.309960599286595,-0.213039533031285,1396.97548296581,1.29150336031065,0.61150336031065,3380,0.364383561643836
"Painterboy",1990,8,48506.6323084677,0.806451612903226,615.638710267742,232.774193548387,17.741935483871,3.58064516129032,10.6612903225806,561.290322580645,113.817826375228,83.9991280617528,-0.340281224978203,0.426249123010358,-0.265883025354472,-0.335059970574162,-0.285263719428014,-0.218842598357941,-0.186788902385635,-0.164913861718609,-0.180798235791636,-0.211074106514393,-0.237788346729381,-0.4072983756217,1415.96903361581,1.28251430893207,0.721223986351425,3380,0.364383561643836
"Painterboy",1990,9,43983.3600260433,2.26666666666667,485.86666616,108.4,16.1,2.23333333333333,9.16666666666667,582.666666666667,85.1997676751225,66.3402987656867,-1.10897388276982,-0.87223984639437,-0.0445808990478035,-0.523438564537032,-0.580744049627835,-0.526081498639663,-0.447096705285906,-0.399110010284492,-0.369591583568785,-0.371513805556777,-0.389539241354755,-0.405514156834922,1117.493332168,1.1602242939948,0.577557627328129,3380,0.364383561643836
"Painterboy",1990,10,39309.2128276161,2.96774193548387,406.0903244,82.7096774193548,7.83870967741935,-5.32258064516129,1.25806451612903,430.967741935484,45.48485415758,15.0018550561716,0.216395097812853,-0.648321459680966,-0.686289397260213,0.0157295052655563,-0.452664280539069,-0.552193470669585,-0.502585764577334,-0.416707159776168,-0.367527696026086,-0.340911671391588,-0.339248215447326,-0.356403646563451,934.00774612,0.668909436242208,0.237941694306724,3380,0.364383561643836
"Painterboy",1990,11,35400.9598958367,3.53333333333333,320.639998876667,146,2.26666666666667,-10.2666666666667,-4,300,23.0675411932012,0,-0.169959505680321,-0.0636463020139661,-0.59004687931543,-0.65085504520254,0.0518827671939102,-0.404488657203125,-0.503059980445411,-0.464289731307357,-0.389581166759866,-0.342427496687194,-0.318675934910851,-0.309396807680486,737.471997416334,0.454561515110225,0.154561515110225,3380,0.364383561643836
"Painterboy",1990,12,33523.20000002,3.7,301.119998553333,218.4,-5.9,-18.8333333333333,-12.3666666666667,162.666666666667,8.06509886592529,0,1.26521153581837,0.732225951974683,0.564384204541108,-0.129803623857657,-0.300569656825425,0.256587561395815,-0.204510286015773,-0.334395013377362,-0.313049415949432,-0.251842065183845,-0.20838477130849,-0.188673027831093,692.575996672666,0.237057499310424,0.0743908326437571,3380,0.364383561643836
"Painterboy",1991,1,34548.8514364903,1.54838709677419,367.587095693548,259.225806451613,-3.90322580645161,-18.0967741935484,-11,153.548387096774,11.6633329442194,0,0.181200335365644,0.851201734804944,0.614970161391515,0.543870688162406,-0.114834612967312,-0.275937063924949,0.222356581626677,-0.198802583855784,-0.285416722358182,-0.272714157400572,-0.215318603200461,-0.174616726054802,845.45032009516,0.264506590091639,0.110958202994865,3380,0.364383561643836
"Painterboy",1991,2,37880.228515625,2.07142857142857,465.257144928571,289.857142857143,1.10714285714286,-14.2678571428571,-6.58035714285714,212.857142857143,24.4473052756816,0,-1.53944738363606,-0.805661455393184,0.0622131191335221,0.00467359729906964,0.0136856287462913,-0.515805227048893,-0.609693007230421,-0.0516904873654669,-0.405601273421875,-0.442410770218341,-0.401705440180158,-0.332325105594919,1070.09143333571,0.373707242426368,0.160850099569225,3380,0.364383561643836
"Painterboy",1991,3,42263.5355342742,6.90322580645161,479.174191383871,465.290322580645,0.419354838709677,-14.3225806451613,-6.95161290322581,214.193548387097,34.18397771523,0,1.22065818753652,0.571069340910912,0.55529786103625,0.84648523330611,0.780315615564632,0.71160077049734,0.27073408524411,0.126783395774077,0.410227050623207,0.0778385963356173,-0.0184065978634559,-0.022019349599395,1102.1006401829,0.36319516629393,0.149001617906833,3380,0.364383561643836
"Painterboy",1991,4,46944.0000000033,4.1,543.573332723333,601.2,4.23333333333333,-10.7833333333333,-3.275,277.333333333333,56.0015258962559,0,0.880550645812676,1.21840803558428,0.856456582031111,0.799007876518966,0.997625841716403,0.954965186947139,0.889272774930344,0.583974744782211,0.467873473741903,0.634390367261299,0.345320791728165,0.23529937476356,1250.21866526367,0.4799133857449,0.202580052411567,3380,0.364383561643836
"Painterboy",1991,5,50914.6840977774,0.870967741935484,632.980645948387,653.161290322581,9.37096774193548,-3.62903225806452,2.87096774193548,480,86.7585432189662,34.5593353831122,0.448306561608783,0.694093285807738,1.00945667288304,0.775744242473533,0.748088631898015,0.931221134343846,0.891431106819453,0.842060038168261,0.596032665355883,0.487215822784121,0.629942994477552,0.392901708995859,1455.85548568129,0.750577272956315,0.270577272956315,3380,0.364383561643836
"Painterboy",1991,6,52876.79999998,2.06666666666667,658.45333252,595.066666666667,14.5333333333333,1.25,7.89166666666667,620,110.310434231048,70.9173610358375,1.4692585478818,0.99393778239746,1.01243249816419,1.17529400467204,0.955306918627625,0.922230553805464,1.10549188657925,1.0625872846997,1.01418836720678,0.812411230389964,0.731202523586194,0.843537201103159,1514.442664796,1.06415456885577,0.444154568855771,3380,0.364383561643836
"Painterboy",1991,7,51940.3355594774,2.93548387096774,623.277419551613,480.645161290323,18,3.33870967741935,10.6693548387097,651.612903225806,128.988957811426,89.4426021079879,0.564193822213503,1.36889885073386,1.00911082303835,1.02521888879612,1.18212523632427,0.961767397818487,0.930736345285279,1.11967472230052,1.06730765413217,1.03265283600115,0.850698253219261,0.766908235989602,1433.53806496871,1.283203812386,0.631590909160199,3380,0.364383561643836
"Painterboy",1991,8,48506.6323084677,1.64516129032258,614.709677419355,358.58064516129,17.1935483870968,3.75806451612903,10.4758064516129,720,110.140221377085,82.960832264508,0.316359578608758,0.516975148318324,1.1863319483611,0.988562974077847,1.02935404829268,1.20574617145481,0.961065323051862,0.928172322875661,1.13161493103697,1.07490502118394,1.03648759892064,0.842994642966809,1413.83225806452,1.26674554685519,0.546745546855193,3380,0.364383561643836
"Painterboy",1991,9,43983.3600260433,2.3,533.440000913333,251.066666666667,13.4666666666667,0.1,6.78333333333333,592,76.256599433656,53.5927716320475,0.314351946010581,0.402858558772403,0.53393422763951,1.05267286932827,0.985115316575567,1.04779867440678,1.22969701540406,0.972206763583204,0.937513560008129,1.11526676701833,1.06138304160239,1.02819140429824,1226.91200210067,0.986419747928836,0.394419747928836,3380,0.364383561643836
"Painterboy",1991,10,39309.2128276161,2.70967741935484,418.374192270968,199.612903225806,8.90322580645161,-3.79032258064516,2.55645161290323,485.161290322581,47.7125225005827,24.7952330490876,-0.29967738979467,0.147492264530136,0.240412488726142,0.420063183160594,0.894084866328292,0.855599074154086,0.946333114154714,1.14647252509749,0.906956569423787,0.881704458765594,1.04680807969691,1.00004428411928,962.260642223226,0.733992271130168,0.248830980807587,3380,0.364383561643836
"Painterboy",1991,11,35400.9598958367,4.6,316.373336286667,288.933333333333,-1.35,-12.3833333333333,-6.86666666666667,261.333333333333,17.1472658764574,0,1.32916321292343,0.598676281480813,0.670518681604113,0.697702323747927,0.753302300454628,1.14197508310121,1.09950216998007,1.14357138526914,1.27478286086298,1.04545819352168,1.01369163406077,1.15439849857233,727.658673459334,0.365576914337662,0.104243581004329,3380,0.364383561643836
"Painterboy",1991,12,33523.20000002,1.13333333333333,378.986664836667,379.6,-1.23333333333333,-15.4333333333333,-8.33333333333333,188,14.7241206681207,0,-1.10308450041049,0.382630673248303,-0.0505399845003512,0.242731684481302,0.333554921905592,0.519431196209294,0.953120436000861,0.909550843869154,0.983765482777359,1.15100294983989,0.935652566778707,0.910457423535485,871.669329124334,0.326345201139899,0.138345201139899,3380,0.364383561643836
"Painterboy",1992,1,34548.8514364903,0.903225806451613,371.819354390323,256,-1.79032258064516,-16.4193548387097,-9.10483870967742,171.612903225806,15.1409703974815,0,-0.743440652697049,-1.08815934127775,-0.155615000297422,-0.367403125366758,-0.104444367430748,0.0414923028448791,0.284817985336043,0.732097722238547,0.707440017353512,0.810519364058608,1.01390239506058,0.826388453144609,855.184515097743,0.307251938972713,0.135639035746907,3380,0.364383561643836
"Painterboy",1992,2,37956.4137931034,2.62068965517241,411.034483282759,299.448275862069,-0.0689655172413793,-13.6379310344828,-6.85344827586207,216.551724137931,22.4075876352184,0,-0.864146454333184,-1.09291291523838,-1.32789400151546,-0.391389183895666,-0.519010393235884,-0.324103805424283,-0.157921942353558,0.121553124574644,0.558125898187048,0.544247310575835,0.662516926066628,0.884321563195681,945.379311550346,0.365948782408299,0.149397058270368,3380,0.364383561643836
"Painterboy",1992,3,42419.6129032258,4.06451612903226,505.806449645161,389.548387096774,3.75806451612903,-10.258064516129,-3.25,281.290322580645,44.7051140206872,0,-0.130604311040716,-0.465458280364992,-0.623639435674632,-0.887440856011973,-0.328030035915277,-0.432261040617687,-0.32359988893521,-0.18794531797087,0.0487511957644353,0.470258278021961,0.469894765091532,0.590461461851954,1163.35483418387,0.480809554464797,0.199519231884152,3380,0.364383561643836
"Painterboy",1992,4,47082.2399739633,2.1,596.90666504,445.333333333333,9.05,-4.36666666666667,2.34166666666667,441.333333333333,73.4031451090725,26.7888668412593,-1.56702025395513,-1.07256243646397,-1.25449225103704,-1.29257665836671,-1.38816775734541,-0.894438677600928,-0.886226161637618,-0.785076605682084,-0.643338840218006,-0.330004977584273,0.0963794965353189,0.158540388290052,1372.885329592,0.722853566591675,0.281520233258342,3380,0.364383561643836
"Painterboy",1992,5,51026.1679687452,3.48387096774194,594.580642209677,407.225806451613,11.4193548387097,-1.2258064516129,5.09677419354839,539.354838709677,94.7799015927266,51.9054323404223,-0.0791860734949865,-0.80190363214161,-0.63236955486376,-0.773790539824774,-0.856537790796979,-0.983450753151821,-0.663538172598893,-0.682714878125979,-0.643862905907797,-0.559440773582614,-0.338703922129789,0.0292465164316507,1367.53547708226,0.877740304149636,0.338385465439959,3380,0.364383561643836
"Painterboy",1992,6,52888.32005206,1.26666666666667,649.919999186667,336.666666666667,14.6333333333333,1.25,7.94166666666667,626.666666666667,110.940364817746,71.2354849562509,1.29598296202625,0.55934999651426,-0.136067719754508,-0.09693568737967,-0.203863959500878,-0.292166893482792,-0.411987654449063,-0.179729814226028,-0.240616838537765,-0.233342795342285,-0.178123985365007,-0.0476635357794558,1494.81599812933,1.0677854012978,0.441118734631137,3380,0.364383561643836
"Painterboy",1992,7,51862.2968750032,2.90322580645161,589.832260132258,226.58064516129,16.1935483870968,3.17741935483871,9.68548387096774,701.935483870968,117.336497689418,83.5157656180728,1.93084050098473,2.23304620201295,1.26507982290825,0.45929205381545,0.387818795927703,0.282123248788737,0.180090471232712,0.0907053223024046,0.259186378914376,0.193313489818027,0.202238397046559,0.23219242871493,1356.61419830419,1.2014549341624,0.499519450291435,3380,0.364383561643836
"Painterboy",1992,8,48372.8515625,3.54838709677419,484.335484164516,98.3225806451613,16.2096774193548,3.29032258064516,9.75,756.129032258065,105.231631895855,78.8451227643482,1.25887641880383,1.83781023157305,2.47931956453846,1.66499498311861,0.713251793781525,0.576869302183193,0.453693574704917,0.343798746799104,0.264512514428479,0.421679781786389,0.349179034883876,0.365754820527756,1113.97161357839,1.20667128552116,0.450542253263096,3380,0.364383561643836
"Painterboy",1992,9,43822.0800781267,1.66666666666667,444.693329366667,11.6,14.1,0.7,7.4,646.666666666667,78.2668843287475,57.0014279750672,-0.105157169461854,0.778077043398325,1.36221341717386,1.79068420944133,1.45969098647239,0.623576844106405,0.505610425259916,0.394419462514461,0.288759646550763,0.214080548061385,0.370124245384934,0.305746356563081,1022.79465754333,1.02902761199781,0.382360945331147,3380,0.364383561643836
"Painterboy",1992,10,39164.2837701581,2.61290322580645,323.303227945161,0.774193548387097,9.51612903225806,-2.67741935483871,3.41935483870968,512.258064516129,48.7456658860171,30.4703574395033,-0.544369184262248,-0.299481052962197,0.480247228566179,1.13105609289357,1.50452700998885,1.25029618424971,0.492660421891864,0.411184904738618,0.313252789366976,0.215583948513368,0.142835524038855,0.301013807642709,743.59742427387,0.780289625956793,0.268031561440664,3380,0.364383561643836
"Painterboy",1992,11,35297.2799479167,3.53333333333333,339.51999842,98,-2.95,-14.6166666666667,-8.78333333333333,217.333333333333,14.5414707101642,0,1.62043302021731,0.65857380017963,0.489664297332261,0.978787907526397,1.38638636853362,1.67781396899981,1.49376531314146,0.789446388605952,0.653282244523323,0.54237357422881,0.437716523657584,0.37244418387006,780.895996366,0.315084174313803,0.0977508409804704,3380,0.364383561643836
"Painterboy",1992,12,33511.67994794,4.06666666666667,287.466666283333,164.4,-4.48333333333333,-16.45,-10.4666666666667,180,10.4707100496063,0,0.816955066423831,1.59607918993863,0.938819232861942,0.646182061850346,1.10344249414678,1.49236436718674,1.79616910944728,1.60988939745307,0.884348024467463,0.723707362756191,0.608428848076904,0.503588146063547,661.173332451666,0.275964213387076,0.0959642133870762,3380,0.364383561643836
"Painterboy",1993,1,34548.8514364903,5.80645161290323,321.032260770968,586.193548387097,-2.96774193548387,-14.6451612903226,-8.80645161290323,209.032258064516,13.9917740493389,0,0.569785100289276,0.838358866974636,1.47465898711543,1.01536559444408,0.736254385403024,1.16260930865902,1.51686826387816,1.81425785158273,1.57307730227953,0.913615795770767,0.759866675016436,0.651638140015494,738.374199773226,0.314515112159585,0.105482854095069,3380,0.364383561643836
"Painterboy",1993,2,37880.228515625,10.9285714285714,325.371432164286,783.142857142857,-3.80357142857143,-13.7321428571429,-8.76785714285714,221.428571428571,15.8153417524651,0,1.73344088559939,1.45311216603208,1.51525151240076,1.74870610419458,1.47984031236373,1.24723093185031,1.52872968042391,1.75229600654613,1.98037035015279,1.78178865765264,1.17593724942251,0.989793579994259,748.354293977858,0.315465636706533,0.094037065277962,3380,0.364383561643836
"Painterboy",1993,3,42263.5355342742,3.45161290322581,587.251612509677,984.129032258065,4.08064516129032,-11.8548387096774,-3.88709677419355,259.354838709677,45.5806550199343,0,-0.32370724678517,0.76905848505211,0.817134253780915,0.978091041852708,1.28409412051827,1.05408446566777,0.933857842021482,1.21693892962654,1.50590419954985,1.68110619886099,1.4584460299438,0.990409523494129,1350.67870877226,0.458429550093421,0.199074711383744,3380,0.364383561643836
"Painterboy",1993,4,46944.0000000033,5.5,522.026668293333,1000,5.31666666666667,-9.5,-2.09166666666667,308,60.1592361042779,0,0.613498985848222,0.295629797735057,0.851546213432128,0.864959596375638,0.989837123812116,1.21397561828198,1.03860486564862,0.970873193280072,1.20309881025007,1.44842529700815,1.60058675043015,1.40763221503283,1200.66133707467,0.523997709611792,0.215997709611792,3380,0.364383561643836
"Painterboy",1993,5,50914.6840977774,2.90322580645161,621.522584974194,1000,11.3064516129032,-3.62903225806452,3.83870967741935,482.58064516129,97.3465970281201,42.4588953984865,-0.405618339930193,0.0559134879159872,-0.002853518284001,0.483715309037294,0.544531044226109,0.668807995169331,0.884272121597608,0.734862832938917,0.670646228940172,0.893099266051037,1.18269841317244,1.37222967444383,1429.50194544065,0.803708469785798,0.321127824624508,3380,0.364383561643836
"Painterboy",1993,6,52876.79999998,1.16666666666667,666.880002846667,1000,14.6666666666667,0.133333333333333,7.4,621.333333333333,113.175895114291,67.7570545101296,1.00527216552114,0.199092012906838,0.376241786676042,0.263107703300431,0.618449603762789,0.662674069355235,0.791493633813649,0.968053814094074,0.835108419475892,0.779008390022895,0.983131486999903,1.25661317667521,1533.82400654733,1.02902761199781,0.40769427866448,3380,0.364383561643836
"Painterboy",1993,7,51940.3355594774,1.16129032258065,632.361292683871,998.709677419355,17.4032258064516,3.93548387096774,10.6693548387097,678.709677419355,123.627142159267,89.4426021079879,0.995444248392865,1.35371154414735,0.540950416656826,0.581527839698017,0.43810478978403,0.738914745020561,0.768729765879185,0.90265456177025,1.05729392830445,0.941252044171001,0.906183078073865,1.09902613919884,1454.4309731729,1.283203812386,0.60449413496665,3380,0.364383561643836
"Painterboy",1993,8,48506.6323084677,2.25806451612903,569.290327006452,916.258064516129,16.0322580645161,3.67741935483871,9.85483870967742,638.709677419355,103.29848659783,79.4449920795267,1.34005860395781,1.32957554800067,1.72278766493336,0.917266318882469,0.865223219277604,0.646559449390693,0.924364234385209,0.941193440588602,1.09282793986937,1.24838350391121,1.11780148295723,1.08819307816523,1309.36775211484,1.21519044119973,0.576480763780378,3380,0.364383561643836
"Painterboy",1993,9,43983.3600260433,2.06666666666667,599.466664633333,812.8,13.6166666666667,0.05,6.83333333333333,541.333333333333,76.9812336635382,53.8724187714537,0.164535759892437,0.97520696353683,1.07762233845599,1.38270766645317,0.87045110442706,0.842660123560896,0.627639863234567,0.910077565045134,0.927127241673152,1.05404660703471,1.2049559648073,1.08421163018128,1378.77332865667,0.989815434211869,0.448482100878536,3380,0.364383561643836
"Painterboy",1993,10,39309.2128276161,3.51612903225806,447.174195319355,764.387096774194,7.82258064516129,-5.35483870967742,1.23387096774194,416.774193548387,45.4549394390975,14.796829002497,0.329597367492175,0.373803878210223,0.950160244525203,1.06272647761993,1.33180962803135,0.896485397054243,0.869082402070298,0.654605239349756,0.925075847953485,0.944580080679488,1.06113682123251,1.20689343074031,1028.50064923452,0.667746891512265,0.250972697963878,3380,0.364383561643836
"Painterboy",1993,11,35400.9598958367,4.16666666666667,371.306667073333,820.4,-0.85,-13.8833333333333,-7.36666666666667,221.333333333333,17.7844221009145,0,1.1156845676144,0.887579832027126,0.750127020299784,1.19617289585654,1.23941079327363,1.45342758935282,1.08921202538287,1.0378590441298,0.805906631338729,1.03721927034384,1.04742121348904,1.14455467736323,854.005334268666,0.351755160995207,0.130421827661874,3380,0.364383561643836
"Painterboy",1993,12,33523.20000002,1.9,337.386665853333,918.933333333333,-2.91666666666667,-16.6333333333333,-9.775,178.666666666667,12.2675389037112,0,-0.224128020930637,0.719237920509167,0.62904965023944,0.592092001344587,1.10042702324717,1.18654789667327,1.41558303288944,1.0357403742173,0.99149487867549,0.766729686578738,1.00150792846565,1.01397652165825,775.989331462666,0.291481044509152,0.112814377842485,3380,0.364383561643836
"Painterboy",1994,1,34548.8514364903,1.03225806451613,375.329032158065,304.387096774194,-2.51612903225806,-16.0645161290323,-9.29032258064516,183.225806451613,14.2601851696087,0,-0.511314912796535,-0.423649957238301,0.235429460798718,0.274544071124892,0.311950872172516,0.867836448044869,1.00808515309126,1.24038342382716,0.860919658565543,0.850268810372101,0.671446251523945,0.913264582189155,863.256773963549,0.302812646249042,0.119586839797429,3380,0.364383561643836
"Painterboy",1994,2,37880.228515625,6.67857142857143,421.14285605,428.142857142857,-2.42857142857143,-15.6607142857143,-9.04464285714286,195.714285714286,17.698373555817,0,0.984182675943599,0.45440264492398,0.310514562261888,0.729031783424617,0.681565692192534,0.607095838848772,1.04365390937871,1.13300333052217,1.32427809103913,0.98045235415792,0.949348420444633,0.77376750873288,968.628568915,0.308705046823182,0.112990761108896,3380,0.364383561643836
"Painterboy",1994,3,42263.5355342742,1.90322580645161,578.993552912903,516.774193548387,5.40322580645161,-11.2741935483871,-2.93548387096774,276.129032258065,49.8190419229645,0,-1.1168412153918,-0.299979454405685,-0.388157909804171,-0.406203900655421,0.0144822754149013,0.054714360690115,0.0602562863581828,0.517944996015584,0.715450257125142,0.925448410291806,0.629931203170725,0.657840129843694,1331.68517169968,0.492211610494189,0.216082578236124,3380,0.364383561643836
"Painterboy",1994,4,46944.0000000033,5.23333333333333,531.73333613,620.266666666667,7.01666666666667,-6.81666666666667,0.1,382.666666666667,66.2389441517068,2.86692740077695,-0.125902875992001,-0.74928796533754,-0.190656783726937,-0.288250452711231,-0.294877902593189,0.0203789869368393,0.0499570737137423,0.0413738524472094,0.428792319834463,0.611910943833643,0.812151669133305,0.568984057939075,1222.986673099,0.615230830615867,0.2325641639492,3380,0.364383561643836
"Painterboy",1994,5,50914.6840977774,0.67741935483871,668.387098741935,669.41935483871,13.1129032258065,-1.51612903225806,5.79838709677419,534.193548387097,105.067859647335,56.8730544019993,-1.43448573075164,-0.981695786541881,-1.22392149756184,-0.848700115950434,-0.87228884270423,-0.843084677411903,-0.580190811639425,-0.48811997632174,-0.495871573965105,-0.160486989551769,0.0938550408861007,0.333734786230762,1537.29032710645,0.921593153217655,0.387399604830558,3380,0.364383561643836
"Painterboy",1994,6,52876.79999998,0.8,672.213331096667,574.266666666667,19.3166666666667,4.48333333333333,11.9,725.333333333333,134.755533395749,94.8775333760344,-1.45081790172098,-1.60006740645702,-1.32152470408599,-1.47294849585677,-1.21561306226629,-1.22440355497322,-1.18287810158718,-0.959536671220567,-0.850639085491764,-0.840080710040919,-0.553657417692721,-0.283982727361967,1546.09066152233,1.39232785278883,0.6669945194555,3380,0.364383561643836
"Painterboy",1994,7,51940.3355594774,0,707.922579858065,431.741935483871,21.0483870967742,5.25806451612903,13.1532258064516,472.258064516129,145.542633385642,103.742835649488,-1.34796061435971,-1.64260460591155,-1.63755754760619,-1.45080785915112,-1.56328728641189,-1.40704496221489,-1.41575776657139,-1.37657403930065,-1.20081153396073,-1.1144494811888,-1.100561887502,-0.867970685238548,1628.22193367355,1.51176726200198,1.03950919748585,3380,0.364383561643836
"Painterboy",1994,8,48506.6323084677,0.774193548387097,611.303224625806,278.709677419355,19.258064516129,5.37096774193548,12.3145161290323,335.483870967742,119.257557203366,93.034220788375,-1.06309959757489,-1.36219316189939,-1.60124892195701,-1.62283388130947,-1.4916343099625,-1.58351339103723,-1.46682535127436,-1.47489582243006,-1.4386052308061,-1.29771789167407,-1.2227018596155,-1.20493616579362,1405.99741663935,1.43087981373321,1.09539594276546,3380,0.364383561643836
"Painterboy",1994,9,43983.3600260433,2.46666666666667,519.35999451,157.2,14.5166666666667,1.38333333333333,7.95,389.333333333333,79.1753191408786,59.9722554251935,-0.122678680154339,-0.804372912957415,-1.18975734538843,-1.50839025644205,-1.58099555490527,-1.45983626659327,-1.54217161938656,-1.43660956371306,-1.44354364358847,-1.4067472315431,-1.27477735219569,-1.20664088528433,1194.527987373,1.06839160178492,0.679058268451588,3380,0.364383561643836
"Painterboy",1994,10,39309.2128276161,3.90322580645161,384.8258096,113.032258064516,7.04838709677419,-5.14516129032258,0.951612903225806,429.677419354839,43.0767035262112,12.3090434419967,0.824648342012646,0.472227626697202,-0.33757538014758,-0.940941794110897,-1.34184335101155,-1.4867265829746,-1.3776598352155,-1.46010891497019,-1.34401833303072,-1.35751616565833,-1.32035438474225,-1.18778763766003,885.09936208,0.654315577249043,0.224638157894204,3380,0.364383561643836
"Painterboy",1994,11,35400.9598958367,5.63333333333333,314.666665143333,225.866666666667,-0.633333333333333,-12.5833333333333,-6.60833333333333,256,18.2670174056327,0,1.31226134146273,1.40338367480296,0.893353414729655,0.211391898043655,-0.563353909934852,-1.10168997370134,-1.34135859780454,-1.24036659812881,-1.33040106574936,-1.19416988223372,-1.20975864788278,-1.17262174587187,723.733329829666,0.372905772694525,0.116905772694525,3380,0.364383561643836
"Painterboy",1994,12,33523.20000002,2.83333333333333,333.54666812,362.933333333333,-0.783333333333333,-13.8666666666667,-7.325,229.333333333333,15.6387250867869,0,-0.895875376483614,0.494171493395329,0.800548393930576,0.553970377205372,-0.114273780525238,-0.745799106803308,-1.20732795684084,-1.40652305713498,-1.30148268985212,-1.38330775379939,-1.25484973543378,-1.2692223933655,767.157336676,0.352888943213067,0.123555609879734,3380,0.364383561643836
"Painterboy",1995,1,34548.8514364903,3.16129032258065,331.25160956129,419.612903225806,-2.62903225806452,-14.7096774193548,-8.66935483870968,209.032258064516,14.4482350638309,0,-0.0724766430497305,-0.501483000541668,0.294619448731052,0.607826902733377,0.423357874490332,-0.181411599953342,-0.763567709297502,-1.16218522852975,-1.35420587803821,-1.26141703836395,-1.34037538223333,-1.21415456373198,761.878701990967,0.317903208278106,0.10887095021359,3380,0.364383561643836
"Painterboy",1995,2,37880.228515625,6.71428571428571,440.800000875,564.428571428571,2.60714285714286,-10.2857142857143,-3.83928571428571,288.571428571429,27.8565048759123,0,-1.2154443303623,-0.794418908548188,-1.003084300448,-0.146517131528798,0.165569807837865,0.0486528950106996,-0.446218034559352,-0.926973602734567,-1.27801861287478,-1.42653695246265,-1.32348041112053,-1.41005663362873,1013.8400020125,0.460076340414869,0.17150491184344,3380,0.364383561643836
"Painterboy",1995,3,42263.5355342742,6.48387096774194,503.535482590323,790.709677419355,3.37096774193548,-11.5,-4.06451612903226,274.838709677419,43.4704112802548,0,0.310721346178482,-0.213212776458531,-0.14685264501548,-0.381016104030834,0.104551625532374,0.293552654837165,0.18418546576831,-0.238337940892421,-0.74371772782431,-1.1040112917189,-1.28798618388635,-1.19694436772139,1158.13160995774,0.452364255513762,0.177525545836343,3380,0.364383561643836
"Painterboy",1995,4,46944.0000000033,4.66666666666667,536.319999186667,884,5.41666666666667,-9.28333333333333,-1.93333333333333,309.333333333333,60.5259081673549,0,0.48703596415969,0.553234172539844,0.218538287887238,0.186947315405448,0.0233055176439213,0.3457548008465,0.454108613244196,0.36247459124794,0.0162439411574024,-0.506278173986566,-0.884800919622438,-1.12162746069657,1233.53599812933,0.530161021213354,0.220827687880021,3380,0.364383561643836
"Painterboy",1995,5,50914.6840977774,7.54838709677419,526.554844022581,997.41935483871,8.32258064516129,-4.79032258064516,1.76612903225806,437.41935483871,82.4772376395412,24.4924601779062,1.31478815943185,1.03189557049349,0.92591087426017,0.729539846782794,0.671158895384701,0.594129463711076,0.771033048652246,0.819255373790922,0.756855562400831,0.484506676435987,-0.011058536128158,-0.365276392663455,1211.07614125194,0.693740829037621,0.256321474198911,3380,0.364383561643836
"Painterboy",1995,6,52876.79999998,2.56666666666667,653.65333557,987.333333333333,14.4333333333333,-0.316666666666667,7.05833333333333,605.333333333333,112.470544441189,65.524828596097,1.26774289372786,1.5385892417154,1.2154315219465,1.06162922499543,0.875351105298952,0.819913961087217,0.786239362325954,0.923878427881521,0.956963072884823,0.906033755875753,0.68553672355362,0.237307387216752,1503.402671811,1.00522411750101,0.399890784167673,3380,0.364383561643836
"Painterboy",1995,7,51940.3355594774,2.09677419354839,620.696775374194,897.41935483871,18.1612903225806,3.43548387096774,10.7983870967742,789.677419354839,129.858354624748,90.207820105682,0.360284129998065,1.08054962426926,1.41439002192462,1.16214979503961,1.02243085503693,0.841869555936896,0.790533371544164,0.762753091302517,0.888663993900716,0.937637404751629,0.899740758401795,0.6797591891342,1427.60258336065,1.29428036444817,0.504602945093334,3380,0.364383561643836
"Painterboy",1995,8,48506.6323084677,0.967741935483871,602.116125293548,752.645161290323,19.8709677419355,5.91935483870968,12.8951612903226,883.870967741935,121.839025741027,96.1219894968315,-1.3395010427854,-0.493701517755466,0.105922241905809,0.725429398804013,0.675819202711969,0.659828543885694,0.49209996773181,0.45873786964125,0.407221043618973,0.556423391657509,0.62628086822962,0.576188914065986,1384.86708817516,1.48646100697293,0.602590039230992,3380,0.364383561643836
"Painterboy",1995,9,43983.3600260433,2.76666666666667,562.13333994,620.133333333333,13.85,0.733333333333333,7.29166666666667,582.666666666667,77.1021264894141,56.4087899110257,0.255481096919651,-0.80570884750186,-0.28532132625031,0.198175164981745,0.723032831710652,0.676396021047365,0.658841546233517,0.495400888339842,0.461513393152049,0.410932548384897,0.556989864845144,0.626781510562058,1292.906681862,1.02142684974384,0.438760183077172,3380,0.364383561643836
"Painterboy",1995,10,39309.2128276161,1.48387096774194,487.122580745161,595.096774193548,8.80645161290323,-5.16129032258065,1.82258064516129,415.483870967742,48.245632345578,19.5087278497842,-0.681555624797952,-0.0996362424335328,-0.979400772201314,-0.433037263999315,0.0309207081421506,0.522595782673093,0.519337941647693,0.541091697884746,0.394850077140849,0.369499710496871,0.318340507906877,0.467666936824263,1120.38193571387,0.69654965921864,0.281065788250898,3380,0.364383561643836
"Painterboy",1995,11,35400.9598958367,2.5,374.720003253333,621.333333333333,3.51666666666667,-9.13333333333333,-2.80833333333333,330.666666666667,25.1758477411233,0,-0.817682272608955,-1.03617293068342,-0.463428461325484,-1.18116378556121,-0.556232604560675,-0.0697807414853742,0.384538090068856,0.405974986283444,0.448913305810881,0.31902114240518,0.296640080424604,0.250582909288859,861.856007482666,0.496888907211799,0.166222240545132,3380,0.364383561643836
"Painterboy",1995,12,33523.20000002,2.13333333333333,338.879999543333,674.266666666667,-0.95,-13.2333333333333,-7.09166666666667,240,15.4905954024037,0,-1.04213938723414,-1.21168313932459,-1.30653690029039,-0.832289706403265,-1.36616690247322,-0.765717929612097,-0.272082169172874,0.213536100626374,0.267439152484452,0.330319738136468,0.210670840968326,0.194689396122276,779.423998949666,0.359298434595469,0.119298434595469,3380,0.364383561643836
"Painterboy",1996,1,34548.8514364903,7.35483870967742,297.18709466129,434.064516129032,-4.64516129032258,-15.3709677419355,-10.008064516129,200,11.6179257113066,0,1.2296772407455,0.456304553835201,-0.145700287640956,-0.534376465148601,-0.270289409441791,-0.922685177789544,-0.468745705717251,-0.0204458813227558,0.446350953662382,0.462730423139059,0.492512301561392,0.370748075569963,683.530317720967,0.286167811167229,0.0861678111672293,3380,0.364383561643836
"Painterboy",1996,2,37956.4137931034,7.37931034482759,466.868966724138,634.48275862069,0.517241379310345,-13.4655172413793,-6.47413793103448,235.862068965517,23.5348860187815,0,0.0185664843803849,0.87072270286069,0.398483807641162,-0.00151942401735958,-0.35024159557467,-0.213739304493533,-0.830326010860496,-0.431430764842445,0.00353476516841738,0.433742234451425,0.454049474678583,0.48943710388301,1073.79862346552,0.37676421384428,0.140902144878763,3380,0.364383561643836
"Painterboy",1996,3,42419.6129032258,4.58064516129032,537.496781377419,778.193548387097,3.2258064516129,-12.2903225806452,-4.53225806451613,249.032258064516,42.891267160973,0,0.156761158506381,0.154693926168662,0.618601214920845,0.370171030540345,0.110890280876425,-0.157646674829304,-0.0998115185218501,-0.634876243989009,-0.349515544669019,0.0602530916103424,0.443937780045226,0.469336271335763,1236.24259716806,0.436714367266391,0.187682109201875,3380,0.364383561643836
"Painterboy",1996,4,47082.2399739633,3.36666666666667,569.28000437,865.866666666667,6.33333333333333,-8.4,-1.03333333333333,346.666666666667,64.031575361949,0,-0.0820320332725148,0.136495902024322,0.145939795501936,0.479720579635154,0.303277171087256,0.111848910228428,-0.0986220407325708,-0.0739853722518757,-0.541687586816284,-0.313925026706236,0.058478573192283,0.414984331393957,1309.344010051,0.566432864707073,0.219766198040406,3380,0.364383561643836
"Painterboy",1996,5,51026.1679687452,1.06451612903226,624.309679583871,860.258064516129,12.5161290322581,-0.532258064516129,5.99193548387097,593.548387096774,100.043287661212,58.2119428695503,-0.881892996264822,-0.611050324841358,-0.343479091964239,-0.295190634371563,0.0338991301894585,-0.110789722048716,-0.269187111870751,-0.397842254171597,-0.388251311988557,-0.75181547697425,-0.544634222948787,-0.215152127836915,1435.9122630429,0.934026261803795,0.340477874707021,3380,0.364383561643836
"Painterboy",1996,6,52888.32005206,1.66666666666667,645.86666565,774.666666666667,16.9333333333333,2.6,9.76666666666667,617.333333333333,122.950028925068,82.4820237535842,-0.176687439949295,-0.676495081545396,-0.535025529762315,-0.344796977147598,-0.305341445022398,-0.0390162699920962,-0.147290446521455,-0.268378838319697,-0.37748596546974,-0.376587472354807,-0.676177707209128,-0.522510281164957,1485.493330995,1.20802208337927,0.590688750045936,3380,0.364383561643836
"Painterboy",1996,7,51862.2968750032,1.19354838709677,670.967742919355,635.870967741935,20.8064516129032,6.03225806451613,13.4193548387097,596.129032258065,141.992245579934,105.226001351223,-0.983692645796111,-0.796246645560862,-0.938890281600142,-0.809230577468233,-0.641204634541782,-0.597548548470779,-0.368984818174005,-0.459645443909007,-0.551644131559057,-0.621395819394307,-0.613971104286405,-0.857047291629199,1543.22580871452,1.53826038495369,0.942131352695625,3380,0.364383561643836
"Painterboy",1996,8,48372.8515625,0.290322580645161,659.922579858065,487.612903225806,19.8064516129032,4.79032258064516,12.2983870967742,517.41935483871,123.944285422768,92.9478515720924,-1.63211103656546,-1.38241048232442,-1.21524922980996,-1.24614603474336,-1.12115497313975,-0.987688977258017,-0.951691343792013,-0.750289760764231,-0.820755318740107,-0.885763611376611,-0.926985382624417,-0.908078099207103,1517.82193367355,1.429362356789,0.911943001950294,3380,0.364383561643836
"Painterboy",1996,9,43822.0800781267,2.4,516.906666056667,381.866666666667,12.55,-0.483333333333333,6.03333333333333,465.333333333333,73.0024850617902,49.3225006810237,0.807594449761907,-0.71891130208179,-0.921549472705275,-0.884789990674649,-1.06762726052971,-0.982654045012423,-0.855719449414138,-0.81157169722149,-0.618617984516133,-0.676812262654787,-0.743791652257361,-0.792877801383966,1188.88533193033,0.936704726068512,0.471371392735179,3380,0.364383561643836
"Painterboy",1996,10,39164.2837701581,5.06451612903226,460.283873525806,358.709677419355,7.70967741935484,-6.01612903225806,0.846774193548387,406.451612903226,45.4476494108371,11.331829705412,0.61786429798265,0.912898432348297,-0.360957511228723,-0.723302068034175,-0.725015901199102,-0.980196543575231,-0.908302478930821,-0.774267062291646,-0.727244168794419,-0.537108126782977,-0.59323191222282,-0.663483691104572,1058.65290910935,0.649388132484699,0.242936519581473,3380,0.364383561643836
"Painterboy",1996,11,35297.2799479167,4.93333333333333,348.053332773333,465.2,1.76666666666667,-10.2666666666667,-4.25,300,22.1932646537763,0,0.333217344818655,0.585037214766337,0.912439394080658,-0.163553109419408,-0.571548590257891,-0.589111970226576,-0.880837671922647,-0.823579519198599,-0.694791132293741,-0.648291878183132,-0.458144451218876,-0.508523350470536,800.522665378666,0.446099616846908,0.146099616846908,3380,0.364383561643836
"Painterboy",1996,12,33511.67994794,6.6,287.466667053333,588.933333333333,-4.83333333333333,-15.2833333333333,-10.0583333333333,212,10.3295338601952,0,1.39149423301088,1.14813923829246,1.21480624013459,1.21960384921887,0.188469934929723,-0.30756876185394,-0.360735611744796,-0.711274865548046,-0.671166954787635,-0.544322844255346,-0.497822752347193,-0.311423958402327,661.173334222666,0.285033196805253,0.0730331968052534,3380,0.364383561643836
"Painterboy",1997,1,34548.8514364903,7,325.987095741935,328.903225806452,-3.06451612903226,-14.5483870967742,-8.80645161290323,212.903225806452,13.875335625128,0,0.809633498897143,1.26642359489101,1.26442234784848,1.33247968842876,1.34414430726106,0.399734565328771,-0.157197005411103,-0.212978246166558,-0.548846974214061,-0.533330017241916,-0.415993040591923,-0.373153923873581,749.77032020645,0.314515112159585,0.101611886353133,3380,0.364383561643836
"Painterboy",1997,2,37880.228515625,2.85714285714286,459.085711889286,469.714285714286,-0.803571428571429,-15.8214285714286,-8.3125,184.285714285714,20.4314963309236,0,-0.311601342156921,0.429678937632481,0.915118068226615,0.933933234297315,0.968524669012051,1.08890062394492,0.299325109746958,-0.19707508051595,-0.234272940466785,-0.546426656267634,-0.523752632300746,-0.408086251939186,1055.89713734536,0.326875114987307,0.142589400701593,3380,0.364383561643836
"Painterboy",1997,3,42263.5355342742,1.70967741935484,553.703225412903,539.612903225806,5.70967741935484,-11.0645161290323,-2.67741935483871,280,50.8307952331056,0,-1.28581626227766,-1.22141920065938,-0.518808983759684,0.00267070582412842,0.124715015363193,0.240960474785307,0.456138171406464,-0.237266913145959,-0.562751794410589,-0.531358628364185,-0.731438534222344,-0.680742459506661,1273.51741844968,0.501745847949869,0.221745847949869,3380,0.364383561643836
"Painterboy",1997,4,46944.0000000033,4.4,533.8666687,611.733333333333,4.68333333333333,-9.81666666666667,-2.56666666666667,310.666666666667,57.7132984113553,0,0.747854763312408,-0.140779758924531,-0.195757879081729,0.0981655586398495,0.407059387452697,0.475869669872838,0.519674922856268,0.665210086393863,0.126061507012454,-0.249061096956979,-0.24621808565646,-0.479625189137382,1227.89333801,0.50588767355017,0.195221006883503,3380,0.364383561643836
"Painterboy",1997,5,50914.6840977774,3.19354838709677,607.690321893548,672.387096774194,11.3709677419355,-2.5,4.43548387096774,508.387096774194,96.4005987210257,47.0372183150587,-0.276390651605104,0.210776248961971,-0.22269200766593,-0.250527506964275,-0.0372378436387364,0.208187947290575,0.259374005493647,0.316100892842703,0.433752366428021,-0.0323044573782088,-0.327456935815297,-0.318565424610022,1397.68774035516,0.838107308836745,0.329720212062551,3380,0.364383561643836
"Painterboy",1997,6,52876.79999998,1.06666666666667,687.89333496,601.866666666667,16.8333333333333,2.1,9.46666666666667,662.666666666667,123.297234661664,80.678418454433,-0.290850503399961,-0.382789152327255,0.0273039687247713,-0.290645662631168,-0.307361918319462,-0.129998061787832,0.0891994736508386,0.140756359553911,0.195253141445777,0.291788259246829,-0.102538810286659,-0.356769315174746,1582.154670408,1.18391054077757,0.5212438741109,3380,0.364383561643836
"Painterboy",1997,7,51940.3355594774,1.06451612903226,623.174196303226,483.612903225806,18.9516129032258,4.69354838709677,11.8225806451613,729.032258064516,132.355499003557,96.1906039236021,-0.0483481745847797,-0.220837741231032,-0.350388397040045,-0.0552663209402053,-0.300948822230077,-0.307607207004061,-0.169038326025394,0.0215572490804257,0.0623734192365924,0.128092485048501,0.225603482966999,-0.14071805969454,1433.30065149742,1.3852297002054,0.656197442140889,3380,0.364383561643836
"Painterboy",1997,8,48506.6323084677,3,596.645162274194,341.290322580645,17.2096774193548,4.2741935483871,10.741935483871,694.193548387097,109.088519658907,84.4489166967176,0.663782992888781,0.30490555746663,0.0390684088427481,-0.211057970786426,0.0324263538043288,-0.220674722989562,-0.230972613283863,-0.107087577573265,0.0746775514719738,0.110858532710098,0.172218344368895,0.274116269628044,1372.28387323065,1.2894240528026,0.595230504415498,3380,0.364383561643836
"Painterboy",1997,9,43983.3600260433,3.83333333333333,454.93333181,219.466666666667,14.7833333333333,2.13333333333333,8.45833333333333,692,79.238733521123,62.6651455925021,0.0866632967521788,0.491315906014075,0.292051140548966,0.0876276514189152,-0.196112679050353,0.00509661729663503,-0.240992878933774,-0.239060561499801,-0.119189057692675,0.064973773434,0.1042714744842,0.165609781869744,1046.346663163,1.1059490838647,0.413949083864703,3380,0.364383561643836
"Painterboy",1997,10,39309.2128276161,2.80645161290323,440.361285796774,183.741935483871,8.5,-5.83870967741935,1.33064516129032,419.354838709677,47.6566412944508,15.6101701609888,-0.266933364141811,-0.000339099749005545,0.329417841353739,0.204649264871889,0.0199345088494785,-0.262052958156287,-0.0557595620620753,-0.277126253429425,-0.271386349715403,-0.152779667002345,0.0306811376792471,0.0734061507932355,1012.83095733258,0.672407839983021,0.253053001273344,3380,0.364383561643836
"Painterboy",1997,11,35400.9598958367,4.3,336.10666631,263.466666666667,0.583333333333333,-12.0333333333333,-5.725,265.333333333333,20.2510887665417,0,0.622056077026273,0.118944937688637,0.275655414624257,0.545659081365334,0.407148654571963,0.22489153423254,-0.0818062272706687,0.0931204302340125,-0.152178927074122,-0.151889508407863,-0.0412840196580319,0.142863986475221,773.045332513,0.398963548678286,0.133630215344953,3380,0.364383561643836
"Painterboy",1997,12,33523.20000002,1.33333333333333,340.800001016667,364.8,-2.71666666666667,-15.8,-9.25833333333333,185.333333333333,12.7523414589949,0,-0.517129043560166,0.181871402376763,-0.186057114755099,0.0234109672892326,0.324957778352669,0.261586020244599,0.102229092431726,-0.16439494396049,0.0264479001120166,-0.20696966940512,-0.204180231507464,-0.0917881193278639,783.840002338334,0.303574162321544,0.118240828988211,3380,0.364383561643836
"Painterboy",1998,1,34548.8514364903,4.16129032258065,311.019354545161,217.806451612903,-2.48387096774194,-14.1774193548387,-8.33064516129032,214.193548387097,14.7421837029231,0,0.0817198388230774,-0.176621964161414,0.145087898547882,-0.104225207659105,-0.0139259216462737,0.280664937547395,0.20533253505919,0.0682501671336754,-0.1410272132137,0.0357737092884849,-0.184431068514181,-0.182248780823941,715.34451545387,0.326413534114447,0.11221998572735,3380,0.364383561643836
"Painterboy",1998,2,37880.228515625,3.10714285714286,422.399998257143,319.428571428571,-2.41071428571429,-14.9107142857143,-8.66071428571429,205.714285714286,17.9560853787976,0,0.29969230350332,0.305406198419443,0.0630274035405511,0.347184593437096,0.116508352457963,0.0957640772239514,0.353889878624094,0.262649091526123,0.138344110916247,-0.0683004499722855,0.0970007127763242,-0.115811005387653,971.519995991429,0.31811782832285,0.112403542608564,3380,0.364383561643836
"Painterboy",1998,3,42263.5355342742,3.41935483870968,525.316126177419,410.451612903226,3.06451612903226,-12.4032258064516,-4.66935483870968,264.516129032258,42.381828930704,0,0.0783916111765846,0.215828066768226,0.246275829067919,0.112011396858858,0.309912020921256,0.143125402866452,0.114452691829581,0.325627806664716,0.238807142509466,0.15740315287314,-0.0149632938820841,0.138997132740725,1208.22709020806,0.432219471233189,0.167703342200931,3380,0.364383561643836
"Painterboy",1998,4,46944.0000000033,4.26666666666667,564.693333436667,515.466666666667,6.5,-9.2,-1.35,313.333333333333,64.8504027655554,0,-0.0716414317475056,0.0929501835490325,0.192990040446874,0.203008117951682,0.115163671027958,0.267338662763848,0.137931008474071,0.104499948331787,0.284344273648741,0.210442744948252,0.147968328918366,0.00678022149330152,1298.79466690433,0.553427031648448,0.240093698315115,3380,0.364383561643836
"Painterboy",1998,5,50914.6840977774,0.387096774193548,650.838712629032,540,12.1451612903226,-2.33870967741935,4.90322580645161,505.806451612903,100.579542983182,50.5007276414091,-1.00805887015417,-0.68421282244812,-0.439087003628002,-0.319310325638068,-0.259102354015489,-0.320675312000828,-0.190681821759928,-0.252785914206184,-0.288179454351812,-0.141229513541291,-0.144521302096328,-0.170117397090708,1496.92903904677,0.865972373867567,0.360165922254664,3380,0.364383561643836
"Painterboy",1998,6,52876.79999998,1.3,652.266663616667,474.4,14.8166666666667,0.9,7.85833333333333,566.666666666667,112.763055528168,70.7049521932184,1.07404710383139,-0.14170275841945,-0.134505744552002,-0.0313276083110018,0.0382798464215043,0.0617068692736221,0.0223301437714495,0.118744668041148,0.0422478910099867,-6.93202625246479e-05,0.118826000339961,0.0791542955002787,1500.21332631833,1.06174007148771,0.495073404821044,3380,0.364383561643836
"Painterboy",1998,7,51940.3355594774,2.58064516129032,601.39354386129,343.483870967742,20.0322580645161,6.25806451612903,13.1451612903226,621.935483870968,135.898496734557,103.697755499931,-0.270620393197866,0.474255646054075,-0.269467433335782,-0.259652194715627,-0.153312556377045,-0.082297999582446,-0.0630732233595102,-0.095996022864037,-0.0138105945133638,-0.0629285731403627,-0.0932791541699634,0.00434737083093052,1383.20515088097,1.51097074333887,0.889035259467901,3380,0.364383561643836
"Painterboy",1998,8,48506.6323084677,1.64516129032258,601.393552716129,197.032258064516,19.4516129032258,4.67741935483871,12.0645161290323,625.806451612903,121.986469865839,91.6917603206475,-1.28024836037557,-0.808565383791887,-0.285336266161917,-0.686131340731598,-0.615320913281187,-0.496425870022599,-0.423180562121225,-0.391995171572709,-0.423441278986036,-0.338729692663303,-0.367949045022709,-0.386501130892794,1383.2051712471,1.40751780844796,0.78171135683506,3380,0.364383561643836
"Painterboy",1998,9,43983.3600260433,1.06666666666667,487.893332926667,61.4666666666667,17.5166666666667,3.31666666666667,10.4166666666667,714.666666666667,90.2142173135931,72.630785045388,-1.96671429440248,-1.9435279561341,-1.28238448897737,-0.802422293340367,-1.04552497670308,-0.961080112214416,-0.848999896706786,-0.77293176909736,-0.733006769118801,-0.742247189234501,-0.653886653810447,-0.666135558286216,1122.15466573133,1.2617538676312,0.547087200964534,3380,0.364383561643836
"Painterboy",1998,10,39309.2128276161,3.16129032258065,337.4451604,11.8709677419355,7.59677419354839,-3.7741935483871,1.91129032258065,476.129032258065,43.7272884571736,20.1769620675618,0.585266500786442,-1.22383645404547,-1.61675752755223,-1.10285680118405,-0.648111145460334,-0.962323695608808,-0.890494318369111,-0.771815730233435,-0.692516495531382,-0.657458590741464,-0.664060201749885,-0.576042329530544,776.12386892,0.70098389373523,0.224854861477165,3380,0.364383561643836
"Painterboy",1998,11,35400.9598958367,3.8,325.973332973333,79.3333333333333,2.56666666666667,-9.6,-3.51666666666667,310.666666666667,23.5236278285168,0,-0.211108136346235,0.194319363063814,-1.0635680068415,-1.57673512576649,-1.10613314289673,-0.613985744637138,-0.931800232196559,-0.866164258506189,-0.753590171851269,-0.674955960337502,-0.641142321919315,-0.640393499640231,749.738665838666,0.471326621087944,0.160659954421277,3380,0.364383561643836
"Painterboy",1998,12,33523.20000002,1.16666666666667,298.24000041,118.8,-1.31666666666667,-14.2166666666667,-7.76666666666667,228,14.8740147030383,0,-1.13328331399608,-0.815851683169535,-0.402030737863567,-1.35516965687185,-1.69159321458812,-1.27024538607202,-0.797288470161308,-1.04426191784356,-0.962981751167279,-0.848568535381639,-0.773279808483179,-0.736878330444402,685.952000943,0.341034683423142,0.113034683423142,3380,0.364383561643836
"Painterboy",1999,1,34548.8514364903,5.38709677419355,288.000002829032,116.774193548387,-2.08064516129032,-13.2741935483871,-7.67741935483871,233.548387096774,15.4185454439277,0,0.198816102239321,-0.446070765402139,-0.537767198889903,-0.230372114434896,-1.1895669961679,-1.58184020553314,-1.18669352682512,-0.744178093719192,-0.968231485951553,-0.901257729712371,-0.789919429164711,-0.717504904360066,662.400006506773,0.343401079536556,0.109852692439782,3380,0.364383561643836
"Painterboy",1999,2,37880.228515625,3,428.685715807143,246.142857142857,0.232142857142857,-13.7857142857143,-6.77678571428571,224.285714285714,22.9347212220104,0,-0.902140839611086,-0.366003960265613,-0.79330269950694,-0.753175984358918,-0.414883784182507,-1.29465256149286,-1.70061837437489,-1.28507493304137,-0.831656336536469,-1.01910693208163,-0.941297887581944,-0.831977709881879,985.977146356429,0.368112145957197,0.143826431671483,3380,0.364383561643836
"Painterboy",1999,3,42263.5355342742,1.45161290322581,541.419361232258,306.967741935484,5.74193548387097,-8.67741935483871,-1.46774193548387,321.290322580645,50.8978360308674,0,-1.33145339544757,-1.57092603637,-1.1097777712502,-1.31255554089305,-1.30884368537013,-0.934270336696361,-1.62908034429598,-1.9378714161631,-1.49476938511221,-1.07159370421378,-1.16863990896149,-1.07728442326949,1245.26453083419,0.548659265132095,0.22736894255145,3380,0.364383561643836
"Painterboy",1999,4,46944.0000000033,6.76666666666667,505.920000203333,394.8,3.96666666666667,-9.03333333333333,-2.53333333333333,332,54.7662303362345,0,1.20715017120301,0.249065323897162,-0.00503378146491882,0.068175235134054,-0.150050761790121,-0.18530109812895,-0.0606108995191843,-0.759322366466086,-1.1804160912607,-0.977830734579044,-0.603089254729176,-0.798902682436384,1163.61600046767,0.507140172370233,0.175140172370233,3380,0.364383561643836
"Painterboy",1999,5,50914.6840977774,2.93548387096774,638.658064319355,509.290322580645,9.87096774193548,-4.29032258064516,2.79032258064516,468.387096774194,90.197464503881,33.868534425355,0.319679355374977,0.821186468596142,0.295714820197191,0.145816469837009,0.180357305388229,0.0279020880387625,-0.00979701000528142,0.068257243194826,-0.474273998850227,-0.813627040402885,-0.749349518143473,-0.459009326555104,1468.91354793452,0.74629338385382,0.277906287079626,3380,0.364383561643836
"Painterboy",1999,6,52876.79999998,1.5,639.893332926667,453.466666666667,15.65,1.05,8.35,666.666666666667,117.711501929196,73.8120876778976,0.465693457243072,0.395444660555054,0.793125350405394,0.34522429374635,0.217963317512264,0.245232280171016,0.137397300147033,0.108673980378533,0.160393215750838,-0.293466158355543,-0.581860229632712,-0.578044127672244,1471.75466573133,1.09784878860896,0.431182121942297,3380,0.364383561643836
"Painterboy",1999,7,51940.3355594774,3.29032258064516,549.780644080645,322.967741935484,18.9677419354839,5.51612903225806,12.241935483871,882.58064516129,130.377875870574,98.5962315995461,0.440451247110257,0.599122924299712,0.453841202141534,0.77675460086646,0.367480014269179,0.258624934045225,0.273929817939019,0.185439068622867,0.15155350613504,0.207566091836656,-0.187240478496291,-0.451274879005738,1264.49548138548,1.42406240266929,0.541481757507995,3380,0.364383561643836
"Painterboy",1999,8,48506.6323084677,2.45161290322581,530.064520064516,180.903225806452,17.0967741935484,4.54838709677419,10.8225806451613,787.096774193548,107.747457330035,84.8977226264039,0.775433049196738,0.679379209701835,0.771350953735307,0.597910799231193,0.896092465352757,0.445823982076932,0.328316580025524,0.338058002221881,0.2552461446926,0.218710074007833,0.270186124637643,-0.10373715829287,1219.14839614839,1.29636656778324,0.509269793589689,3380,0.364383561643836
"Painterboy",1999,9,43983.3600260433,2.5,469.119999693333,68.4,13.0166666666667,-0.05,6.48333333333333,616,74.475909103684,51.9020587196965,0.612294165096286,0.864917140947921,0.76296960274553,0.849959657696445,0.721452134662455,0.99426565175644,0.516418232199413,0.400105316689546,0.40477629205318,0.328897528178233,0.295736504263998,0.344046088930273,1078.97599929467,0.966260847290183,0.350260847290183,3380,0.364383561643836
"Painterboy",1999,10,39309.2128276161,0.838709677419355,426.116128983871,14.1935483870968,11.4677419354839,-3.98387096774194,3.74193548387097,468.387096774194,55.7070819424424,32.4805503383266,-2.36687296571505,-0.833578498304644,-0.148361068924599,0.120603068276008,0.231857667303515,0.156426953079146,0.50870892144509,0.162557862902825,0.0801914119809754,0.103060165463482,0.0271960413711631,0.00792502825710054,980.067096662903,0.798249615331412,0.329862518557218,3380,0.364383561643836
"Painterboy",1999,11,35400.9598958367,0.733333333333333,304.639999393333,8,7.21666666666667,-7,0.108333333333333,381.333333333333,31.8818110198029,2.31238992061742,-2.10947295530588,-2.45053927853164,-1.9763889195722,-1.07433271078377,-0.449707772360649,-0.263016504981003,-0.260455238269503,0.109288521607167,-0.147674121848666,-0.210125009867324,-0.177560950601796,-0.242215928963041,700.671998604666,0.615603028506934,0.234269695173602,3380,0.364383561643836
"Painterboy",1999,12,33523.20000002,1.46666666666667,274.45333074,46,-2.16666666666667,-14.9166666666667,-8.54166666666667,201.333333333333,13.6450777837569,0,-0.726291758794705,-2.15772696969373,-2.34280364878843,-1.92244304973149,-1.20673595552933,-0.610669910262123,-0.406044610223087,-0.36391762698752,0.0176720361351832,-0.223112107978377,-0.281202535521521,-0.245250824865872,631.242660702,0.321087978198275,0.119754644864942,3380,0.364383561643836
"Painterboy",2000,1,34548.8514364903,5.61290322580645,300.180643390323,261.677419354839,-2.53225806451613,-13.241935483871,-7.88709677419355,246.451612903226,14.7692122080768,0,0.379256143613245,-0.0755437418200414,-1.55292746821456,-2.11975585872607,-1.62257040168229,-1.06928688396056,-0.545210128676576,-0.347720988189232,-0.281734144389375,0.0710320804379427,-0.162980684924605,-0.220581218262566,690.415479797743,0.337864485679024,0.0914128727757985,3380,0.364383561643836
"Painterboy",2000,2,37956.4137931034,5.82758620689655,389.075863537931,407.586206896552,1.05172413793103,-11.5344827586207,-5.24137931034483,264.827586206897,24.759038635947,0,-0.646443420791048,-0.0686730555388921,-0.350032157318916,-1.69444093678918,-2.27266007302154,-1.63014326985533,-1.13983989216947,-0.625684047004188,-0.414665788650788,-0.332805075118009,0.0132265996560832,-0.196902108285173,894.874486137241,0.413905458084106,0.149077871877209,3380,0.364383561643836
"Painterboy",2000,3,42419.6129032258,3.96774193548387,502.296768683871,568.645161290323,3.53225806451613,-11.4193548387097,-3.94354838709677,261.935483870968,43.972000268763,0,-0.0501814981593338,-0.299989516074591,-0.0372448239668398,-0.225104846325449,-1.18822609948333,-1.78029050160075,-1.39186332405931,-0.992321195555478,-0.587592237346786,-0.378126708828103,-0.285488449854432,0.0370922672786168,1155.2825679729,0.456491891965043,0.194556408094075,3380,0.364383561643836
"Painterboy",2000,4,47082.2399739633,1.8,592.42666321,638.533333333333,9.23333333333333,-5.55,1.84166666666667,422.666666666667,75.1383182452785,22.595938765133,-1.8622507556888,-1.23105473919448,-1.3128418419546,-0.900462202247282,-0.957731034055068,-1.81748661298716,-2.20755542602382,-1.83189777503072,-1.46348429490267,-0.969986959370357,-0.746986211932099,-0.581868073663854,1362.581325383,0.697501587745055,0.274834921078388,3380,0.364383561643836
"Painterboy",2000,5,51026.1679687452,1.48387096774194,655.587097167742,612.645161290323,13.9354838709677,-0.951612903225806,6.49193548387097,557.41935483871,109.105561945336,61.6139035866933,-1.75025335751517,-1.94140968683023,-1.70413506402775,-1.83987986949919,-1.52944513173963,-1.49286931239995,-2.03844687484676,-2.25568952110478,-1.97397000332273,-1.68042401461857,-1.27637451556297,-1.10822250831871,1507.85032348581,0.966833772822643,0.409414417983933,3380,0.364383561643836
"Painterboy",2000,6,52888.32005206,1.46666666666667,644.2666687,519.866666666667,17.6166666666667,2.45,10.0333333333333,545.333333333333,127.697110927616,84.071717276833,-0.740999764242968,-1.39659683064591,-1.61947490382705,-1.47007240260244,-1.53546535187811,-1.37347624061212,-1.38227916420131,-1.75807572381191,-1.93458319724808,-1.73911500935919,-1.55517054787924,-1.26080807138667,1481.81333801,1.22981686150707,0.68448352817374,3380,0.364383561643836
"Painterboy",2000,7,51862.2968750032,1.96774193548387,670.761283632258,393.032258064516,21.4838709677419,5.51612903225806,13.5,592.258064516129,147.997677994906,105.67374844719,-1.38197974331722,-1.33570680902976,-1.53230890979965,-1.64384468287602,-1.57377103891235,-1.63312502048674,-1.53012203610835,-1.52613635476956,-1.75332414827156,-1.90806990700034,-1.78683544513299,-1.63014099752808,1542.75095235419,1.54636878324256,0.954110718726427,3380,0.364383561643836
"Painterboy",2000,8,48372.8515625,2.80645161290323,537.290320612903,237.41935483871,19.8709677419355,5.46774193548387,12.6693548387097,734.193548387097,122.884592056299,94.9261042751302,-1.25038760848705,-1.45911636711676,-1.43514447069002,-1.57700502318585,-1.6651461229913,-1.62169765117201,-1.66958022745507,-1.59490976410856,-1.58392306664153,-1.75422507318789,-1.87115094395973,-1.78061088511342,1235.76773740968,1.46462445217491,0.730430903787817,3380,0.364383561643836
"Painterboy",2000,9,43822.0800781267,2.53333333333333,466.880004373333,116.133333333333,15.4333333333333,1.6,8.51666666666667,692,83.0461314198214,62.9711060005169,-0.735451579378496,-1.27217936136691,-1.44580606600247,-1.45370367578873,-1.60608131735855,-1.67747063597115,-1.64117462109448,-1.69333175033281,-1.62512609934132,-1.61199623993763,-1.77690797237624,-1.89389688601952,1073.82401005867,1.11033258374412,0.418332583744123,3380,0.364383561643836
"Painterboy",2000,10,39164.2837701581,1.35483870967742,370.37419276129,54.8387096774194,8.58064516129032,-3.08064516129032,2.75,499.354838709677,46.1661766697538,26.1113597105067,-0.258615578060803,-0.631748517431923,-1.25737913226572,-1.455486281504,-1.45980371204825,-1.61467154953966,-1.68850371731953,-1.659966545527,-1.71552275992164,-1.65257011654348,-1.63610986914145,-1.81092865068968,851.860643350967,0.744159568784207,0.24480473007453,3380,0.364383561643836
"Painterboy",2000,11,35297.2799479167,2.43333333333333,340.37333323,102.133333333333,-1.68333333333333,-15.2166666666667,-8.45,198.666666666667,16.2406319228208,0,1.07696778437274,0.441328025559833,0.0031047002379196,-0.748546196338542,-1.21264633244178,-1.28869004854741,-1.51972485787517,-1.62238515942868,-1.57784821439222,-1.63124802485624,-1.55772675251982,-1.54793354057901,782.858666429,0.323391793205106,0.124725126538439,3380,0.364383561643836
"Painterboy",2000,12,33511.67994794,3.9,281.599999243333,187.2,-2.21666666666667,-14.05,-8.13333333333333,216,13.7251911884609,0,-0.0732445317424596,0.772283168133614,0.298006747702266,-0.094677399566329,-0.776854980696272,-1.19409083755551,-1.2760522543058,-1.51568704904491,-1.6213363750994,-1.56776868272083,-1.61999814745344,-1.54874462216744,647.679998259666,0.331464093256983,0.115464093256983,3380,0.364383561643836
"Painterboy",2001,1,34548.8514364903,1,337.754837280645,157.677419354839,-1.93548387096774,-16.5,-9.21774193548387,175.483870967742,14.911381071699,0,-0.668389825009711,-0.445722590906992,0.195038101008781,-0.058111452075722,-0.389171875830257,-0.965483063343597,-1.27005046204962,-1.30453742270623,-1.51377378131857,-1.62142776132211,-1.56939176204102,-1.62129659967684,776.836125745483,0.304542910866444,0.129059039898702,3380,0.364383561643836
"Painterboy",2001,2,37880.228515625,3.78571428571429,371.542858396429,228,-0.535714285714286,-13.1071428571429,-6.82142857142857,230,21.6312964183876,0,-0.37724053104687,-0.673435279036067,-0.518270640148234,0.103778514063165,-0.0939507070306409,-0.436266455628407,-0.974655641606912,-1.28706114082437,-1.3186955248956,-1.52022579550967,-1.63176369653041,-1.58317354278029,854.548574311787,0.366850976341191,0.136850976341191,3380,0.364383561643836
"Painterboy",2001,3,42263.5355342742,4,492.077417683871,327.354838709677,3.43548387096774,-10.3709677419355,-3.46774193548387,290.322580645161,43.7054732377692,0,-0.012902859126456,-0.152317873212096,-0.324837941995593,-0.305831996819517,0.0880174235853998,-0.0566267614396057,-0.361649165835388,-0.833016045105839,-1.16984555162564,-1.22773946347202,-1.44585505891913,-1.58022321662447,1131.7780606729,0.473053883791898,0.182731303146737,3380,0.364383561643836
"Painterboy",2001,4,46944.0000000033,3.1,582.826667786667,433.733333333333,7.81666666666667,-5.7,1.05833333333333,417.333333333333,68.9818852056833,15.2592485473877,-0.790058914292137,-0.422013208196477,-0.468677158409631,-0.582191034044217,-0.523476489662315,-0.193028163197489,-0.278678750150274,-0.545813455982245,-0.966113743990069,-1.2514321609952,-1.31129925041477,-1.51543029788741,1340.50133590933,0.659365472944477,0.242032139611144,3380,0.364383561643836
"Painterboy",2001,5,50914.6840977774,1.45161290322581,673.961293864516,463.354838709677,13.258064516129,-1.67741935483871,5.79032258064516,539.354838709677,106.126366139929,56.8169873022526,-1.46271557484233,-1.3086024859567,-1.03983172183273,-1.072187165318,-1.11691700392522,-1.03124592918328,-0.765550840732486,-0.764921915810245,-0.965113833482157,-1.24973438544048,-1.409888867757,-1.47578053867238,1550.11097588839,0.92107829643442,0.381723457724743,3380,0.364383561643836
"Painterboy",2001,6,52876.79999998,0.6,682.986668903333,388.533333333333,18.5833333333333,2.68333333333333,10.6333333333333,613.333333333333,133.56636861503,87.6043104565372,-1.37092715970676,-1.56918832484356,-1.48285172274836,-1.31240686628495,-1.32916215473681,-1.36168381718662,-1.28779499019677,-1.06890221373953,-1.03809968861172,-1.17078233756894,-1.38826364007363,-1.50560306299058,1570.86933847767,1.28012655643847,0.666793223105139,3380,0.364383561643836
"Painterboy",2001,7,51940.3355594774,2.12903225806452,591.483872935484,255.354838709677,20.5161290322581,5.79032258064516,13.1532258064516,579.354838709677,140.551107303792,103.742835649488,-0.776337795204971,-1.29487965133872,-1.42585487880089,-1.37809334092208,-1.26999781481741,-1.28586356078863,-1.31615760059822,-1.27017109534164,-1.09985790410476,-1.08736055034459,-1.20032520117001,-1.36371706046001,1360.41290775161,1.51176726200198,0.932412423292302,3380,0.364383561643836
"Painterboy",2001,8,48506.6323084677,4.16129032258065,517.677417387097,109.677419354839,18.6612903225806,4.37096774193548,11.5161290322581,731.612903225806,117.769255498783,88.7182223505529,-0.424400837261693,-0.70988380175141,-1.1886612572646,-1.36232103439805,-1.34031720139327,-1.25454366955871,-1.26542734724105,-1.29181888433949,-1.25551160114695,-1.11605450801626,-1.10424819939876,-1.19736545019296,1190.65805999032,1.35744443083449,0.625831527608689,3380,0.364383561643836
"Painterboy",2001,9,43983.3600260433,0.866666666666667,452.47999878,11.6,16.6666666666667,1.66666666666667,9.16666666666667,700,88.613114714502,66.3402987656867,-1.78602646792829,-1.33458285487012,-1.14598690651077,-1.45042968752029,-1.55042270040408,-1.51376031831142,-1.45300981887778,-1.47232140659611,-1.4919219114664,-1.4432191220861,-1.3156999350567,-1.29933141364943,1040.703997194,1.1602242939948,0.460224293994796,3380,0.364383561643836
"Painterboy",2001,10,39309.2128276161,2.09677419354839,358.503225516129,15.3548387096774,9.06451612903226,-3.90322580645161,2.58064516129032,480,48.2824040887194,24.9612972067888,-0.555886305170385,-1.81336426346298,-1.42504566010498,-1.21982114959638,-1.49775848935482,-1.58512919145768,-1.54988220933037,-1.49667204031325,-1.51983585888882,-1.54460925750439,-1.49069643823985,-1.36641240186118,824.557418687097,0.735256418894149,0.255256418894149,3380,0.364383561643836
"Painterboy",2001,11,35400.9598958367,3.43333333333333,291.093334956667,26,3.96666666666667,-8.53333333333333,-2.28333333333333,348,25.902540440962,0,-0.777781063815659,-0.94429569965002,-1.80696286764521,-1.59416025128766,-1.36839107762171,-1.6336744755228,-1.6583090956864,-1.61439992203004,-1.56333222246688,-1.59380288203126,-1.61581412466843,-1.5584854531316,669.514670400334,0.516622027544559,0.168622027544559,3380,0.364383561643836
"Painterboy",2001,12,33523.20000002,2.53333333333333,296.213335163333,135.066666666667,-3.36666666666667,-16,-9.68333333333333,188,11.9076153948775,0,0.0512134813153183,-0.560723829681015,-0.851972636855458,-1.57319052611434,-1.45065399820982,-1.31353694360979,-1.58194449168166,-1.64295564884438,-1.60580722344822,-1.54505467668773,-1.57404820580603,-1.59731528439867,681.290670875666,0.293594754552157,0.105594754552157,3380,0.364383561643836
"Painterboy",2002,1,34548.8514364903,1.48387096774194,338.683871358064,234.967741935484,-3.33870967741935,-16.3870967741935,-9.86290322580645,189.677419354839,13.052940574794,0,-0.135101090333174,-0.016748083354233,-0.531666419030319,-0.777747248663744,-1.48708720473133,-1.4405842331736,-1.28535893855368,-1.5098988546636,-1.59344177411855,-1.56757268586924,-1.50478165398608,-1.53139821806103,778.972904123547,0.289466857887079,0.09978943853224,3380,0.364383561643836
"Painterboy",2002,2,37880.228515625,1.64285714285714,451.085715157143,282.571428571429,-0.875,-17,-8.9375,170,19.776549040348,0,-0.447723109731746,-0.322708047870314,-0.202042157091269,-0.544128125500798,-0.742018786525064,-1.45080341873975,-1.45940411464218,-1.313302056348,-1.53789954313596,-1.60841443181925,-1.58034945833411,-1.52092509607979,1037.49714486143,0.311306587636794,0.141306587636794,3380,0.364383561643836
"Painterboy",2002,3,42263.5355342742,3.45161290322581,518.709672006452,373.806451612903,1.95161290322581,-14.0483870967742,-6.04838709677419,230.967741935484,38.5778161306177,0,0.514683062650526,0.266218289681449,0.214539313245613,0.226206349510724,-0.02263188128089,-0.242172878445709,-0.955539129050739,-1.02604897337815,-1.03251642909515,-1.31266954763844,-1.44366770295558,-1.43798503651831,1193.03224561484,0.389241759554392,0.158274017618908,3380,0.364383561643836
"Painterboy",2002,4,46944.0000000033,1.63333333333333,575.253330486667,406.4,9.08333333333333,-4.18333333333333,2.45,432,73.3842542933627,27.6613445045491,-1.6317928623826,-0.544980786782532,-0.6041182665703,-0.526057401941678,-0.445588445020144,-0.650111143972762,-0.747702096401193,-1.36026695526255,-1.41957221005593,-1.31589378460309,-1.56154907136677,-1.63853746122233,1323.08266011933,0.728452857180196,0.296452857180196,3380,0.364383561643836
"Painterboy",2002,5,50914.6840977774,0.0645161290322581,721.135483280645,380.387096774194,12.6935483870968,-2.48387096774194,5.10483870967742,403.870967741935,103.873788262495,51.9636209649906,-1.37651173433073,-1.61743123803558,-1.06519888136785,-1.115473231342,-1.02605047888909,-0.930909027693925,-1.06967005666622,-1.0854941524292,-1.51815829762684,-1.53167438216449,-1.43644606980112,-1.650319989712,1658.61161154548,0.878233688181857,0.474362720439922,3380,0.364383561643836
"Painterboy",2002,6,52876.79999998,0,714.986661786667,291.066666666667,20.6,3.98333333333333,12.2916666666667,344,144.507030364716,97.0800407160397,-2.15199900570773,-2.00025698396183,-2.06380294216063,-1.78368207595593,-1.83069959598103,-1.75894950670157,-1.62277446668664,-1.69466028691563,-1.62888201419154,-1.86805422988646,-1.87270585445199,-1.74081988176385,1644.46932210933,1.42873050110236,1.08473050110236,3380,0.364383561643836
"Painterboy",2002,7,51940.3355594774,1.06451612903226,632.567745083871,148.774193548387,22.8387096774194,5,13.9193548387097,316.129032258065,158.52394645634,107.98961614877,-2.0403577969556,-2.33852319787908,-2.11931067872006,-2.12148622773101,-2.03470638403527,-2.10888558918585,-2.06964820269476,-1.9463696657366,-1.95769299578663,-1.92530391142152,-2.07833545343592,-2.03879382631649,1454.9058136929,1.58914114293275,1.27301211067468,3380,0.364383561643836
"Painterboy",2002,8,48506.6323084677,0.838709677419355,506.735483477419,22.5806451612903,19.5967741935484,3.7258064516129,11.6612903225806,307.096774193548,124.726218991587,89.5092755237386,-1.65532844137271,-2.05589014689221,-2.2200066509412,-2.05277101744936,-2.07074966644669,-2.02162494937561,-2.08066057155006,-2.05932208123734,-1.96017886420651,-1.96602783524903,-1.9402272351765,-2.05670956107477,1165.49161199806,1.37054410481126,1.06344733061771,3380,0.364383561643836
"Painterboy",2002,9,43983.3600260433,3.9,355.093332416667,0,13.9666666666667,1.33333333333333,7.65,548,76.7488488013997,58.3595054792671,0.483179355624443,-0.942777266185401,-1.74496098413036,-2.10468812589873,-1.95072519400778,-1.9499770369828,-1.88402486179303,-1.94312804825541,-1.92159739554453,-1.8473512321611,-1.86481015482844,-1.85085603185559,816.714664558334,1.04675870886276,0.498758708862765,3380,0.364383561643836
"Painterboy",2002,10,39309.2128276161,3.87096774193548,373.98709893871,16.9032258064516,7.53225806451613,-5.79032258064516,0.870967741935484,407.741935483871,44.833205015526,11.5603291226154,0.513437345675295,0.669656030305498,-0.621633707047435,-1.60738837970389,-2.03806728599224,-1.89862907007772,-1.91020610817895,-1.84630774828561,-1.90460140734223,-1.88811362322131,-1.81359034051093,-1.84066643422041,860.170327559033,0.650522306227702,0.242780370743831,3380,0.364383561643836
"Painterboy",2002,11,35400.9598958367,3.46666666666667,336.106666566667,128.933333333333,2.18333333333333,-12.9333333333333,-5.375,237.333333333333,22.8093725703731,0,-0.128169689282567,0.192059350906667,0.538414078870206,-0.573989079299183,-1.65470319335819,-2.16469056110124,-1.9499162494809,-1.95758820083129,-1.88112329049301,-1.94565662173061,-1.92108335236479,-1.84809743067689,773.045333103334,0.409728178005702,0.172394844672369,3380,0.364383561643836
"Painterboy",2002,12,33523.20000002,1.66666666666667,294.613332623333,174,-2.05,-14.7166666666667,-8.38333333333333,200,13.8330032449025,0,-0.722994715843528,-0.505952829455427,-0.217135891354132,0.223729130249973,-0.788846907635651,-1.67807932079922,-2.13996107080636,-1.97310122887266,-1.98734356989957,-1.90532728610179,-1.9721055624087,-1.95063809483367,677.610665033666,0.325076527196769,0.125076527196769,3380,0.364383561643836
"Painterboy",2003,1,34548.8514364903,1.12903225806452,363.458063925806,266.064516129032,1.82258064516129,-11.8548387096774,-5.01612903225806,252.903225806452,21.5244830128295,0,-2.09850738676583,-1.80541991970276,-1.49391347579216,-1.07178415595507,-0.617178423795717,-1.3641514979248,-1.90225299621713,-2.20072499455667,-2.05236758897561,-2.06378403228144,-1.99803610747342,-2.07242832630427,835.953547029354,0.421033063101671,0.168129837295219,3380,0.364383561643836
"Painterboy",2003,2,37880.228515625,5.03571428571429,374.857137953571,329.571428571429,-2.26785714285714,-15.5535714285714,-8.91071428571429,195.714285714286,18.0054392337276,0,0.661180470540819,-0.967641949694694,-1.04331649468303,-0.923013890775983,-0.577265698224332,-0.293392383934697,-1.08153182135338,-1.76498366949737,-2.15176011429583,-2.01174823263045,-2.03523128571583,-1.95933234216953,862.171417293213,0.311960015667499,0.116245729953213,3380,0.364383561643836
"Painterboy",2003,3,42263.5355342742,3.09677419354839,527.690324351613,452.903225806452,3.91935483870968,-10.9354838709677,-3.50806451612903,282.58064516129,45.2069479432021,0,-0.321219587786622,0.0961040079536912,-0.703015968163029,-0.834596601456898,-0.819100722836307,-0.572433412129736,-0.383510874033013,-1.05026723485436,-1.68177844254723,-2.13199175387066,-2.01435099135871,-2.06105027055309,1213.68774600871,0.471629909032479,0.189049263871189,3380,0.364383561643836
"Painterboy",2003,4,46944.0000000033,3.16666666666667,570.34666748,542,7.6,-6.8,0.4,382.666666666667,68.7146886837675,7.65732233446416,-0.74298948858403,-0.621681515542339,-0.243021298053432,-0.867351383812742,-0.928439110602557,-0.923408140082938,-0.686640447830754,-0.547930774592227,-1.14883209701661,-1.7334623287405,-2.21859998755519,-2.11123316545188,1311.797335204,0.628756405708651,0.246089739041984,3380,0.364383561643836
"Painterboy",2003,5,50914.6840977774,3.54838709677419,635.561288158064,566.58064516129,12.6774193548387,-1.93548387096774,5.37096774193548,547.096774193548,103.107959520024,53.8691424078806,-0.942396878898312,-0.963217756115246,-0.860217896916214,-0.615015297110659,-1.03676542780192,-1.07513496941167,-1.0630964934868,-0.868964356191862,-0.776206476669978,-1.20796027752818,-1.64646407611419,-2.07478805169621,1461.79096276355,0.894653542293576,0.347556768100028,3380,0.364383561643836
"Painterboy",2003,6,52876.79999998,0.5,654.399998983333,489.466666666667,15.9333333333333,1.55,8.74166666666667,646.666666666667,118.584722948377,76.2492317618153,0.224307836791364,-0.51931772093848,-0.637411632430606,-0.588172891974469,-0.415694296281,-0.725849089725915,-0.783547709387543,-0.772365851011795,-0.651815021428417,-0.592838814457944,-0.962529289419117,-1.41323479325719,1505.11999766167,1.12738428907379,0.480717622407123,3380,0.364383561643836
"Painterboy",2003,7,51940.3355594774,1.16129032258065,704.619356216129,359.870967741935,23.8548387096774,5.87096774193548,14.8629032258065,638.709677419355,163.902351571569,113.127466842809,-2.27680773895134,-1.69337326085425,-1.54587977639168,-1.47586844906328,-1.44066534437867,-1.32855983916999,-1.53268952486862,-1.52817764208197,-1.48784818618715,-1.36766684925327,-1.29518158412638,-1.51873540652488,1620.6245192971,1.6892005682108,1.05049089079144,3380,0.364383561643836
"Painterboy",2003,8,48506.6323084677,3.61290322580645,533.574198074194,207.612903225806,19.9838709677419,5.09677419354839,12.5403225806452,654.193548387097,124.402608993322,94.239955151934,-1.33045656475233,-2.12821146788831,-1.69917280432229,-1.600284441742,-1.5522897895443,-1.53588879586296,-1.45600895347954,-1.61114018842207,-1.59855488172093,-1.56472824616429,-1.46650798547586,-1.40322719827407,1227.22065557065,1.45227354390738,0.798079995520282,3380,0.364383561643836
"Painterboy",2003,9,43983.3600260433,2.2,512.746663413333,98.4,15.1833333333333,0.233333333333333,7.70833333333333,612,83.6811780622739,58.6745183367658,-0.887220255763787,-1.40824610479196,-2.12174088362599,-1.74011054584778,-1.64451057213867,-1.59245308907567,-1.58214095654254,-1.51910541571394,-1.65729713154484,-1.6421287262994,-1.61403393343567,-1.52416086376872,1179.31732585067,1.05093456392319,0.438934563923188,3380,0.364383561643836
"Painterboy",2003,10,39309.2128276161,0.387096774193548,384.516129032258,25.8064516129032,12.0967741935484,-1.33870967741935,5.37903225806452,562.58064516129,55.8934265569937,42.0063466898378,-2.4923335359665,-2.25613682166646,-2.17070954258746,-2.48856521958277,-2.01362419041423,-1.82182879769752,-1.7602586940347,-1.77632497950358,-1.73753397639503,-1.87334925196333,-1.84472647470547,-1.82143513403343,884.387096774193,0.89515532180179,0.3325746766405,3380,0.364383561643836
"Painterboy",2003,11,35400.9598958367,6.1,275.200002033333,78.9333333333333,-0.366666666666667,-10.9,-5.63333333333333,293.333333333333,18.6441868619567,0,1.32976433142704,-0.871419636718357,-1.07368191717936,-1.61768221680613,-2.4593083580163,-1.93909228908949,-1.74437716600239,-1.68528763059023,-1.68632059888639,-1.63062743198125,-1.77777441213684,-1.75980109370956,632.960004676666,0.401758262787758,0.108424929454425,3380,0.364383561643836
"Painterboy",2003,12,33523.20000002,3.86666666666667,291.51999995,163.466666666667,-1.55,-13.2666666666667,-7.40833333333333,240,14.6816665171297,0,-0.348987478263994,0.812925381619767,-0.937733360644644,-1.11585966605211,-1.55538203116005,-2.30267064570363,-1.90303388272279,-1.75313147764203,-1.69986712121,-1.69232952974763,-1.63887985820248,-1.78511985297214,670.495999885,0.350624621803389,0.110624621803389,3380,0.364383561643836
"Painterboy",2004,1,34548.8514364903,3.35483870967742,345.703226764516,216.774193548387,-1.41935483870968,-15.6290322580645,-8.5241935483871,193.548387096774,15.9188634267227,0,-0.35949031927217,-0.389848967933136,0.391187999653884,-0.945278608710601,-1.17005356101132,-1.59173059659157,-2.18627093582468,-1.82411797809461,-1.72016981594246,-1.67686373160509,-1.66723829102779,-1.61387840204114,795.117421558387,0.32152599117898,0.127977604082206,3380,0.364383561643836
"Painterboy",2004,2,37956.4137931034,2.31034482758621,425.379311396552,256.413793103448,-1.01724137931034,-15.6206896551724,-8.31896551724138,201.379310344828,20.1338966598172,0,-0.371882487563965,-0.436321700040465,-0.469308408941965,0.260422092018883,-0.873981991605439,-1.13482214301548,-1.59527729734403,-2.22291909569085,-1.85761747067013,-1.73473663324985,-1.689704527835,-1.68593520545654,978.37241621207,0.326710577042874,0.125331266698046,3380,0.364383561643836
"Painterboy",2004,3,42419.6129032258,1.09677419354839,584.567738196774,305.677419354839,8.2741935483871,-7.83870967741935,0.217741935483871,345.806451612903,59.3563834504372,4.62807280702827,-2.58984112659538,-2.53839963489304,-2.22483104517881,-1.8816151773398,-1.23786232256136,-1.859501397169,-1.97461849082374,-2.24917336043582,-2.52372095208579,-2.22417596590839,-2.00943929353929,-1.95844870918188,1344.50579785258,0.620508180253489,0.274701728640586,3380,0.364383561643836
"Painterboy",2004,4,47082.2399739633,4.5,544.53333435,325.733333333333,8.35,-5.9,1.225,378.666666666667,71.4544115170199,16.925564756941,-0.942192594041024,-2.99097287048485,-2.81804068743073,-2.3272507723644,-1.92144658937405,-1.37776760621485,-1.8916145076019,-2.05413335841335,-2.38784662942679,-2.63288996867911,-2.35119140799043,-2.13185253946226,1252.426669005,0.667321073969972,0.288654407303304,3380,0.364383561643836
"Painterboy",2004,5,51026.1679687452,0.774193548387097,645.367738787097,347.870967741935,12.9354838709677,-0.935483870967742,6,527.741935483871,103.183464001701,58.2674540645198,-1.23539917925812,-1.23372870306658,-2.14930914466064,-2.2534412755689,-2.11707200978655,-1.87713901905288,-1.50211678835026,-1.83291539669208,-1.94427617566719,-2.11945125245465,-2.35723768435215,-2.23214559846058,1484.34579921032,0.934547509125651,0.40680557364178,3380,0.364383561643836
"Painterboy",2004,6,52888.32005206,0.633333333333333,671.57333374,259.733333333333,17.75,2.88333333333333,10.3166666666667,569.333333333333,127.714854865497,85.7473392631177,-0.829455499764007,-1.18328227653854,-1.20530947860108,-1.76468379681287,-1.79785292470587,-1.76690303052515,-1.68009720782216,-1.41094662085738,-1.65921973887976,-1.73875061817931,-1.91658410660635,-2.17770029183319,1544.618667602,1.25335281081935,0.68401947748602,3380,0.364383561643836
"Painterboy",2004,7,51862.2968750032,2.35483870967742,532.851613690323,132.903225806452,17.6290322580645,5.24193548387097,11.4354838709677,637.41935483871,121.7541751827,93.9478669609513,1.35940247645355,0.332804265241129,-0.44745096611817,-0.618873244744077,-1.05926086256365,-1.06858965984493,-1.06732665490368,-1.06227487468327,-0.860460821047849,-1.12341027555743,-1.25441258019795,-1.42515037721816,1225.55871148774,1.35021457030876,0.712795215470048,3380,0.364383561643836
"Painterboy",2004,8,48372.8515625,0.612903225806452,484.335486625806,11.2258064516129,15.6774193548387,3.69354838709677,9.68548387096774,565.161290322581,101.112823507741,78.4750385845418,1.40715505935295,1.58170957854534,0.885395281530724,-0.0625471883997943,-0.319458136397662,-0.759369700955626,-0.763829092147469,-0.772456567521461,-0.780685434620472,-0.607503710905439,-0.861419617887624,-0.991687227795317,1113.97161923935,1.2014549341624,0.636293643839822,3380,0.364383561643836
"Painterboy",2004,9,43822.0800781267,3.1,386.88000234,0,11.6,0.883333333333333,6.24166666666667,609.333333333333,66.7758674455866,50.5234673445088,1.63944554433499,1.8250989473333,1.78143965965975,1.37101015795268,0.466418450628808,0.0582496038926315,-0.451334017482062,-0.449417961985093,-0.468492774037096,-0.468592416081454,-0.299463463130129,-0.574288668936394,889.824005382,0.950287300080175,0.340953966746842,3380,0.364383561643836
"Painterboy",2004,10,39164.2837701581,2.41935483870968,318.038710316129,1.41935483870968,6.2741935483871,-2.85483870967742,1.70967741935484,508.387096774194,38.77941368562,18.6443579387342,1.24803276249876,1.62905687655015,1.90356560907436,1.88806670504485,1.57106348532902,0.768033812384241,0.296210572404069,-0.253123675232456,-0.254912212227772,-0.283296130136509,-0.281750768671538,-0.113633585070908,731.489033727097,0.690942038339934,0.18255494156574,3380,0.364383561643836
"Painterboy",2004,11,35297.2799479167,3.9,315.200001773333,23.2,2.58333333333333,-8.68333333333333,-3.05,345.333333333333,23.3764557873018,0,-0.157375953176562,0.847506186174182,1.44681462077259,1.73069293807912,1.72166841012205,1.4351891122406,0.731416917985539,0.311223492781709,-0.225410023145156,-0.228905664720642,-0.259979946647102,-0.250978848672715,724.960004078666,0.488032590377403,0.14269925704407,3380,0.364383561643836
"Painterboy",2004,12,33511.67994794,1.7,311.146667226667,108.4,-1.38333333333333,-13.6833333333333,-7.53333333333333,234.666666666667,14.8617560390237,0,-0.990673956822914,-0.6895414198898,0.225530807703072,1.17506640381278,1.57924623589892,1.62180353885648,1.28770518357602,0.561502245589445,0.181801362734158,-0.325212756133575,-0.325138190452801,-0.350903689632964,715.637334621334,0.347252381696696,0.112585715030029,3380,0.364383561643836
"Painterboy",2005,1,34548.8514364903,8,340.7483897,329.290322580645,0.354838709677419,-10.9516129032258,-5.29838709677419,278.709677419355,19.1380410095961,0,-0.0396421338962824,-0.534059997333527,-0.576079042756666,0.172348917133313,1.0410260145494,1.46438804899378,1.54332802204229,1.19289059264682,0.50916212795191,0.164519715375182,-0.311767020126597,-0.312212375714085,783.72129631,0.412118658679211,0.133408981259856,3380,0.364383561643836
"Painterboy",2005,2,37880.228515625,4.71428571428571,404.342859535714,406.142857142857,0.910714285714286,-11.6785714285714,-5.38392857142857,265.714285714286,24.4809996714329,0,-0.858966149898286,-0.524352925471153,-0.845814518416306,-0.769837618466001,-0.0690229096284611,0.696771427254865,1.13943495485611,1.31075704087603,0.980538740072389,0.366647787903567,0.0758486151536444,-0.360708809300157,929.988576932142,0.409450391925167,0.143736106210881,3380,0.364383561643836
"Painterboy",2005,3,42263.5355342742,2.74193548387097,521.599998229032,489.032258064516,2.64516129032258,-10.7096774193548,-4.03225806451613,280,41.2916474495274,0,0.128208418712003,-0.233216979245334,-0.150127708959861,-0.413140333020532,-0.427511824896153,0.0325629601383597,0.624858912709959,1.00602665818755,1.19569657098102,0.907146650253855,0.379257503218532,0.130667240376854,1199.67999592677,0.45346170262204,0.17346170262204,3380,0.364383561643836
"Painterboy",2005,4,46944.0000000033,2.13333333333333,598.400001016667,550.933333333333,7.25,-5.6,0.825,408,66.4270237594965,12.7902092173619,-0.567740394161706,-0.175711046382402,-0.400499765764101,-0.327183676972233,-0.506723785174241,-0.519945200536372,-0.12600745922721,0.369649145059052,0.727600835121102,0.939460365469378,0.705850974604975,0.262798217118285,1376.32000233833,0.64836887514376,0.24036887514376,3380,0.364383561643836
"Painterboy",2005,5,50914.6840977774,2.2258064516129,657.341929777419,524.129032258065,11.9838709677419,-0.854838709677419,5.56451612903226,553.548387096774,97.453456227935,55.2377173494064,-0.487983489180721,-0.603148709708624,-0.349671626783291,-0.488061897605048,-0.436851430754423,-0.5714960631365,-0.583276669846357,-0.27504923048616,0.112009569640154,0.417091163890576,0.659768796225975,0.473164030548187,1511.88643848806,0.906765125899083,0.353216738802309,3380,0.364383561643836
"Painterboy",2005,6,52876.79999998,2.53333333333333,623.146662396667,435.6,14.9833333333333,2.13333333333333,8.55833333333333,649.333333333333,111.311565222815,75.1124898249867,1.40493289005612,0.360413990225978,0.0481822869336251,0.131988531818634,0.0182041307107317,0.0246502754327966,-0.0750036548553212,-0.0898184489412116,0.105048840593199,0.401871458348991,0.658750327365479,0.857300534514888,1433.23732351233,1.11347303224339,0.46413969891006,3380,0.364383561643836
"Painterboy",2005,7,51940.3355594774,1.38709677419355,666.116130212903,293.677419354839,21.6774193548387,7.01612903225806,14.3467741935484,794.838709677419,145.650610058328,110.329196064273,-1.2558032542483,-0.185174045571654,-0.419874364664708,-0.507769369125121,-0.362672810127691,-0.43481668553739,-0.414850038596954,-0.499260561671932,-0.500809372658608,-0.299080627534321,-0.0165624631390071,0.226226717344155,1532.06709948968,1.63380263551861,0.838963925841188,3380,0.364383561643836
"Painterboy",2005,8,48506.6323084677,3.41935483870968,478.14193086129,131.870967741935,17.1612903225806,5.35483870967742,11.258064516129,868.387096774194,106.103734112607,87.3046887472101,1.12945019289541,-0.381457610376512,0.286165651939171,-0.131300409972813,-0.283385710106324,-0.177744571753583,-0.251777090976158,-0.242349729217417,-0.321266767695794,-0.330457254188057,-0.14956162264778,0.126603738888713,1099.72644098097,1.33442810054458,0.466041003770381,3380,0.364383561643836
"Painterboy",2005,9,43983.3600260433,4.03333333333333,421.12000122,13.3333333333333,14.8833333333333,3.13333333333333,9.00833333333333,769.333333333333,77.9675439640664,65.5261940713344,0.31781414263429,0.920016845679523,-0.168528102345343,0.366376445600627,-0.0611778342899907,-0.250705447434764,-0.157562377404253,-0.219134548069102,-0.211405661845266,-0.274505990475356,-0.280803804476589,-0.107467040678881,968.576002806,1.14789249691209,0.378559163578758,3380,0.364383561643836
"Painterboy",2005,10,39309.2128276161,2.61290322580645,340.954837306452,1.80645161290323,9.40322580645161,-1.66129032258065,3.87096774193548,550.967741935484,47.4223747178419,33.2703423638607,-0.258216151618154,0.171479556635668,0.703626631029132,-0.221662522990303,0.278716505991735,-0.132187555087413,-0.301248733276699,-0.19454915460719,-0.250748943155814,-0.242726844234175,-0.301081716521759,-0.304474876237068,784.19612580484,0.805535414227705,0.254567672292221,3380,0.364383561643836
"Painterboy",2005,11,35400.9598958367,2.76666666666667,311.67999802,29.3333333333333,2.8,-8.1,-2.65,362.666666666667,23.6164603125554,0,-0.451026703788954,-0.566664468803407,-0.0416493174999837,0.546836713397244,-0.248478016982338,0.247356567186822,-0.139086975799092,-0.303589293972426,-0.205479226552162,-0.261070970978852,-0.254683565581949,-0.304402704058612,716.863995446,0.502768436483264,0.140101769816597,3380,0.364383561643836
"Painterboy",2005,12,33523.20000002,6.26666666666667,273.919998933333,160.266666666667,-2.96666666666667,-14.4833333333333,-8.725,224,12.7115392454531,0,0.807287705336093,0.194287966639832,-0.171616928301531,0.161991153628154,0.668356896917804,-0.135216419297444,0.347915152734182,-0.0354829511768842,-0.211079787347033,-0.12418494551192,-0.182001475328852,-0.177523607660347,630.015997546666,0.316524141242642,0.0925241412426417,3380,0.364383561643836
"Painterboy",2006,1,34548.8514364903,4.90322580645161,335.277419551613,315.741935483871,-1.75806451612903,-14.258064516129,-8.00806451612903,212.903225806452,15.7612921486937,0,0.0216515017442232,0.498652985119058,0.120255901512101,-0.12084448467424,0.0904414666823587,0.58982267996015,-0.182549883691935,0.288250245566723,-0.0303956258550802,-0.197026478005827,-0.112631393360237,-0.167922355024836,771.13806496871,0.334706570536965,0.121803344730513,3380,0.364383561643836
"Painterboy",2006,2,37880.228515625,2.17857142857143,444.6857169,410,-0.464285714285714,-13.9464285714286,-7.20535714285714,222.857142857143,21.6177347800198,0,-0.775171643015044,-0.421138093084258,0.0752861013556996,-0.117833997064199,-0.280528822215354,-0.129168927430674,0.361089633855097,-0.303650095078464,0.162149186158513,-0.114688318181531,-0.251597862659641,-0.161333325232687,1022.77714887,0.356162616590966,0.133305473733823,3380,0.364383561643836
"Painterboy",2006,3,42263.5355342742,5,477.52257956129,498.451612903226,2.11290322580645,-10.3064516129032,-4.09677419354839,287.741935483871,39.6325943483743,0,0.566336583221023,0.191691506639173,0.207144088635964,0.416944079294889,0.280127192747631,0.118051608245026,0.171667842201476,0.53591812836221,-0.0921074682120315,0.328857491831687,0.0710707271982496,-0.0678437175626854,1098.30193299097,0.451269169370019,0.163527233886148,3380,0.364383561643836
"Painterboy",2006,4,46944.0000000033,1.66666666666667,617.173335773333,577.2,8.78333333333333,-4.45,2.16666666666667,450.666666666667,72.266520193027,25.3541402919104,-1.46544160138008,-0.388982761289655,-0.57447511193576,-0.450646720533441,-0.200599624039828,-0.301492754531949,-0.373813471968456,-0.313321167715175,0.0519327522846268,-0.432156354339531,-0.0122674906556667,-0.184252037698199,1419.49867227867,0.713889054009407,0.26322238734274,3380,0.364383561643836
"Painterboy",2006,5,50914.6840977774,0.645161290322581,666.01290106129,526.967741935484,13.0645161290323,0.241935483870968,6.65322580645161,579.354838709677,101.930380052349,62.6948328935422,-1.12068160562847,-1.39142867260096,-0.81953205986527,-0.943662574953407,-0.832656059754352,-0.623431213814364,-0.695486561192694,-0.70320035529018,-0.662229795799964,-0.37314129515904,-0.703093556593239,-0.339877832101853,1531.82967244097,0.977631833627967,0.39827699491829,3380,0.364383561643836
"Painterboy",2006,6,52876.79999998,0.766666666666667,677.226667276667,415.6,18.7166666666667,4.66666666666667,11.6916666666667,574.666666666667,130.229165817062,93.6973972244328,-1.06294127605301,-1.24643474010194,-1.39951788924275,-1.02095693674426,-1.09901574379569,-1.01906826788554,-0.851993582620873,-0.891766290207404,-0.880258272321599,-0.838969899752119,-0.599974514600371,-0.852983388902116,1557.62133473633,1.37329937003191,0.798632703365242,3380,0.364383561643836
"Painterboy",2006,7,51940.3355594774,4.54838709677419,548.851612216129,262.58064516129,19.5967741935484,7.25806451612903,13.4274193548387,680,129.795543043102,105.270811267681,0.661083651211629,-0.307654555195792,-0.745673210313343,-0.958144640411618,-0.677723024890765,-0.733589706205755,-0.693659258515857,-0.57972049657174,-0.615958019081072,-0.631220512406927,-0.613405504207604,-0.421064939204932,1262.3587080971,1.53906953912502,0.859069539125016,3380,0.364383561643836
"Painterboy",2006,8,48506.6323084677,3.67741935483871,476.387102677419,97.1612903225806,17.2258064516129,5.51612903225806,11.3709677419355,890.322580645161,106.078554100322,87.9242587949239,1.16643581742997,1.03067894044417,0.196462500518895,-0.435780049278959,-0.704218546575727,-0.46190738461253,-0.515159626015852,-0.488085484635393,-0.388066824315881,-0.429788210976712,-0.453086590962551,-0.435263585336724,1095.69033615806,1.34445511411227,0.454132533467113,3380,0.364383561643836
"Painterboy",2006,9,43983.3600260433,3.3,420.373332466667,3.73333333333333,11.6833333333333,0.266666666666667,5.975,638.666666666667,68.1577573171812,48.9840770070084,1.51455226355358,1.62498093354445,1.37238013982985,0.77548516508998,0.00727356974568111,-0.396530088567342,-0.179221258870506,-0.230752818937798,-0.215238110726263,-0.103929142580788,-0.15062049567662,-0.186002230640765,966.858664673334,0.932932478578677,0.29426581191201,3380,0.364383561643836
"Painterboy",2006,10,39309.2128276161,5.87096774193548,297.290322332258,14.5806451612903,6,-3.03225806451613,1.48387096774194,514.838709677419,38.1268709742958,16.863651153037,1.74373712009848,1.77537320619168,1.94877483588217,1.7111973592046,1.24701144792746,0.478476116074286,-0.0464617083773183,0.145059385484326,0.0774711953950425,0.0789387972202936,0.192218825617344,0.139344640661497,683.767741364193,0.679846652504614,0.165007942827195,3380,0.364383561643836
"Painterboy",2006,11,35400.9598958367,4.7,327.89333242,68.8,2.65,-8.83333333333333,-3.09166666666667,341.333333333333,23.5334919099373,0,-0.0162645912590078,1.49725591283535,1.62625079988265,1.79727242555515,1.59338683612212,1.19013621749609,0.503966144434152,0.00755563565781841,0.18089139073349,0.114058015505931,0.111877382790522,0.225743625257486,754.154664566,0.486519892916278,0.145186559582945,3380,0.364383561643836
"Painterboy",2006,12,33523.20000002,2.16666666666667,280.213333383333,183.733333333333,-0.733333333333333,-11.6,-6.16666666666667,268,15.8285253223964,0,-1.1215155572567,-0.666536055100562,0.782484651556759,1.36448603740874,1.63764129854358,1.4563751211401,1.00196901030105,0.317595963002774,-0.127957961665025,0.0576271987434278,-0.00068662119119362,0.00340835875272586,644.490666781666,0.385738976905356,0.117738976905356,3380,0.364383561643836
"Painterboy",2007,1,34548.8514364903,1.51612903225806,358.709677912903,232.774193548387,-1.59677419354839,-15.5967741935484,-8.59677419354839,194.838709677419,15.6773395582359,0,-0.725845336444702,-1.08730926616186,-0.919313938885473,0.299364149353834,1.04372656753235,1.36917340806755,1.25541951502002,0.784028498352459,0.174071268223109,-0.215093294061419,-0.026469361295233,-0.0771054894163949,825.032259199677,0.319710030682399,0.12487132100498,3380,0.364383561643836
"Painterboy",2007,2,37880.228515625,4.10714285714286,346.514286582143,283.571428571429,-0.696428571428571,-11,-5.84821428571429,278.571428571429,21.3192092263073,0,-0.225094599567793,-0.605706856090239,-0.976119174855418,-0.807136260591651,0.238598431772128,0.845483100474853,1.17118185591841,1.13164774770967,0.703446713567634,0.14830250358388,-0.207462791873046,-0.0234888153249428,796.982859138929,0.395234260403911,0.116662831832482,3380,0.364383561643836
"Painterboy",2007,3,42263.5355342742,2.19354838709677,521.600002164516,370.193548387097,5.45161290322581,-6.96774193548387,-0.758064516129032,389.677419354839,49.2888408527452,0,-1.00211953426828,-0.923057669533299,-1.00911603223609,-1.22525530325988,-1.14988998368152,-0.265269426663448,0.325744093880503,0.678814897332721,0.743025789797292,0.380600356880608,-0.0631720376464624,-0.342878071731606,1199.68000497839,0.577958036579644,0.188280617224805,3380,0.364383561643836
"Painterboy",2007,4,46944.0000000033,1.7,614.079996746667,365.466666666667,8.13333333333333,-3.95,2.09166666666667,454.666666666667,68.7957326757113,24.7289993957727,-0.962326906701125,-1.33010957223404,-1.21978344521024,-1.25584607864612,-1.36335751626542,-1.31211850899528,-0.515076491751486,-0.011681262365743,0.329274352491866,0.445321001293276,0.145709972324413,-0.212417751847864,1412.38399251733,0.710077362210024,0.255410695543357,3380,0.364383561643836
"Painterboy",2007,5,50914.6840977774,1.58064516129032,633.187094412903,323.741935483871,11.758064516129,-0.612903225806452,5.57258064516129,543.225806451613,95.6947847406915,55.2944375025568,-0.371116931573483,-0.712228309840742,-0.923879423657399,-0.917793048546504,-0.986956065052894,-1.10387385714816,-1.06691922161278,-0.525257894431811,-0.15995185965481,0.104667177275575,0.235694871470866,-0.00488125153051948,1456.33031714968,0.907272905200451,0.364047098748838,3380,0.364383561643836
"Painterboy",2007,6,52876.79999998,0.633333333333333,656.853333536667,230.533333333333,17.6,4.46666666666667,11.0333333333333,549.333333333333,123.098600723348,89.9271010461343,-0.318733756232945,-0.453863917371496,-0.659071471103965,-0.809780842130763,-0.798723596964898,-0.858909046771878,-0.963678447100787,-0.929272948749401,-0.517610417816337,-0.224819092590413,0.00835256735320178,0.136439327630379,1510.76266713433,1.31466536298592,0.765332029652589,3380,0.364383561643836
"Painterboy",2007,7,51940.3355594774,3.16129032258065,511.483869983871,68.7741935483871,20.5,7.43548387096774,13.9677419354839,704.516129032258,135.869451533199,108.255514236256,-0.204914812511867,-0.340953109519883,-0.464980596063746,-0.636784557630129,-0.746240259168653,-0.734321111517717,-0.790576239899843,-0.877358895967763,-0.847047801405825,-0.526251399366655,-0.275442448483783,-0.0790006417923638,1176.4129009629,1.59414270381812,0.889626574785867,3380,0.364383561643836
"Painterboy",2007,8,48506.6323084677,1.54838709677419,440.567742132258,0,19.0806451612903,7.19354838709677,13.1370967741935,920,113.350057266549,97.3965454901082,-0.16691305967131,-0.213647873644151,-0.386935876468668,-0.536855592378742,-0.681272780144801,-0.776933148332298,-0.765504619084153,-0.813928034276599,-0.888512423944648,-0.863122300168676,-0.580434809420413,-0.346741769783266,1013.30580690419,1.51017459375267,0.590174593752668,3380,0.364383561643836
"Painterboy",2007,9,43983.3600260433,3.53333333333333,388.48000132,0.133333333333333,14.3,2.56666666666667,8.43333333333333,744,76.2411235339148,62.5338316490171,0.504290136952745,0.209285306952658,0.0392373223766483,-0.146774126292906,-0.407368260343693,-0.601181007560016,-0.702809298177899,-0.682613009830369,-0.731167715292218,-0.792295793102463,-0.768819978572942,-0.496695205802352,893.504003036,1.1040751196521,0.360075119652101,3380,0.364383561643836
"Painterboy",2007,10,39309.2128276161,2.64516129032258,358.709679387097,13.2903225806452,8.83870967741935,-2.90322580645161,2.96774193548387,514.838709677419,46.8163878660797,27.5601594893547,-0.122632617005985,0.371154637929425,0.140523428061784,0.00613791363111784,-0.166720108271968,-0.439424704399707,-0.622592053525129,-0.7129104930079,-0.69122839777416,-0.742301280238003,-0.798425960683581,-0.775209111769789,825.032262590323,0.755746668271646,0.240907958594227,3380,0.364383561643836
"Painterboy",2007,11,35400.9598958367,1.3,313.17333349,8.53333333333333,5.16666666666667,-6.45,-0.641666666666667,400,27.6124401631858,0,-1.44937295680793,-1.15455727989178,-0.403196577111148,-0.409389904708845,-0.309255498288819,-0.422486041641251,-0.616713013302411,-0.766397308090157,-0.855285315007493,-0.837433381273678,-0.884980458289349,-0.930225789732485,720.298667027,0.582893732403047,0.182893732403047,3380,0.364383561643836
"Painterboy",2007,12,33523.20000002,7.36666666666667,271.57333399,152,-4.06666666666667,-14.75,-9.40833333333333,218.666666666667,11.3211286209428,0,1.34749776702821,-0.300377381811828,-0.454101797871551,0.0655816063532171,-0.0518136108600094,-0.0685497193647918,-0.204348911337015,-0.439483076583551,-0.616976866545603,-0.713894483666741,-0.694218084640258,-0.745575170242731,624.618668177,0.300018049700566,0.0813513830338987,3380,0.364383561643836
"Painterboy",2008,1,34548.8514364903,9.25806451612903,330.529031819355,485.806451612903,-5.20967741935484,-16.8387096774194,-11.0241935483871,179.354838709677,10.5196441448669,0,1.62883161961374,1.73308353811398,0.891467785262055,0.627947883037746,0.730822517484196,0.549474275685163,0.329744548550914,0.171088532479819,-0.0881370246071596,-0.324466112015773,-0.444666676015485,-0.427553665959772,760.216773184516,0.263997043181124,0.0846422044714472,3380,0.364383561643836
"Painterboy",2008,2,37956.4137931034,6.75862068965517,415.006891713793,732.275862068965,-0.53448275862069,-12.7241379310345,-6.62931034482759,240,21.6730532079655,0,0.286173129426224,1.23500978545858,1.47693889552085,0.862686369339695,0.650624353305697,0.711813864880557,0.581492436316166,0.374574985870566,0.23164845003964,-0.0200929862437986,-0.249511811566578,-0.371007616282477,954.515850941724,0.372305821002814,0.132305821002814,3380,0.364383561643836
"Painterboy",2008,3,42419.6129032258,3.90322580645161,547.30322856129,856,2.08064516129032,-12.1935483870968,-5.05645161290323,260.645161290323,39.5135757856338,0,0.463014289863934,0.501405917034156,0.988450203039578,1.25079832368185,0.863248102328321,0.709792673306029,0.77478815740899,0.667546235522841,0.463854271709893,0.35593534831478,0.127348316594585,-0.0908881850845872,1258.79742569097,0.419749171634534,0.159104010344211,3380,0.364383561643836
"Painterboy",2008,4,47082.2399739633,3.8,600.00000305,976.933333333333,5.58333333333333,-8.43333333333333,-1.425,338.666666666667,60.9958981504423,0,0.338665860859454,0.555639452094028,0.571806283828401,0.895821292330021,1.10068862979231,0.824958384488787,0.703683411957498,0.764016449655637,0.692323577100868,0.51469071463578,0.426225569065331,0.225670186256465,1380.000007015,0.550385798022526,0.211719131355859,3380,0.364383561643836
"Painterboy",2008,5,51026.1679687452,3.51612903225806,589.316129622581,996.516129032258,10.0967741935484,-2.29032258064516,3.90322580645161,532.903225806452,88.9178227330863,42.9633675882452,0.492764165308762,0.43615130419444,0.561234360400378,0.590105189112317,0.835990862845299,1.02883194192763,0.800250502757791,0.707100227007418,0.756714150475839,0.687386934708888,0.53898754967722,0.476445977973636,1355.42709813194,0.807366032377622,0.27446280657117,3380,0.364383561643836
"Painterboy",2008,6,52888.32005206,0.9,687.67999929,924.4,16.2833333333333,3.01666666666667,9.65,733.333333333333,117.786098723488,81.7825666738571,0.378511691702398,0.473266306263185,0.448870867475576,0.543015089863539,0.562885480613558,0.791348998225635,0.984160099917981,0.772458227152906,0.689314310402973,0.72826123143446,0.677501575597681,0.552785893509869,1581.663998367,1.19859442229051,0.465261088957176,3380,0.364383561643836
"Painterboy",2008,7,51862.2968750032,0.774193548387097,663.019354051613,783.225806451613,20.5967741935484,6.33870967741935,13.4677419354839,689.032258064516,139.706180098168,105.494743372699,-0.822317590317942,-0.386678191914451,-0.0904252518153355,0.00624151232576875,0.179760133750491,0.229441665505522,0.481929876390107,0.671436966379201,0.45014956578669,0.397993775665953,0.442303296176969,0.384201719722087,1524.94451431871,1.5431209258947,0.854088667830186,3380,0.364383561643836
"Painterboy",2008,8,48372.8515625,2.32258064516129,595.509674074194,619.870967741935,18.4677419354839,6.03225806451613,12.25,674.838709677419,112.610817039067,92.6885456638036,0.0535844358611672,-0.532064210423998,-0.339772796164635,-0.155270707623039,-0.0595164086762666,0.107808959328856,0.157021963017943,0.412285402155052,0.60449591207516,0.379449205021163,0.330330817650055,0.379183187780076,1369.67225037065,1.42481847865085,0.749979768973427,3380,0.364383561643836
"Painterboy",2008,9,43822.0800781267,1.06666666666667,567.040003456667,492.533333333333,14.6,2.33333333333333,8.46666666666667,560,78.0536740408921,62.7088917693567,-0.167711407886831,-0.0557896249541241,-0.463377540838529,-0.31132318483524,-0.206856370992265,-0.136524256885846,0.0303261850167264,0.0924736695316345,0.346136771698675,0.52937460312006,0.319784775664287,0.278138131806733,1304.19200795033,1.10657436188256,0.54657436188256,3380,0.364383561643836
"Painterboy",2008,10,39164.2837701581,1.25806451612903,482.993545535484,414.838709677419,9.5,-2.5,3.5,500.645161290323,48.5410320229816,30.9779023634013,-0.795269591755169,-0.494539512517458,-0.354015133000583,-0.62563360759912,-0.459223685437217,-0.361668682711485,-0.269576769016579,-0.0824629504743183,-0.0129869171677974,0.242252655857217,0.42030968522419,0.222829053773173,1110.88515473161,0.784745763147944,0.284100601857621,3380,0.364383561643836
"Painterboy",2008,11,35297.2799479167,3.26666666666667,358.400000763333,421.866666666667,4.66666666666667,-7.18333333333333,-1.25833333333333,368,26.8860723854799,0,-0.994388585162504,-1.20055686447131,-0.898119456760419,-0.665496542483305,-0.801303111925682,-0.589721465982426,-0.455196733739194,-0.356142553494245,-0.172778246596231,-0.101071082683695,0.149590214342833,0.324503788069429,824.320001755666,0.557164342251036,0.189164342251036,3380,0.364383561643836
"Painterboy",2008,12,33511.67994794,9.93333333333333,273.279999546667,587.333333333333,-3,-13.7,-8.35,225.333333333333,12.7588581119826,0,1.56097661836794,0.333075488769591,-0.369952566171866,-0.252595774840531,-0.20168290481658,-0.481987284664,-0.322274284897376,-0.229248805506607,-0.153371258950014,0.00801389062546007,0.0708686064896643,0.309781026544401,628.543998957334,0.325921820894478,0.100588487561145,3380,0.364383561643836
"Painterboy",2009,1,34548.8514364903,4.35483870967742,336.412903819355,251.483870967742,-0.225806451612903,-12.9516129032258,-6.58870967741935,233.548387096774,18.2081794584136,0,-0.65504018794104,0.580339644751569,-0.145958664443156,-0.585479465919949,-0.525685747436743,-0.43748436631221,-0.638345229862676,-0.456441088626108,-0.311219580248038,-0.229731165017373,-0.065341176793295,-0.000820827188123946,773.749678784516,0.373467796360673,0.139919409263899,3380,0.364383561643836
"Painterboy",2009,2,37880.228515625,5.10714285714286,428.228569575,387.428571428571,1.48214285714286,-12.6964285714286,-5.60714285714286,244.285714285714,25.513269926783,0,-1.02388935329981,-1.13815689878625,0.0357583151746428,-0.450784173230477,-0.764211934820386,-0.736556571615322,-0.635258794315259,-0.777388293751465,-0.573385039863841,-0.406088524384597,-0.308683637824177,-0.140294983080731,984.9257100225,0.402559943698216,0.158274229412502,3380,0.364383561643836
"Painterboy",2009,3,42263.5355342742,2.87096774193548,525.316125196774,453.161290322581,4.37096774193548,-9.7741935483871,-2.70161290322581,316.129032258065,46.6030861794545,0,-0.538198327500059,-0.902379340707437,-0.959000420683169,-0.268329882424429,-0.612619668676172,-0.822034307374812,-0.84532761333214,-0.754198649888691,-0.861470102349867,-0.651794057107774,-0.458255111071561,-0.351300170059083,1208.22708795258,0.500845098309884,0.184716066051819,3380,0.364383561643836
"Painterboy",2009,4,46944.0000000033,5.56666666666667,530.45333557,612,6.31666666666667,-6.81666666666667,-0.25,390.666666666667,63.2792835700831,0,0.279199974927582,-0.0581475965684025,-0.339058990347578,-0.463042517982426,-0.00170703422654558,-0.261459308959046,-0.46816481315512,-0.551693901858168,-0.509510676324177,-0.682135981236668,-0.501876712861936,-0.329315845503643,1220.042671811,0.599777595928582,0.209110929261915,3380,0.364383561643836
"Painterboy",2009,5,50914.6840977774,2.51612903225806,642.374190793548,602.451612903226,13.0322580645161,-0.451612903225806,6.29032258064516,589.677419354839,102.974496017758,60.2516683764478,-1.03555722705964,-0.516004879385525,-0.557725560680944,-0.733122348156761,-0.798225496118921,-0.427852124552897,-0.627762567426791,-0.742010787845136,-0.812581474748665,-0.779240537444397,-0.875108242320409,-0.728557834888581,1477.46063882516,0.953484442183378,0.363807022828539,3380,0.364383561643836
"Painterboy",2009,6,52876.79999998,2.13333333333333,621.760005693333,527.6,14.9333333333333,1.13333333333333,8.03333333333333,665.333333333333,113.055259445235,71.817201428469,1.14173117002688,-0.123878178908569,0.0114713764648533,-0.0935284254379849,-0.223722788350652,-0.297398452417,-0.0406449027667274,-0.195031805469851,-0.326034709997789,-0.407103369349405,-0.399442179818469,-0.561712496084615,1430.04801309467,1.07447033182947,0.409136998496138,3380,0.364383561643836
"Painterboy",2009,7,51940.3355594774,1.90322580645161,603.974190006452,402.193548387097,20.1451612903226,5.54838709677419,12.8467741935484,800,138.548562710728,102.024070647043,-0.60963575064182,0.243666007682479,-0.408979073464334,-0.266241019752628,-0.310692467525325,-0.404016215922999,-0.465140038984483,-0.247899343120283,-0.375649955150212,-0.469852762583445,-0.534358101920483,-0.532139586571013,1389.14063701484,1.48175778994284,0.681757789942836,3380,0.364383561643836
"Painterboy",2009,8,48506.6323084677,0.967741935483871,598.812904603226,251.741935483871,18.0483870967742,5.17741935483871,11.6129032258065,754.838709677419,112.13670321304,89.2459115981727,-0.0750831294181591,-0.439572665443332,0.0934112561094201,-0.46624440902744,-0.337796406117641,-0.377101242901128,-0.45992370230531,-0.513611126291821,-0.317531832260715,-0.432917871989189,-0.515038628217086,-0.566995745030322,1377.26968058742,1.36616523573799,0.611326526060569,3380,0.364383561643836
"Painterboy",2009,9,43983.3600260433,2.96666666666667,470.080002846667,121.733333333333,14.2166666666667,2.21666666666667,8.21666666666667,634.666666666667,76.4658254980461,61.3909777190886,0.38469644620038,0.194197564400122,-0.192787790519654,0.231307736538344,-0.366975049974285,-0.289708264806312,-0.338380643320715,-0.408332130304152,-0.461704386967102,-0.259744512239227,-0.368834249975929,-0.451056298222371,1081.18400654733,1.08795108490448,0.453284418237815,3380,0.364383561643836
"Painterboy",2009,10,39309.2128276161,3.54838709677419,334.038710067742,80.3870967741936,5.09677419354839,-4.51612903225806,0.290322580645161,463.225806451613,36.8988112838473,5.30701069930431,1.62351301628285,1.22069739533322,0.941791490597427,0.360172706610486,0.709871598745728,0.0153083385055122,0.0336816730610141,-0.0510782703799683,-0.132223378798928,-0.199043925932082,0.00762763221288008,-0.108794920479772,768.289033155806,0.623781303787047,0.160555497335434,3380,0.364383561643836
"Painterboy",2009,11,35400.9598958367,1.13333333333333,359.893333436667,88.6666666666667,4.76666666666667,-7.1,-1.16666666666667,389.333333333333,27.0540685340143,0,-1.38757770660755,0.344857309881853,0.569776794633005,0.432137985646213,0.0599205924732314,0.418484532529798,-0.191667466641857,-0.14418250979768,-0.206001403862351,-0.278442544580347,-0.340175192974295,-0.129934835697973,827.754666904334,0.560924033245094,0.171590699911761,3380,0.364383561643836
"Painterboy",2009,12,33523.20000002,5.5,296.213333386667,206,-4.23333333333333,-16,-10.1166666666667,186.666666666667,10.8783871486591,0,1.05086988476421,-0.471428966142285,0.795732584488039,0.797186689194927,0.628551228475254,0.214566635036021,0.565152849577799,-0.048788066237962,-0.0154306454642453,-0.0955042909998467,-0.171338167152195,-0.235412330786184,681.290666789334,0.283721583948223,0.0970549172815561,3380,0.364383561643836
"Painterboy",2010,1,34548.8514364903,3.06451612903226,355.199998916129,320.645161290323,-0.5,-12.6451612903226,-6.57258064516129,240,17.8135245587178,0,-0.860818719524697,0.10399476507413,-0.848245107778206,0.248977165693312,0.401410776325566,0.295948079449329,-0.0354951008696406,0.330281644693134,-0.177650478339173,-0.128436871251335,-0.186473207213593,-0.255003104297083,816.959997507097,0.373930297738442,0.133930297738442,3380,0.364383561643836
"Painterboy",2010,2,37880.228515625,4.28571428571429,418.399998257143,434.428571428571,-1.78571428571429,-14.1607142857143,-7.97321428571429,215.714285714286,19.2100497814499,0,0.284123482759634,-0.317904503213847,0.2636705892666,-0.480374967658267,0.378543171316641,0.438292246430214,0.362767690981459,0.0350411109673485,0.378247537530741,-0.105786129794431,-0.0608819526580441,-0.119661446492351,962.319995991429,0.335613645162943,0.119899359448657,3380,0.364383561643836
"Painterboy",2010,3,42263.5355342742,1.45161290322581,561.548388077419,524.387096774194,3.46774193548387,-10.2741935483871,-3.40322580645161,290.322580645161,43.7995164344303,0,-0.352630783687397,-0.123302945794488,-0.375210364250692,-0.00474013163268436,-0.523827750502654,0.139671137589817,0.214737524291005,0.16656525138378,-0.0947778650579472,0.252320090640131,-0.147807298705792,-0.0898640380871643,1291.56129257806,0.475340189335611,0.18501760869045,3380,0.364383561643836
"Painterboy",2010,4,46944.0000000033,5.06666666666667,523.093333943333,590.666666666667,5.78333333333333,-5.63333333333333,0.075,425.333333333333,60.0914467643598,2.33817330170909,0.575648861360084,0.254295757105271,0.321079011428934,0.0890119716674946,0.319465865356608,-0.0444858713423362,0.379296085986393,0.419823957015,0.377356413168478,0.108129305549958,0.401511943210418,0.0344087376944789,1203.11466806967,0.614115434002922,0.188782100669589,3380,0.364383561643836
"Painterboy",2010,5,50914.6840977774,1.93548387096774,654.8645118,600.387096774194,10.0322580645161,-2.37096774193548,3.83064516129032,517.41935483871,88.6781376546456,42.3956633660896,0.36876947221465,0.482171815949549,0.321223227537525,0.373959664918663,0.214071951289916,0.381498655259205,0.108537247368401,0.414845605392485,0.437904571249465,0.386632361451815,0.155505501493759,0.419598273111636,1506.18837714,0.803252306948782,0.285832952110072,3380,0.364383561643836
"Painterboy",2010,6,52876.79999998,1.2,661.54666748,499.333333333333,17.8333333333333,4.9,11.3666666666667,782.666666666667,123.569933717888,91.844065585404,-0.307427861830473,0.0240421555740483,0.239407418621672,0.145400089091022,0.199182013458754,0.0772041090153608,0.23669003975355,0.00698810877542718,0.278892986505286,0.291486236129147,0.258445701862936,0.0667239377345592,1521.557335204,1.34407192063397,0.561405253967303,3380,0.364383561643836
"Painterboy",2010,7,51940.3355594774,2.32258064516129,597.470966954839,349.032258064516,20.2741935483871,7.2258064516129,13.75,809.032258064516,134.854856472557,107.056843138037,-0.185768586111079,-0.321520520706624,-0.111092336668965,0.0728017693086612,0.021826920178973,0.0813703196042008,-0.0269188330436685,0.116557505585761,-0.0889308924860188,0.171512760185499,0.192400069270299,0.15238701858897,1374.18322399613,1.57174412159275,0.76271186352823,3380,0.364383561643836
"Painterboy",2010,8,48506.6323084677,3.06451612903226,514.99354996129,177.677419354839,17.3870967741935,6.14516129032258,11.7661290322581,854.193548387097,105.346303460329,90.0788081048351,1.18193340431135,0.49704444654703,0.191767863200798,0.190466604385403,0.299227061792983,0.200038511098254,0.243067974353537,0.130069195583611,0.272758579117796,0.0682392172805511,0.312481582030266,0.340533782827619,1184.48516491097,1.38007406328639,0.525880514899292,3380,0.364383561643836
"Painterboy",2010,9,43983.3600260433,1.8,490.560001626667,41.4666666666667,16.75,3.73333333333333,10.2416666666667,778.666666666667,85.8378477693298,71.7639396130723,-1.27242799140754,0.0361803223695165,-0.0537265234154656,-0.22179689549949,-0.18590027784952,-0.045135796366482,-0.0882843423158161,-0.0201353367596594,-0.116668847480006,0.0237450334497706,-0.156465802735184,0.0873285655765134,1128.28800374133,1.24708440166867,0.468417735002,3380,0.364383561643836
"Painterboy",2010,10,39309.2128276161,4.09677419354839,304.516130512903,11.4838709677419,9.06451612903226,-1.2741935483871,3.89516129032258,580.645161290323,45.891772533317,33.4175685896277,0.357261496487542,-0.69881407384535,0.186832373999455,0.0454667534361185,-0.127959067085374,-0.134630421237873,-0.00154248023380816,-0.0408260440585216,0.0263005187517795,-0.0710976223006575,0.0697553045280091,-0.10657673498614,700.387100179677,0.806908033082846,0.226262871792523,3380,0.364383561643836
"Painterboy",2010,11,35400.9598958367,4.03333333333333,310.82666652,90.2666666666667,0.666666666666667,-10.2833333333333,-4.80833333333333,313.333333333333,20.2983553924754,0,0.553287579071997,0.523728322580249,-0.291128079411148,0.401108177705154,0.244763558643134,0.0677535475984644,0.033196296003687,0.135892268714681,0.0730657646969273,0.132409338568864,0.0308399849917103,0.172586047690739,714.901332996,0.427704903021247,0.114371569687914,3380,0.364383561643836
"Painterboy",2010,12,33523.20000002,9.36666666666667,268.373334243333,219.733333333333,0.65,-8.68333333333333,-4.01666666666667,332,17.3804396454171,0,0.416223568310408,0.674622066469757,0.609399133917996,-0.198220979907947,0.417757104858614,0.265477146698949,0.0995412261702035,0.0780018369784548,0.180324682496566,0.10833799011224,0.165095691017506,0.0647841214728576,617.258668759666,0.453992983041179,0.121992983041179,3380,0.364383561643836
"Painterboy",2011,1,34548.8514364903,1.96774193548387,327.638712235484,132.774193548387,-2.51612903225806,-15.6451612903226,-9.08064516129032,196.129032258065,14.3836457624079,0,-0.325799645944017,0.0595704317095622,0.298410454744801,0.343091048519024,-0.361746786632204,0.246168579670845,0.123010691746208,-0.011302907963453,0.0191102447909307,0.123526705947505,0.0674699288729271,0.12551180239653,753.569038141613,0.307835229408366,0.111706197150301,3380,0.364383561643836
"Painterboy",2011,2,37880.228515625,7.17857142857143,370.514287675,244.428571428571,-2.80357142857143,-15.375,-9.08928571428571,210,17.1628926364501,0,1.13627693196275,0.667217150959202,0.723022449961437,0.845548545725195,0.797304156617043,0.132390439440585,0.599623429460983,0.396126426577622,0.255291631503165,0.248039030388466,0.320406403242297,0.245652745663493,852.1828616525,0.30762679828755,0.0976267982875497,3380,0.364383561643836
"Painterboy",2011,3,42263.5355342742,3.83870967741935,495.380647719355,412.516129032258,2.96774193548387,-8.46774193548387,-2.75,330.322580645161,41.7680252612776,0,0.201828412839799,0.704025044409545,0.520482069943714,0.606892771324993,0.730635638660369,0.700914067602274,0.20014590297187,0.578390428711294,0.396100972117555,0.296719586938685,0.294965432739339,0.362835476648726,1139.37548975452,0.499047906205077,0.168725325559916,3380,0.364383561643836
"Painterboy",2011,4,46944.0000000033,6.43333333333333,539.20000305,495.066666666667,4.55,-6.81666666666667,-1.13333333333333,381.333333333333,55.9064944194158,0,1.0903252362291,0.85500583181263,1.02099654490979,0.867007677219122,0.935355634304789,1.00483963629185,0.961349857193258,0.625919671458893,0.886482522799463,0.696517451431251,0.601592961445885,0.572155293334619,1240.160007015,0.562296765077712,0.180963431744379,3380,0.364383561643836
"Painterboy",2011,5,50914.6840977774,2.48387096774194,596.851613196774,513.806451612903,8.7741935483871,-2.06451612903226,3.35483870967742,539.354838709677,81.0733793561021,38.592418917752,1.05656083525719,1.15168633808262,0.981438527664842,1.09587729885583,0.989353511635732,1.07928802879013,1.12189960053014,1.08453199896558,0.843165109236104,1.0369728695009,0.87339795967691,0.80036436523298,1372.75871035258,0.776740856657041,0.237386017947364,3380,0.364383561643836
"Painterboy",2011,6,52876.79999998,0.7,686.719999186667,421.6,15.8833333333333,3.41666666666667,9.65,773.333333333333,114.179543548358,81.7825666738571,0.818129850828279,1.11976160016425,1.18393402310778,1.01313818364083,1.10545921231615,1.01118962095648,1.11211064486394,1.14279781848488,1.10903627266205,0.892265472435139,1.07581759337101,0.939645354401544,1579.45599812933,1.19859442229051,0.425261088957176,3380,0.364383561643836
"Painterboy",2011,7,51940.3355594774,2.25806451612903,590.761292487097,277.032258064516,19.5645161290323,7.09677419354839,13.3306451612903,932.903225806452,130.068111593472,104.732573089818,0.354538398911487,0.770065211714618,1.02552355420816,1.12846438450041,0.972541579759157,1.06849552519102,0.979826845985565,1.08497142802486,1.10845966424453,1.08831946566865,0.885131053661875,1.06415066868853,1358.75097272032,1.52938434409667,0.596481118290222,3380,0.364383561643836
"Painterboy",2011,8,48506.6323084677,0.645161290322581,561.341931745161,104.516129032258,19.4032258064516,7.11290322580645,13.258064516129,738.064516129032,115.707182238219,98.0312557402411,-0.624626484562671,-0.0977131559572802,0.245434001437182,0.646411531604819,0.873478977080195,0.78003072962833,0.9060209308716,0.819650885320521,0.921474308391557,0.954030317939886,0.938413325520938,0.710862210123499,1291.08644301387,1.52215565690191,0.784091140772875,3380,0.364383561643836
"Painterboy",2011,9,43983.3600260433,1.63333333333333,408.85333201,1.06666666666667,14.6833333333333,3.41666666666667,9.05,705.333333333333,76.4657792116117,65.7408335113735,0.177497524538384,-0.307925543248362,0.0115045071250471,0.286256141310243,0.625539722876984,0.854294991604194,0.765401421102098,0.893830388871091,0.807208853000868,0.890861222345051,0.924489440423664,0.913909598898495,940.362663623,1.15112644737494,0.445793114041609,3380,0.364383561643836
"Painterboy",2011,10,39309.2128276161,2.7741935483871,376.154837825806,12.3870967741935,8.56451612903226,-2.54838709677419,3.00806451612903,517.41935483871,45.6335474361412,27.8250039647306,0.147993290678239,0.28581297061103,-0.200380342573977,0.0498671380735847,0.299362918629045,0.613640615559533,0.8438138155852,0.760507815956044,0.8859079212478,0.806315562055414,0.882717755312806,0.918372447975565,865.156126999354,0.757909869020883,0.240490514182173,3380,0.364383561643836
"Painterboy",2011,11,35400.9598958367,2.6,305.28000158,58.9333333333333,1.7,-8.96666666666667,-3.63333333333333,318.666666666667,21.8459512641751,0,-0.106989319286705,-0.0714646433235696,0.20935727878318,-0.171437684623174,0.0993339646510811,0.338766177194825,0.606586737001138,0.816894880998756,0.749511110983161,0.869898544456251,0.795502753747581,0.861427153502103,702.144003634,0.467230355572447,0.14856368890578,3380,0.364383561643836
"Painterboy",2011,12,33523.20000002,0.9,309.54666545,97.8666666666667,-1,-13.1333333333333,-7.06666666666667,236,15.4316651798833,0,-1.34248778005761,-0.870308474630171,-0.703389562763926,-0.320807549479545,-0.600922309494598,-0.203145872375215,0.075966558573671,0.382400590799255,0.628910632449808,0.597045866220689,0.735008332389439,0.667903324065285,711.957330535,0.359991272447874,0.123991272447874,3380,0.364383561643836
"Painterboy",2012,1,34548.8514364903,4.38709677419355,333.419352870968,234.193548387097,0.032258064516129,-12.9677419354839,-6.46774193548387,233.548387096774,18.6018612789078,0,-0.738157921807418,-1.23035797100342,-1.07225689463035,-0.893176907983483,-0.61468317607451,-0.826076534670105,-0.401405192033859,-0.108069233240899,0.230720747543522,0.482573143392935,0.484058998986788,0.631302955757756,766.864511603226,0.376948997625861,0.143400610529087,3380,0.364383561643836
"Painterboy",2012,2,37956.4137931034,3.72413793103448,402.979311717241,354.620689655172,-1.60344827586207,-13.4137931034483,-7.50862068965517,223.448275862069,19.6539241199668,0,0.0688203499614201,-0.395612492459015,-0.927700304114749,-0.813279601430747,-0.659412276394733,-0.499823663462202,-0.722912324845562,-0.356774128254198,-0.0703907540641009,0.244069006359096,0.478682222932973,0.487087627964142,926.852416949654,0.347916778793469,0.1244685029314,3380,0.364383561643836
"Painterboy",2012,3,42419.6129032258,1.41935483870968,576.412899880645,452.387096774194,5.70967741935484,-7.25806451612903,-0.774193548387097,380.645161290323,50.317614296203,0,-1.25454425048301,-0.987107598401032,-1.07012285088125,-1.35280741134761,-1.30689403044329,-1.08498416319121,-0.950193780532906,-1.09598780919019,-0.691771020076232,-0.378327201755841,-0.0331711827498574,0.221594272783466,1325.74966972548,0.577277039714575,0.196631878424252,3380,0.364383561643836
"Painterboy",2012,4,47082.2399739633,1.66666666666667,592.319994103333,441.6,8.51666666666667,-2.88333333333333,2.81666666666667,489.333333333333,69.2576616124747,30.5349222062951,-1.03302012854595,-1.61078113899453,-1.32857983696543,-1.3539111463434,-1.50911494731206,-1.48486806925914,-1.23500770177981,-1.14315474963213,-1.28765636291522,-0.867058983279912,-0.5638661733898,-0.198304155543063,1362.33598643767,0.747690400593122,0.258357067259789,3380,0.364383561643836
"Painterboy",2012,5,51026.1679687452,0.709677419354839,693.470964003226,389.41935483871,13.1129032258065,0.290322580645161,6.70161290322581,473.548387096774,102.132075943225,63.017617305824,-1.13474579285699,-1.21165776391974,-1.50925936186927,-1.43108666767957,-1.46886604312325,-1.56077095901502,-1.52433639299753,-1.3395848219891,-1.27930883178133,-1.36536355256744,-1.04216192621261,-0.804548673731851,1594.98321720742,0.980891955995083,0.507343568898309,3380,0.364383561643836
"Painterboy",2012,6,52888.32005206,0,691.519997153333,275.066666666667,19.7833333333333,6.2,12.9916666666667,352,133.692534273225,100.966267228428,-1.42986074592511,-1.45538491605633,-1.45175501386619,-1.64366057215839,-1.59305550720097,-1.63187996788834,-1.69313420434463,-1.65339669344676,-1.49435658965013,-1.42333179453172,-1.49464164120349,-1.22429381357968,1590.49599345267,1.49588053633098,1.14388053633098,3380,0.364383561643836
"Painterboy",2012,7,51862.2968750032,3.29032258064516,528.619354248387,108.774193548387,20.0967741935484,6.88709677419355,13.491935483871,619.354838709677,134.575915767431,105.629008871889,-0.0477431278859128,-0.964650126469155,-1.12597295580595,-1.16956890374668,-1.30364305140274,-1.2667288913176,-1.30589837213533,-1.38010163517633,-1.34258538592843,-1.2715884965084,-1.24714498877541,-1.30710451872634,1215.82451477129,1.5455562559884,0.926201417278726,3380,0.364383561643836
"Painterboy",2012,8,48372.8515625,1.93548387096774,448.309678106452,2.32258064516129,19.3548387096774,6.09677419354839,12.7258064516129,830.967741935484,118.116752816737,95.2256536924535,-0.77341758858832,-0.416368189958728,-1.04366995434999,-1.19322223570292,-1.22780880227715,-1.33687450210597,-1.30799225473648,-1.34001229991784,-1.39608491231836,-1.36554214451252,-1.30618914811799,-1.28350992012423,1031.11225964484,1.47005696611761,0.639089224182121,3380,0.364383561643836
"Painterboy",2012,9,43822.0800781267,2.13333333333333,393.279999283333,0,15.2833333333333,2.91666666666667,9.1,745.333333333333,80.2608422977663,65.9980212170839,-0.35258236310024,-0.723721680300902,-0.430039860321613,-0.997642646890746,-1.20041105926343,-1.24396313708847,-1.34435144951376,-1.31816800199462,-1.34668015072683,-1.39286391356644,-1.36650202417854,-1.31332440144486,904.543998351666,1.15501779183346,0.409684458500129,3380,0.364383561643836
"Painterboy",2012,10,39164.2837701581,0.580645161290323,352.619353509677,1.93548387096774,9.01612903225806,-1.91935483870968,3.54838709677419,552.258064516129,46.4432764284401,31.2807928462133,-0.485587938687168,-0.458557066779037,-0.830161020180462,-0.522099406825817,-1.04646488524363,-1.24516049073954,-1.28405934628451,-1.38348855970218,-1.36029050001488,-1.39339224105812,-1.43428167452727,-1.41150795732954,811.024513072257,0.787430243158572,0.235172178642443,3380,0.364383561643836
"Painterboy",2012,11,35297.2799479167,1.4,311.35999756,20.4,5.16666666666667,-6.03333333333333,-0.433333333333333,406.666666666667,27.4419142700255,0,-1.40684718858533,-1.30752069685714,-1.12722997729765,-1.30362212791946,-0.82140860025876,-1.27847345105324,-1.38039339822221,-1.40470733744879,-1.51481208420515,-1.50207761467893,-1.531870265705,-1.56892414786227,716.127994388,0.591821260591614,0.185154593924947,3380,0.364383561643836
"Painterboy",2012,12,33511.67994794,5.06666666666667,247.78666738,89.7333333333333,-2.86666666666667,-12.8666666666667,-7.86666666666667,252,12.9653164064626,0,0.446137488539828,-0.895734786771654,-1.03077633136018,-0.903583297166193,-1.11912728818609,-0.748213702555815,-1.19989914000004,-1.33655029749151,-1.36802026353589,-1.46884629043002,-1.45289088226131,-1.48417651893117,569.909334974,0.338400432350353,0.0864004323503529,3380,0.364383561643836
"Painterboy",2013,1,34548.8514364903,2.80645161290323,321.858064222581,142.064516129032,-2.7258064516129,-15.6612903225806,-9.19354838709677,206.451612903226,14.0923603573643,0,-0.0722476581495588,0.240023493009519,-0.750975004445078,-0.914666262206735,-0.891450474339279,-1.11647342442717,-0.765712785464933,-1.15540841575214,-1.28537737656704,-1.32702687866717,-1.42448153206817,-1.40733791044539,740.273547711936,0.305121619334903,0.0986700064316774,3380,0.364383561643836
"Painterboy",2013,2,37880.228515625,1.89285714285714,429.828571864286,200.142857142857,-2.07142857142857,-15.5892857142857,-8.83035714285714,188.571428571429,18.3262445709404,0,-0.0441780478344768,-0.0135277632527372,0.20179021915034,-0.556815576871579,-0.723823981497891,-0.783898611846029,-1.03720481895121,-0.731690024152556,-1.12169839107659,-1.25378071438548,-1.29782691014237,-1.4036631642801,988.605715287858,0.313927634301777,0.125356205730348,3380,0.364383561643836
"Painterboy",2013,3,42263.5355342742,3.38709677419355,510.554839103226,298.709677419355,3.09677419354839,-10.0161290322581,-3.45967741935484,310.967741935484,42.6175538796292,0,0.0457001323059576,0.0391980984586946,0.0538595961849018,0.180885414633041,-0.334687111775077,-0.49408317238356,-0.621911758020402,-0.862531118635029,-0.652463302844354,-1.01998467501125,-1.15910847192899,-1.21639393772581,1174.27612993742,0.473339136666,0.162371394730516,3380,0.364383561643836
"Painterboy",2013,4,46944.0000000033,4.73333333333333,536.53333435,370.933333333333,5.2,-6.53333333333333,-0.666666666666667,396,58.3914846748838,0,0.714173306115282,0.55062474917408,0.488280769005818,0.423141091332761,0.50471160876156,0.157200918989897,-0.0125468743407005,-0.168347263202239,-0.417104715745055,-0.343767429921244,-0.731191144837488,-0.930654404563028,1234.026669005,0.581830498820227,0.185830498820227,3380,0.364383561643836
"Painterboy",2013,5,50914.6840977774,2.16129032258065,609.651614280645,368.129032258065,10.6129032258065,-0.887096774193548,4.86290322580645,589.677419354839,89.4631591688947,50.2060628517947,0.315885037267941,0.526344099276018,0.483553418209089,0.465158954589832,0.425328325977835,0.499812559147903,0.230973246422467,0.102183314637465,-0.0357897491124973,-0.250286848314643,-0.234987075670073,-0.568905009701673,1402.19871284548,0.863538357151679,0.27386093779684,3380,0.364383561643836
"Painterboy",2013,6,52876.79999998,0,693.75999756,257.333333333333,18.9666666666667,5.43333333333333,12.2,784,130.015288537926,96.5664158253916,-1.11426384212409,-0.499299018494912,-0.0758194461397856,0.00650369229248814,0.0173797445038804,0.0189707101294697,0.0967522270660178,-0.139024761684312,-0.229698089955775,-0.348524242321931,-0.51437162998656,-0.470791047777068,1595.647994388,1.42013649581703,0.636136495817033,3380,0.364383561643836
"Painterboy",2013,7,51940.3355594774,3.83870967741935,507.251615951613,91.0967741935484,19.9193548387097,7.38709677419355,13.6532258064516,814.193548387097,131.755474368188,106.522327930725,0.341896750652631,-0.531966199593979,-0.281596855440073,-0.0118281400804721,0.0502462028793886,0.0629897309971745,0.0543685587828695,0.126063577450497,-0.0830843818941108,-0.155749577341251,-0.25733005657583,-0.413724760818238,1166.67871668871,1.56187831907098,0.747684770683881,3380,0.364383561643836
"Painterboy",2013,8,48506.6323084677,3.03225806451613,407.329035109677,0.129032258064516,17.9354838709677,6.40322580645161,12.1693548387097,926.451612903226,108.153071777949,92.2557049059701,0.799848022885387,0.630357449822744,-0.167380854211107,-0.105157968703281,0.109612630647892,0.140516253800318,0.144180633273975,0.130341608691184,0.202441138601345,-0.0024744332819272,-0.0754809084625012,-0.165842801303434,936.856780752257,1.4172735899544,0.490821977051172,3380,0.364383561643836
"Painterboy",2013,9,43983.3600260433,5.03333333333333,374.82666677,0.4,14.3833333333333,3.75,9.06666666666667,832,74.3316215256308,65.8266086339215,0.983630104068835,1.09984883835912,0.87214163878679,0.225275441195401,0.163349672188569,0.302586560543512,0.293959040828954,0.294991989639949,0.272764546745728,0.350083788873296,0.153089744306861,0.0774013005769702,862.101333571,1.15242227560098,0.320422275600981,3380,0.364383561643836
"Painterboy",2013,10,39309.2128276161,2.54838709677419,354.270966316129,5.93548387096774,6.61290322580645,-4.04838709677419,1.28225806451613,467.096774193548,40.9895762825719,15.2057355718327,0.942404047888758,1.15885433154871,1.26796925718367,1.04362602061302,0.457219536499309,0.359995799415679,0.468759156396972,0.434447462018183,0.425624482086246,0.398695460040164,0.474939569206606,0.282955398662632,814.823222527097,0.670073774306322,0.202977000112774,3380,0.364383561643836
"Painterboy",2013,11,35400.9598958367,3.36666666666667,296.319998683333,24.6666666666667,2.98333333333333,-7.31666666666667,-2.16666666666667,362.666666666667,23.6896761466729,0,-0.339900136446935,0.419821418175683,0.925271260647738,1.10577594036848,0.963080105651915,0.435894476933018,0.336358180832046,0.441322661043758,0.414522433587322,0.409625133081482,0.383020330784675,0.457019896249593,681.535996971666,0.521100513230914,0.158433846564247,3380,0.364383561643836
"Painterboy",2013,12,33523.20000002,4,294.61332982,91.3333333333333,-2.91666666666667,-14.4,-8.65833333333333,216,12.7863761896068,0,0.211261769353386,-0.10716729530459,0.415240825588543,0.891691241673011,1.09503131971766,0.958207375587354,0.431206140230528,0.350100190507841,0.457350926826338,0.423500267645059,0.418215225439802,0.392576671888213,677.610658586,0.318176990737799,0.102176990737799,3380,0.364383561643836
"Painterboy",2014,1,34548.8514364903,4.2258064516129,332.283870574194,256.903225806452,-1.24193548387097,-13.0161290322581,-7.12903225806452,233.548387096774,16.6700791394134,0,-0.332245882612591,-0.0598572156117227,-0.302206962758229,0.187052224173811,0.667805385581168,0.90934989366344,0.8063739972144,0.300005926172247,0.266888795995247,0.380160222818234,0.365604041700969,0.367739968374409,764.252902320646,0.358265114775232,0.124716727678458,3380,0.364383561643836
"Painterboy",2014,2,37880.228515625,6.96428571428571,378.971428189286,428.571428571429,-0.660714285714286,-10.7857142857143,-5.72321428571429,288.571428571429,21.3546902843156,0,0.392613815208648,0.11453730816035,0.201447168250444,0.0491861888115159,0.373780462827998,0.690625026488896,0.913190686013651,0.829294188873545,0.371291473750217,0.330010813823163,0.430084002685947,0.414974932170546,871.634284835358,0.399017825606611,0.110446397035182,3380,0.364383561643836
"Painterboy",2014,3,42263.5355342742,4.54838709677419,559.896776748387,507.483870967742,3.30645161290323,-10.1774193548387,-3.43548387096774,286.451612903226,43.2890908926145,0,0.105239091482461,0.277840064982784,0.15923176764516,0.215133161277543,0.116206851173098,0.344656547522949,0.610603453334899,0.805490739262283,0.752289563978876,0.370704325448444,0.342002140641923,0.437735744715487,1287.76258652129,0.474195812409586,0.18774419950636,3380,0.364383561643836
"Painterboy",2014,4,46944.0000000033,2.56666666666667,566.826667276667,575.333333333333,5.36666666666667,-6,-0.316666666666667,408,58.6459126459671,0,0.46315945047631,0.42873768921164,0.494245327161525,0.37279653300236,0.415231500564145,0.34339299671051,0.481759997011096,0.678314194764782,0.8396000699257,0.790835893746733,0.472074133608653,0.444214211746532,1303.70133473633,0.596873473631419,0.188873473631419,3380,0.364383561643836
"Painterboy",2014,5,50914.6840977774,3.2258064516129,601.393546812903,591.225806451613,10.1129032258065,-0.645161290322581,4.73387096774194,605.161290322581,86.036481426193,49.2583080611389,0.720414968315292,0.636901028193393,0.583324257629191,0.627707774979757,0.539351253409119,0.586111453148744,0.521829050714782,0.613676618355936,0.762969961410625,0.884723976056779,0.84715078822534,0.583384599458533,1383.20515766968,0.855790107902762,0.250628817580181,3380,0.364383561643836
"Painterboy",2014,6,52876.79999998,0,701.01333008,500.533333333333,16.1,3.56666666666667,9.83333333333333,690.666666666667,115.249049134599,82.8806200961465,0.590187492678746,0.747143758125263,0.681205480684199,0.615004848756963,0.643369653930137,0.571397092339984,0.631818931943859,0.575189749303322,0.649249447593675,0.776302963884237,0.896098068253581,0.874365539529634,1612.330659184,1.21343861303896,0.522771946372295,3380,0.364383561643836
"Painterboy",2014,7,51940.3355594774,1,649.393548780645,349.935483870968,20,7.17741935483871,13.5887096774194,681.290322580645,132.999495698798,106.165371247226,-0.127267876971272,0.269702749992671,0.480394406848222,0.481477521220634,0.463338930889513,0.505442694979921,0.442234727596804,0.500182528614684,0.440670392009752,0.534444225071364,0.667858508077204,0.780317201289473,1493.60516219548,1.55533140010629,0.874041077525641,3380,0.364383561643836
"Painterboy",2014,8,48506.6323084677,3.51612903225806,526.864517212903,186.451612903226,16.4838709677419,5.43548387096774,10.9596774193548,650.322580645161,101.58690763909,85.6584640556899,1.69588348332778,0.851960583311346,1.00398272706707,1.01942346692845,0.881787488946337,0.761739870956423,0.771702687802719,0.692122406161091,0.765288507039998,0.697074070451351,0.777565096123618,0.920972473347185,1211.78838958968,1.30824442814879,0.657921847503625,3380,0.364383561643836
"Painterboy",2014,9,43983.3600260433,4.16666666666667,464.2133311,51.8666666666667,15.2333333333333,3.95,9.59166666666667,769.333333333333,78.0660621246132,68.5055670434049,0.323194109642582,1.28962783641545,0.784138095271462,0.921862702317743,1.01651891230722,0.900740280950392,0.775414562922891,0.784543032871969,0.70363741518492,0.764958870433382,0.702196749821013,0.78195439710314,1067.69066153,1.19390496007468,0.424571626741343,3380,0.364383561643836
"Painterboy",2014,10,39309.2128276161,1.09677419354839,351.793550551613,0,10.5161290322581,-0.67741935483871,4.91935483870968,592.258064516129,50.0056024799176,39.4295169227077,-1.1473878928616,-0.308876059477198,0.743205280465216,0.45250403280201,0.58672777290512,0.694766594278045,0.650560736623902,0.590320383207479,0.620960542732904,0.554358285294053,0.608865572823914,0.556414397339569,809.12516626871,0.86694767795136,0.274689613435231,3380,0.364383561643836
"Painterboy",2014,11,35400.9598958367,4.16666666666667,300.906664786667,41.7333333333333,2.56666666666667,-8.91666666666667,-3.175,329.333333333333,23.400157678153,0,-0.104258609260324,-0.882599519486069,-0.285419434178683,0.690533738149318,0.477375259941059,0.601178298683232,0.678086492637839,0.644484645869623,0.591569291822323,0.622458973801052,0.558013027817807,0.60860768951135,692.085329009334,0.483506986900127,0.154173653566794,3380,0.364383561643836
"Painterboy",2014,12,33523.20000002,3.63333333333333,269.013333646667,126.8,-0.316666666666667,-10.9666666666667,-5.64166666666667,285.333333333333,16.3770984648273,0,-0.879358179652411,-0.582543506248234,-1.13422540026719,-0.621373813932419,0.38537797657249,0.268900073951845,0.422143774505429,0.526175279196873,0.521475406188834,0.488855276065853,0.529507829351399,0.470797968758678,618.730667387334,0.401503480416114,0.116170147082782,3380,0.364383561643836
"Painterboy",2015,1,34548.8514364903,1.41935483870968,352.619358183871,269.290322580645,1.37096774193548,-11.0322580645161,-4.83064516129032,278.709677419355,20.794762615993,0,-1.88409806331667,-1.74006217895863,-1.43684428027377,-1.65431243642442,-1.26141863921749,-0.259285663982088,-0.200651104447127,-0.00161978409563601,0.169509296116569,0.220259221298158,0.244853316488277,0.305540031778372,811.024523822903,0.426984045674033,0.148274368254678,3380,0.364383561643836
"Painterboy",2015,2,37880.228515625,3.28571428571429,420.571429660714,303.285714285714,2.03571428571429,-9.42857142857143,-3.69642857142857,308.571428571429,26.5367054318753,0,-1.77147861961447,-3.12624928745481,-2.42610934395162,-2.08148865090871,-2.05554781807344,-1.57597262122263,-0.648936077726094,-0.48841418126259,-0.256391183988759,-0.0574205363315731,0.0273112121838414,0.0826627619095656,967.314288219642,0.465028233659622,0.156456805088193,3380,0.364383561643836
"Painterboy",2015,3,42263.5355342742,2.54838709677419,551.3290297,416.129032258065,6.20967741935484,-6.83870967741935,-0.314516129032258,387.096774193548,51.8365681269766,0,-1.30926556395084,-2.00464033979864,-2.72081606784424,-2.36710045628943,-2.28129129323718,-2.19998398120112,-1.85277986785532,-1.05478309348057,-0.818677896685351,-0.556665223079011,-0.305846861984651,-0.187479049522248,1268.05676831,0.596966959956568,0.20987018576302,3380,0.364383561643836
"Painterboy",2015,4,46944.0000000033,2.46666666666667,592.106667073333,424.666666666667,7.05,-4.8,1.125,425.333333333333,64.8174606277767,15.9343416390634,-0.30294149573344,-1.03879508045453,-1.60860971081663,-2.1578280602639,-1.96993512092585,-1.93596863765352,-1.93288687537122,-1.7018047167316,-1.00135625123132,-0.803119830814556,-0.561150014690014,-0.309339018497256,1361.84533426867,0.662537568898149,0.237204235564816,3380,0.364383561643836
"Painterboy",2015,5,50914.6840977774,5.61290322580645,539.354838709677,404.903225806452,8.83870967741935,-1.25806451612903,3.79032258064516,558.709677419355,79.8601678581038,42.0789191696408,1.35972317530759,0.754715220645638,0.244179783996383,-0.0547435876185975,-0.414712358567778,-0.530983537778927,-0.533256133412329,-0.722353251844054,-0.678860611494628,-0.227544458177834,-0.236747917506213,-0.0658717133040633,1240.51612903226,0.800974927454476,0.242265250035121,3380,0.364383561643836
"Painterboy",2015,6,52876.79999998,1.73333333333333,669.43999634,313.6,17.5666666666667,4.61666666666667,11.0916666666667,814.666666666667,122.48368948056,90.2637747605921,-0.111376546271462,0.94028213840741,0.542879043218898,0.13982961214314,-0.0998833441543166,-0.375860855345629,-0.464854276932254,-0.459575085299012,-0.620508315483365,-0.594650910374882,-0.224702190814317,-0.239885292934852,1539.711991582,1.31977023357046,0.505103566903789,3380,0.364383561643836
"Painterboy",2015,7,51940.3355594774,4.25806451612903,487.741935483871,163.741935483871,16.5967741935484,5.59677419354839,11.0967741935484,908.387096774194,113.405604618599,91.9672690300121,2.52116308096262,1.74293765652936,1.85798135460128,1.23506999097138,0.733532430936071,0.511937907735305,0.26193940210525,0.200544819233614,0.1797508061205,0.0136681701385263,0.0232713773312758,0.328951626887464,1121.8064516129,1.32021803382492,0.41183093705073,3380,0.364383561643836
"Painterboy",2015,8,48506.6323084677,3.51612903225806,467.716127458065,24.7741935483871,17.6774193548387,5.85483870967742,11.7661290322581,927.741935483871,108.032617673115,90.0788081048351,0.883430240965551,1.99963533412824,1.80555742805836,2.19868712530779,1.42194073206485,0.841423736089011,0.601179367295526,0.347217267938614,0.291814506840528,0.267295682066656,0.101877854562054,0.117938004616777,1075.74709315355,1.38007406328639,0.452332127802518,3380,0.364383561643836
"Painterboy",2015,9,43983.3600260433,3.26666666666667,388.479998266667,0,15.5166666666667,4.23333333333333,9.875,829.333333333333,78.8735601812719,69.933548475137,0.0545149226346939,0.615699475900228,1.5254349969677,1.40378482214382,1.9887240174408,1.38026981218345,0.804259589889439,0.568223261578699,0.318314717491027,0.266703409929257,0.24833971633261,0.0932290123568791,893.503996013334,1.2168348042196,0.387501470886263,3380,0.364383561643836
"Painterboy",2015,10,39309.2128276161,2.32258064516129,314.322582493548,1.03225806451613,10.1612903225806,-0.145161290322581,5.00806451612903,620.645161290323,48.1705712054176,39.9320830338777,-0.482405806078785,-0.142583818073009,0.358958890171576,1.29463445400072,1.17107329912449,1.76444487272039,1.23361631802327,0.709471996290682,0.490765042321599,0.252065980559566,0.201567119920393,0.189208264462384,722.94193973516,0.872329232643734,0.251684071353411,3380,0.364383561643836
"Painterboy",2015,11,35400.9598958367,2.76666666666667,304.533333083333,54,1.36666666666667,-9.45,-4.04166666666667,312,21.3649299761766,0,0.0357385355692518,-0.402643543033697,-0.0865936571294834,0.387642377208719,1.24896379434173,1.13539033635439,1.58225081063291,1.17953035600402,0.720045933433806,0.515754048039642,0.285020515800897,0.240517481761569,700.426666091666,0.453141369738174,0.141141369738174,3380,0.364383561643836
"Painterboy",2015,12,33523.20000002,5.23333333333333,267.946666973333,138.666666666667,-2.55,-13.4833333333333,-8.01666666666667,233.333333333333,13.3521516344986,0,0.388777033733829,0.288860672289844,-0.228704389474946,-0.0248745316730582,0.397135463673458,1.28485845083086,1.1711123433749,1.62666767378516,1.20924990495469,0.742751445025039,0.539596264537124,0.312384500255321,616.277334038666,0.334483011635464,0.101149678302131,3380,0.364383561643836
"Painterboy",2016,1,34548.8514364903,2.87096774193548,328.464516180645,197.41935483871,-2.01612903225806,-14.2903225806452,-8.15322580645161,210.322580645161,15.3867488753179,0,-0.348508250209601,0.0292455311834964,-0.0134042060580082,-0.337370269845891,-0.213368516901773,0.219596964457861,1.13948444645733,1.02098370453089,1.42392162373328,1.07494632631183,0.666950629067884,0.482764207929321,755.468387215483,0.330951774528759,0.120629193883598,3380,0.364383561643836
"Painterboy",2016,2,37956.4137931034,1.89655172413793,466.4275881,310.068965517241,1.8448275862069,-11.5689655172414,-4.86206896551724,267.586206896552,26.3320720183624,0,-2.08993731463109,-1.68210269219622,-0.980846491865181,-0.784187599006332,-0.896764600995187,-0.747000151686443,-0.283958422947032,0.747993204908242,0.648844178783163,1.02295625752821,0.765569136661824,0.451556088728757,1072.78345263,0.4259706276218,0.158384420725248,3380,0.364383561643836
"Painterboy",2016,3,42419.6129032258,2.29032258064516,514.993548483871,348.774193548387,3.08064516129032,-8.95161290322581,-2.93548387096774,325.161290322581,42.3159909579518,0,-0.0528648610566475,-0.941920506991903,-0.854078505258836,-0.618382489010558,-0.553430593551893,-0.677705474029298,-0.637613345646059,-0.261703630965986,0.63324556129936,0.570680718449772,0.890863965240291,0.693670756864406,1184.4851615129,0.492211610494189,0.167050320171608,3380,0.364383561643836
"Painterboy",2016,4,47082.2399739633,3.16666666666667,541.22667236,383.466666666667,6.55,-4.85,0.85,425.333333333333,62.6510293810503,13.0636791092763,0.0666365468215285,0.0957362334548817,-0.511996432884021,-0.517446001977438,-0.359225643074765,-0.322664637380643,-0.446742838978253,-0.463180228564559,-0.163147496790254,0.587765023312638,0.545448007065265,0.83115498484562,1244.821346428,0.649539254305025,0.224205920971692,3380,0.364383561643836
"Painterboy",2016,5,51026.1679687452,2.87096774193548,629.883873722581,365.032258064516,9.91935483870968,-1.24193548387097,4.33870967741935,525.161290322581,86.097248647049,46.3076033279072,0.684987947106799,0.429837346822074,0.379572133903007,0.03491031147793,-0.0203517007689474,0.0511824934606694,0.0573795654088931,-0.0610805674622935,-0.108266391246247,0.081484353553054,0.660449035296926,0.636654178939913,1448.73290956194,0.832442167400064,0.307280877077483,3380,0.364383561643836
"Painterboy",2016,6,52888.32005206,0.266666666666667,686.186665853333,262.533333333333,18.7,5.26666666666667,11.9833333333333,749.333333333333,128.5985221788,95.3478991037904,-0.954613253287065,-0.135400290821528,-0.0789383942989644,-0.0262399010473854,-0.309540966235081,-0.330935923836067,-0.25637148767198,-0.235937966938313,-0.318893988689551,-0.358644649556298,-0.183320495640797,0.379445937985925,1578.22933146267,1.40000398166642,0.650670648333085,3380,0.364383561643836
"Painterboy",2016,7,51862.2968750032,1.74193548387097,542.864514751613,103.741935483871,19.2741935483871,7.09677419354839,13.1854838709677,881.290322580645,127.945414343303,103.923075795436,0.546199969619655,-0.295052004810452,0.0810888925821111,0.0507759925478879,0.0772301889203859,-0.153533508942012,-0.186780552346454,-0.124485172177376,-0.115692029922688,-0.18628350365094,-0.221004917034065,-0.0802843082191435,1248.58838392871,1.51495703033495,0.633666707754301,3380,0.364383561643836
"Painterboy",2016,8,48372.8515625,2.83870967741935,427.251613987097,0.645161290322581,16.3709677419355,4.95161290322581,10.6612903225806,765.161290322581,102.206768747727,83.9991280617528,1.5442568267938,1.18172300673814,0.406732737493331,0.531216107036395,0.38896598038683,0.343199473890439,0.104090548758715,0.0589480246697977,0.122733765837934,0.121183414560936,0.0418812716710637,0.0141003519149701,982.678712170323,1.28251430893207,0.517353018609489,3380,0.364383561643836
"Painterboy",2016,9,43822.0800781267,1.3,399.253337096667,0,14.1166666666667,2.63333333333333,8.375,738.666666666667,75.2568059058116,62.2269904744688,0.314320008271464,1.186001220855,1.02030365230577,0.461618040305175,0.561525239031543,0.406294569472305,0.353317459325429,0.125530289057263,0.0800561419326703,0.149411515394608,0.1514548267415,0.0762035793146033,918.282675322334,1.0997134268498,0.361046760183132,3380,0.364383561643836
"Painterboy",2016,10,39164.2837701581,0.645161290322581,333.625806748387,0.387096774193548,10.1935483870968,-0.17741935483871,5.00806451612903,612.903225806452,48.3211046073753,39.9320830338777,-0.880853546625948,-0.164102592861472,0.734465217108317,0.738141306042113,0.227177387205351,0.329847202357263,0.228252923478495,0.217833057412726,0.00854511858394121,-0.0299892056780728,0.0396166656150665,0.0483220509988143,767.33935552129,0.872329232643734,0.259426006837281,3380,0.364383561643836
"Painterboy",2016,11,35297.2799479167,1.96666666666667,288.426663463333,8.8,4.63333333333333,-6.08333333333333,-0.725,421.333333333333,26.3924372068476,0,-1.13819197115193,-1.32805470616267,-0.703383069628283,0.326318618882134,0.500084103863093,0.0368545160508102,0.144463224092316,0.0820301799564019,0.0927560531299891,-0.101487216400249,-0.136529672728164,-0.0613645400762442,663.381325965666,0.579356308761073,0.15802297542774,3380,0.364383561643836
"Painterboy",2016,12,33511.67994794,6.96666666666667,256.640000656667,113.466666666667,-2.25,-12.5333333333333,-7.39166666666667,258.666666666667,13.7764163516704,0,0.719702157828688,-0.46094834589087,-0.942368619524781,-0.447616690040158,0.428711570695557,0.576002641579174,0.12306658251635,0.23740702126791,0.166420576353759,0.161279734058338,-0.0338779494996738,-0.0699948544389711,590.272001510334,0.351076448834307,0.0924097821676404,3380,0.364383561643836
"Painterboy",2017,1,34548.8514364903,11.5483870967742,303.896775645161,300.387096774194,-2.7741935483871,-12.3387096774194,-7.55645161290323,259.354838709677,14.4228203639874,0,1.42426026765359,1.35443397368295,0.603971277371032,0.000904026920776991,0.181493071970978,0.867611202376348,0.850206356794608,0.414791857578842,0.521703217957242,0.410393511372349,0.369663520447267,0.17373953189041,698.96258398387,0.346631871482628,0.0872770327729506,3380,0.364383561643836
"Painterboy",2017,2,37880.228515625,7.03571428571429,385.028572628571,416.714285714286,1.53571428571429,-8.48214285714286,-3.47321428571429,345.714285714286,25.1988419745735,0,-0.454965792031509,0.809725676078958,0.94214051026726,0.39432883577897,-0.072868141479064,0.0380688264917299,0.682004538584755,0.720483943560231,0.329329246052179,0.433023355896208,0.347855783958606,0.32629870957135,885.565717045713,0.47286040633102,0.127146120616734,3380,0.364383561643836
"Painterboy",2017,3,42263.5355342742,1.93548387096774,538.735481509677,509.677419354839,6.25806451612903,-5.82258064516129,0.217741935483871,420.645161290323,51.3955592974304,4.62807280702827,-1.33339835510198,-1.34044860347014,-0.239657129063556,0.00214536191225727,-0.399593894128526,-0.668914023581673,-0.533361677940872,0.0964544165177257,0.256429765063185,-0.0409654312347655,0.113302014532697,0.0919970025187759,1239.09160747226,0.620508180253489,0.199863018963166,3380,0.364383561643836
"Painterboy",2017,4,46944.0000000033,2.8,599.360001626667,514.8,6.75,-5.86666666666667,0.441666666666667,413.333333333333,64.4664535452257,8.21436820648783,-0.212143739429653,-0.982617662812287,-1.00370409948139,-0.222038480726239,-0.0266392771364543,-0.335953219215216,-0.555710627487906,-0.482890123771798,0.045566387485912,0.189531526318979,-0.0645701033819813,0.0940623437161468,1378.52800374133,0.63065565848479,0.217322325151457,3380,0.364383561643836
"Painterboy",2017,5,50914.6840977774,1.90322580645161,612.85161073871,506.58064516129,10.7096774193548,-0.806451612903226,4.95161290322581,569.032258064516,89.8763065424648,50.8533952722738,0.25154103183232,0.0231416633409877,-0.404611307816443,-0.457620830934192,-0.0391703091927902,0.0856956905480002,-0.142345171897418,-0.316123389497076,-0.295955401144683,0.081571111566479,0.189025917128143,-0.0189027556521281,1409.55870469903,0.868901200507435,0.299868942442919,3380,0.364383561643836
"Painterboy",2017,6,52876.79999998,0,709.653336586667,410.666666666667,18.1833333333333,4.95,11.5666666666667,617.333333333333,125.851982058962,92.9863761497178,-0.700814964839594,-0.280970632144386,-0.285369477466608,-0.573996261713468,-0.604952262656084,-0.258380372937768,-0.139855695728137,-0.320903572879084,-0.454637010066947,-0.438959612706564,-0.110580963602046,0.00756647148055655,1632.20267414933,1.36199249518335,0.744659161850012,3380,0.364383561643836
"Painterboy",2017,7,51940.3355594774,2.80645161290323,582.399998819355,253.806451612903,19.6451612903226,7.06451612903226,13.3548387096774,698.064516129032,130.757249132368,104.867239050832,0.337868136799748,-0.241581541860077,-0.117441839480856,-0.182120621762437,-0.419110506004753,-0.440527142308028,-0.178549820391414,-0.0778974639512748,-0.235068041464264,-0.347916897639747,-0.336992518520773,-0.0611652745867331,1339.51999728452,1.53180060506723,0.833736088938194,3380,0.364383561643836
"Painterboy",2017,8,48506.6323084677,1.54838709677419,537.496774980645,93.4193548387097,17.5161290322581,5.59677419354839,11.5564516129032,743.225806451613,107.704592886671,88.9382492596494,0.654172023942833,0.550118205459357,0.017583681020953,0.0030431498273442,-0.0909785501349401,-0.33166120291605,-0.354223380054834,-0.117800927242962,-0.0219969168743828,-0.173564856679011,-0.281934433877498,-0.266502083471593,1236.24258245548,1.36107212536643,0.617846318914821,3380,0.364383561643836
"Painterboy",2017,9,43983.3600260433,1.9,379.840001423333,0.933333333333333,14.5666666666667,3.4,8.98333333333333,744,75.9366629743956,65.3972715936657,0.301955286824988,0.609460358889216,0.554149915313855,0.140033012720435,0.0621542864347431,-0.0672209548196333,-0.309424590635684,-0.320765751958521,-0.0936312138989686,0.00907129319354445,-0.13267869566596,-0.237675653587341,873.632003273666,1.14595597497439,0.401955974974386,3380,0.364383561643836
"Painterboy",2017,10,39309.2128276161,1.38709677419355,374.5032265,2.70967741935484,9.46774193548387,-2.53225806451613,3.46774193548387,517.41935483871,48.467518420039,30.7752975965034,-0.75109528287783,-0.102009915048489,0.255036617773429,0.331009924204743,-0.0372232174437327,-0.106535764330821,-0.197971199104714,-0.404275082823629,-0.410140143136793,-0.185240272477955,-0.0816855562202232,-0.214796367798734,861.35742095,0.782960612747512,0.265541257908802,3380,0.364383561643836
"Painterboy",2017,11,35400.9598958367,2.53333333333333,284.480000306667,19.6,5.75,-4.45,0.65,454.666666666667,27.8218099542464,8.23211483265294,-1.28477543490517,-1.35561832748262,-0.74016971224065,-0.215754380576223,0.0635943305262161,-0.252995644376753,-0.278053114633174,-0.338561919874018,-0.529298103584876,-0.534341883964163,-0.310634575490185,-0.200677311001038,654.304000705334,0.640228429778487,0.18556176311182,3380,0.364383561643836
"Painterboy",2017,12,33523.20000002,1.1,294.82666753,39.8666666666667,1.58333333333333,-10.3,-4.35833333333333,296,19.125393151746,0,-2.14565852463305,-2.15622739675626,-1.88381072899865,-1.46263302352638,-0.88373706196047,-0.412741839174273,-0.641583877961877,-0.575687299904222,-0.581551377303539,-0.739939121362968,-0.743867814834911,-0.520836350633021,678.101335319,0.442476481508955,0.146476481508955,3380,0.364383561643836
"Painterboy",2018,1,34548.8514364903,2.09677419354839,343.948387883871,209.677419354839,1.24193548387097,-11.8548387096774,-5.30645161290323,255.483870967742,20.5843066126574,0,-1.69444211407541,-2.37703064088863,-2.40017740009294,-2.21056039110557,-1.85848077093739,-1.33382267668932,-0.780561040299348,-0.906663921701534,-0.762494727054263,-0.744955943143125,-0.879919436917521,-0.886780530551678,791.081292132903,0.411866446484533,0.156382575516791,3380,0.364383561643836
"Painterboy",2018,2,37880.228515625,4.39285714285714,372.457145685714,272.714285714286,-0.678571428571429,-11.5714285714286,-6.125,274.285714285714,21.4127375467564,0,-0.17978294879318,-1.38430450396502,-2.15706105001575,-2.61756674840765,-2.24293733794351,-1.73637466615952,-1.28848624376581,-0.771078856156974,-0.889683252900347,-0.739647803029141,-0.718045082767232,-0.855390727032599,856.651435077142,0.386969699484069,0.112683985198355,3380,0.364383561643836
"Painterboy",2018,3,42263.5355342742,2.19354838709677,565.058058219355,347.612903225806,3.87096774193548,-9.43548387096774,-2.78225806451613,309.677419354839,44.9589269020507,0,-0.408137308676571,-0.393440617690043,-0.988484831849,-1.59554421523249,-2.07096999236335,-1.93396925655843,-1.63709323518306,-1.26264011285673,-0.820178368966792,-0.911858011036561,-0.741322849353703,-0.713240037162478,1299.63353390452,0.49785296226758,0.188175542912741,3380,0.364383561643836
"Painterboy",2018,4,46944.0000000033,2.96666666666667,580.8,379.466666666667,7.26666666666667,-4.51666666666667,1.375,454.666666666667,65.4887051406475,18.3693845058585,-0.325883389378393,-0.39407575214096,-0.375826693653723,-0.848897272558057,-1.33323329870838,-1.76659875674525,-1.69605339279603,-1.50674409450651,-1.2033390381049,-0.810437391304725,-0.903736778383005,-0.729642676858587,1335.84,0.674553726476859,0.219887059810192,3380,0.364383561643836
"Painterboy",2018,5,50914.6840977774,0.516129032258065,661.058067074194,328.387096774194,13.3870967741935,1.35483870967742,7.37096774193548,597.41935483871,101.63733001869,67.4158400036413,-1.1038434732317,-0.869166341427908,-0.813216490541869,-0.796727934715897,-1.11112213093563,-1.42866187905892,-1.68790855830613,-1.64799732574821,-1.52464585771043,-1.29737942505816,-0.991194023131214,-1.0707154463796,1520.43355427065,1.02698580120773,0.429566446369023,3380,0.364383561643836
"Painterboy",2018,6,52876.79999998,0.633333333333333,641.600001016667,206.933333333333,18.8833333333333,5.33333333333333,12.1083333333333,625.333333333333,129.697809094033,96.0516653790355,-1.02532470248821,-1.2183665538736,-1.05126426614063,-1.00044256315423,-0.980414060538571,-1.20333772846394,-1.43713542460493,-1.61140636154247,-1.58314679976101,-1.4813769709328,-1.32588482439871,-1.08348513982641,1475.68000233833,1.41158801281269,0.786254679479359,3380,0.364383561643836
"Painterboy",2018,7,51940.3355594774,1.96774193548387,539.251616445161,52.3870967741936,21.5322580645161,7.24193548387097,14.3870967741935,558.709677419355,143.976507161023,110.548855207211,-1.08263823219376,-1.27989561321747,-1.31133677233186,-1.18935988447189,-1.15482225253879,-1.14326661543176,-1.30465870308888,-1.46569970483014,-1.56629591908332,-1.57677540257527,-1.51687613228078,-1.3857383482193,1240.27871782387,1.63807236628855,1.07936268886919,3380,0.364383561643836
"Painterboy",2018,8,48506.6323084677,1.67741935483871,430.658062841935,0,19.3064516129032,6.12903225806452,12.7177419354839,687.741935483871,117.725859158771,95.1828846564334,-0.756020923213004,-1.05872919054976,-1.26394535872242,-1.32977480323551,-1.24055350138471,-1.21632808247652,-1.20720610425974,-1.33614044835427,-1.46103672388315,-1.54035968365849,-1.54914204763742,-1.50271030849492,990.51354453645,1.46927980912464,0.781537873640767,3380,0.364383561643836
"Painterboy",2018,9,43983.3600260433,1.23333333333333,412.159999086667,0,16.5166666666667,3.91666666666667,10.2166666666667,762.666666666667,84.377536459501,71.6397536238652,-1.14057331466363,-1.15543356570351,-1.21086393294106,-1.37414508453817,-1.43359113240045,-1.35043884604567,-1.33426477731838,-1.32977000928897,-1.44222545142704,-1.5444950122855,-1.61917827960455,-1.62890492465155,947.967997899334,1.24500107958761,0.482334412920947,3380,0.364383561643836
"Painterboy",2018,10,39309.2128276161,4.64516129032258,300.387096774194,0.903225806451613,7.01612903225806,-2.38709677419355,2.31451612903226,540.645161290323,40.5776415544319,23.1083963136019,1.30585187974276,0.134382821812763,-0.402391822127277,-0.806968369994095,-1.08394890521146,-1.26184932707804,-1.20017854554558,-1.17618418069425,-1.16292824796812,-1.28983966819787,-1.40412188196599,-1.493101071911,690.890322580646,0.721456258182572,0.180811096892249,3380,0.364383561643836
"Painterboy",2018,11,35400.9598958367,2.76666666666667,308.37333425,37.0666666666667,0.9,-10.1666666666667,-4.63333333333333,294.666666666667,20.6810782923227,0,0.187600976607973,1.12789100121603,0.204470408436356,-0.253578875029871,-0.694336927740489,-1.00856023894855,-1.20740100820208,-1.1530125368073,-1.13275092346791,-1.11920263062487,-1.2530411609969,-1.37509458910298,709.258668775,0.433396481955081,0.138729815288414,3380,0.364383561643836
"Painterboy",2018,12,33523.20000002,2.76666666666667,287.680002086667,127.066666666667,-1.43333333333333,-14.1,-7.76666666666667,214.666666666667,14.7388813335067,0,-0.669846127938009,-0.236982319200365,0.642826345816491,-0.095274048409854,-0.492316525798367,-0.825561859506171,-1.09294043780736,-1.26080188505312,-1.20001341486483,-1.17498118528089,-1.1636011204279,-1.29359471587301,661.664004799334,0.341034683423142,0.126368016756475,3380,0.364383561643836
"Painterboy",2019,1,34548.8514364903,3.87096774193548,345.496775222581,306.451612903226,-1.43548387096774,-13.741935483871,-7.58870967741935,223.225806451613,16.308548799875,0,-0.330725067701454,-0.551347682875991,-0.397732890147278,0.367144883589542,-0.270892250630479,-0.610945635405596,-0.884887624098955,-1.09590991632032,-1.23731549998521,-1.18517000469546,-1.16020647798486,-1.15034847415313,794.642583011936,0.345767692538596,0.122541886086983,3380,0.364383561643836
"Painterboy",2019,2,37880.228515625,6,386.857142039286,438.285714285714,-2.78571428571429,-14.1607142857143,-8.47321428571429,220,17.4804296208803,0,0.912372206020568,0.494132081860481,0.171591182035775,0.255034405149176,0.711658054263182,0.107523179375488,-0.239635157257741,-0.638447141938627,-0.893338674332617,-1.0860162457544,-1.04461083864983,-1.02123934163431,889.771426690358,0.322806972206916,0.102806972206916,3380,0.364383561643836
"Painterboy",2019,3,42263.5355342742,7.7741935483871,513.548387093548,562.838709677419,3.17741935483871,-8.96774193548387,-2.89516129032258,322.58064516129,42.6293876422948,0,0.543170702369192,0.816831604980725,0.615978477147149,0.457601863865056,0.501619449165084,0.789396878120166,0.343567395287129,0.0431184426669579,-0.400202422536335,-0.653329401756331,-0.879472732440977,-0.856803551387153,1181.16129031516,0.49369064464897,0.17110999948768,3380,0.364383561643836
"Painterboy",2019,4,46944.0000000033,3.86666666666667,539.09333445,599.066666666667,7.31666666666667,-3.65,1.83333333333333,485.333333333333,64.6886832203378,22.5234338860848,-0.102210654646503,0.371903383719935,0.600166635460556,0.470479804867555,0.361349936783173,0.40317714097623,0.629682451841531,0.280326531737978,0.0366673079319075,-0.365249927994196,-0.603137747201262,-0.822472558886717,1239.914669235,0.697085815322186,0.211752481988853,3380,0.364383561643836
"Painterboy",2019,5,50914.6840977774,4.06451612903226,618.735482493548,596.516129032258,8.79032258064516,-3.09677419354839,2.84677419354839,496.774193548387,82.8647592528419,34.3526956849501,1.040784096562,0.598236104498903,0.699865909905566,0.821189193297812,0.724174340644342,0.679628653828076,0.691230612021367,0.835631244120699,0.582233694545566,0.377008042993994,-0.00716565149546965,-0.227272592903632,1423.09160973516,0.749289825994621,0.252515632446234,3380,0.364383561643836
"Painterboy",2019,6,52876.79999998,1.36666666666667,655.999994916667,530,14.9666666666667,2.73333333333333,8.85,724,109.809622390978,76.9176760173326,1.44534688328774,1.40305584028096,0.931967576438549,0.916804653962113,0.9873129362474,0.898130759573072,0.893904430237316,0.894844477146977,1.00428612381934,0.79586069178052,0.634292185011409,0.277963038341568,1508.79998830833,1.13567643847166,0.41167643847166,3380,0.364383561643836
"Painterboy",2019,7,51940.3355594774,0.774193548387097,659.406458696774,391.483870967742,19.8870967741935,6.69354838709677,13.2903225806452,891.612903225806,133.627193336647,104.507971469099,-0.220617851878371,0.769521647919407,1.01386881693923,0.685211338139772,0.733842653162541,0.824858611780583,0.746698027547792,0.737017618374454,0.733459822252096,0.867683956729822,0.665533620363514,0.499640897378972,1516.63485500258,1.52536468924232,0.633751786016512,3380,0.364383561643836
"Painterboy",2019,8,48506.6323084677,1.32258064516129,597.05806313871,222.322580645161,19.6290322580645,6.80645161290323,13.2177419354839,745.806451612903,118.032657894722,97.8198738543102,-0.841953346051098,-0.554270023513385,0.139394350077774,0.548081822192515,0.349871846803946,0.470992827780668,0.589718257746199,0.520438029909097,0.495644205368739,0.49987755912201,0.654925167861223,0.438310623417659,1373.23354521903,1.51815271554946,0.772346263936558,3380,0.364383561643836
"Painterboy",2019,9,43983.3600260433,0.633333333333333,481.91999817,71.3333333333333,16.5166666666667,4.13333333333333,10.325,620,83.9723715053935,72.1772568666465,-1.16958612950026,-1.22731837735316,-0.814399173470608,-0.227750449564514,0.141593111740056,0.0249432078622024,0.194405075271857,0.3417521051251,0.286498874281909,0.255067673274267,0.271168544443358,0.434628225922244,1108.415995791,1.25405101150457,0.634051011504568,3380,0.364383561643836
"Painterboy",2019,10,39309.2128276161,1.90322580645161,382.554836151613,17.0322580645161,6.87096774193548,-6.51612903225806,0.17741935483871,340.645161290323,43.2722352768356,3.74352145786779,0.438020296484836,-0.551251698948562,-0.93393961694131,-0.664975748919434,-0.113883767746535,0.207890684124843,0.0829387869991425,0.249807947799233,0.391560637514892,0.336724413702441,0.306928448429784,0.32440430531093,879.87612314871,0.618696366793525,0.278051205503202,3380,0.364383561643836
"Painterboy",2019,11,35400.9598958367,1.66666666666667,313.70666504,56.6666666666667,4.3,-7.78333333333333,-1.74166666666667,350.666666666667,26.3561985169569,0,-1.18379628686148,-0.619322745475849,-1.05933110612398,-1.29541674000642,-0.896582320603166,-0.299593505676233,0.0262403483632573,-0.0598171620220543,0.115796126252087,0.263148077142796,0.214520951073161,0.189508724426566,721.525329592,0.537707918374971,0.187041251708304,3380,0.364383561643836
"Painterboy",2019,12,33523.20000002,4.86666666666667,300.800000506667,176.133333333333,-1.36666666666667,-13.1833333333333,-7.275,237.333333333333,14.9333659326372,0,-0.140320321395023,-1.02127535507826,-0.646946963709433,-1.03888316383908,-1.25181287803496,-0.919897899593847,-0.350349581331525,-0.00801710378747824,-0.0803427559356323,0.0934225114818945,0.240671117918152,0.194815716954301,691.840001165334,0.35425377406647,0.116920440733137,3380,0.364383561643836
"PfeilerEnquist",1980,1,34593.4451864839,8.58064516129032,322.89032216129,577.806451612903,-3.85483870967742,-18.3387096774194,-11.0967741935484,170.322580645161,11.6182828419118,0,1.66360041050997,NA,NA,NA,NA,NA,NA,NA,NA,NA,NA,NA,742.647740970967,0.262473647259088,0.0921510666139272,3155,0.384931506849315
"PfeilerEnquist",1980,2,37968.3310883621,6.6551724137931,463.558620058621,788.551724137931,-2.93103448275862,-21.551724137931,-12.2413793103448,126.896551724138,13.3324822271219,0,1.86863651748078,1.91159098766376,NA,NA,NA,NA,NA,NA,NA,NA,NA,NA,1066.18482613483,0.239463548617457,0.112566996893319,3155,0.384931506849315
"PfeilerEnquist",1980,3,42419.6129032258,5.19354838709677,544.51612853871,987.225806451613,-2.35483870967742,-20.6290322580645,-11.491935483871,130.322580645161,22.1337132479746,0,2.17332884743812,2.18867241942995,2.11299918070729,NA,NA,NA,NA,NA,NA,NA,NA,NA,1252.38709563903,0.254316223872023,0.123993643226862,3155,0.384931506849315
"PfeilerEnquist",1980,4,47082.2399739633,2.1,598.293335466667,1000,1.25,-15.0333333333333,-6.89166666666667,218.666666666667,43.7978673381649,0,1.94580706110379,2.09795494335786,2.10254144915493,2.08333395898779,NA,NA,NA,NA,NA,NA,NA,NA,1376.07467157333,0.364874517850389,0.146207851183722,3155,0.384931506849315
"PfeilerEnquist",1980,5,50981.5742187484,3.25806451612903,587.458065403226,1000,7.11290322580645,-5.04838709677419,1.03225806451613,423.225806451613,76.450008806012,15.0596062641344,1.78918621388476,2.05359073220856,2.10050845449817,2.11089641019105,2.11203323631273,NA,NA,NA,NA,NA,NA,NA,1351.15355042742,0.658128440936586,0.234902634484973,3155,0.384931506849315
"PfeilerEnquist",1980,6,52807.68046872,0,752.106669106667,1000,16.8333333333333,-0.9,7.96666666666667,456,127.826570809639,68.2435202576414,-0.00711296522870073,1.42572277541751,1.80630719406846,1.99055207411524,2.03460717390339,2.04910991132927,NA,NA,NA,NA,NA,NA,1729.84533894533,1.06960491399887,0.613604913998871,3155,0.384931506849315
"PfeilerEnquist",1980,7,51862.2968750032,0.903225806451613,671.174194335484,996.258064516129,19.6451612903226,1.32258064516129,10.4838709677419,420.645161290323,143.259212501238,85.1304399381546,-0.341515527609744,-0.23533801505665,0.959844087962148,1.54524036705481,1.8877636147016,1.97425712810083,2.02736487948022,NA,NA,NA,NA,NA,1543.70064697161,1.26742757660742,0.846782415317095,3155,0.384931506849315
"PfeilerEnquist",1980,8,48361.703125,0.838709677419355,647.535484067742,925.161290322581,18.2096774193548,0.306451612903226,9.25806451612903,274.838709677419,121.670659451947,72.9766886112579,-0.410910077714324,-0.430084181687581,-0.41287398823241,0.66982592513164,1.39622731197383,1.89947249441058,2.02390423443107,2.09348437774699,NA,NA,NA,NA,1489.33161335581,1.16739587247615,0.892557162798734,3155,0.384931506849315
"PfeilerEnquist",1980,9,43822.0800781267,0.866666666666667,609.173332723333,856.666666666667,16.35,-1.6,7.375,284,90.5054135846542,54.2336895115722,-1.30046786295241,-1.06790232839553,-0.779410648783201,-0.700028182354515,0.21792134167146,0.987407328142495,1.64830412461049,1.79835348325444,1.89805739959006,NA,NA,NA,1401.09866526367,1.02726917197479,0.743269171974792,3155,0.384931506849315
"PfeilerEnquist",1980,10,39175.4322076581,1.54838709677419,483.819358083871,844.129032258065,8.90322580645161,-10.1451612903226,-0.620967741935484,212.903225806452,49.3350508434174,0,-0.177508849824112,-1.08121202693184,-1.0315050010401,-0.783006083007286,-0.702180037822672,0.14591410215339,0.911660988444949,1.56358438580839,1.70541913722217,1.81688349242954,NA,NA,1112.7845235929,0.583775348078802,0.37087212227235,3155,0.384931506849315
"PfeilerEnquist",1980,11,35297.2799479167,1,389.546665443333,860.933333333333,4.01666666666667,-12.4166666666667,-4.2,256,26.0390892417406,0,-0.954873600495055,-0.841277395712017,-1.34993163704121,-1.32104451912614,-0.972877044940857,-0.834290956464897,0.0177446120882917,0.730243737997435,1.36361235813562,1.52464495960207,1.63910887788311,NA,895.957330519666,0.447780708084912,0.191780708084912,3155,0.384931506849315
"PfeilerEnquist",1980,12,33580.7994792,0.933333333333333,365.759999593333,888.533333333333,1.46666666666667,-16.5,-7.51666666666667,190.666666666667,17.997809886909,0,-1.76937905877605,-1.67636168590142,-1.40271222968907,-1.78097727941593,-1.66183137590149,-1.28167820016222,-1.0947217832811,-0.242429502446203,0.487455380614395,1.16860513216979,1.36422426194286,1.4955821227536,841.247999064666,0.347700339353119,0.157033672686452,3155,0.384931506849315
"PfeilerEnquist",1981,1,34593.4451864839,0.32258064516129,352.412904306452,164.903225806452,-0.919354838709677,-20.0967741935484,-10.508064516129,129.032258064516,14.5429888818035,0,-0.589818866990776,-1.40237115857475,-1.61773600673628,-1.44561924154308,-1.7793875356197,-1.72556413497988,-1.32618594349769,-1.13270965455767,-0.308221566247917,0.383884866331183,1.05531772665901,1.26649255938526,810.54967990484,0.275059290603466,0.14602703253895,3155,0.384931506849315
"PfeilerEnquist",1981,2,37892.5714285714,0.464285714285714,437.371431621429,181.714285714286,-1.83928571428571,-19.875,-10.8571428571429,142.857142857143,16.3889449148624,0,0.409383199318712,-0.0248036308677309,-0.86258519769495,-1.24009222722228,-1.10872784474596,-1.49269318861598,-1.5479485662707,-1.21295519576172,-1.03238906878542,-0.210215151134522,0.439879647579283,1.04823983820919,1005.95429272929,0.267533251419356,0.124676108562213,3155,0.384931506849315
"PfeilerEnquist",1981,3,42263.5355342742,2.32258064516129,488.567745577419,222.838709677419,-0.145161290322581,-15.8548387096774,-8,185.806451612903,31.8822345102224,0,1.3140309447987,1.18835521666711,0.870539831493265,0.449115684527932,0.119602394863525,-0.00909205598582591,-0.557702523911562,-0.672634484329323,-0.615463951572611,-0.514268709561633,0.218986692625707,0.753108596154201,1123.70581482806,0.334916277800963,0.14910982618806,3155,0.384931506849315
"PfeilerEnquist",1981,4,46944.0000000033,0.866666666666667,613.120003253333,278.933333333333,6.88333333333333,-8.18333333333333,-0.65,269.333333333333,66.2362323672932,0,-0.238261508958862,0.786305593290537,0.799221774372959,0.611735426146686,0.300817340895399,0.0548632702844126,-0.0364623406248857,-0.504580996032876,-0.621165653023001,-0.596834332570341,-0.50443881151035,0.190452470664004,1410.17600748267,0.582539129846735,0.313205796513402,3155,0.384931506849315
"PfeilerEnquist",1981,5,50870.0903477806,3.64516129032258,530.270960658064,283.225806451613,8.16129032258065,-3.69354838709677,2.23387096774194,430.967741935484,80.2967581762971,26.6291442158372,1.59574457425663,0.984453983609546,1.21702483800044,1.19548333826393,1.05523839864354,0.920085792093991,0.754841392699301,0.655606137009473,0.327300040121621,0.192088286317325,0.0608823382404352,0.0958021577341946,1219.62320951355,0.717319932499349,0.286352190563865,3155,0.384931506849315
"PfeilerEnquist",1981,6,52796.16041664,0.933333333333333,717.653331503333,226.533333333333,17.8166666666667,0.233333333333333,9.025,468,132.512865554582,74.8269071482724,-0.444172023752853,0.982391202923359,0.596689883313455,0.928849528950328,0.934016127544338,0.818327971050591,0.676652643436089,0.525051288589188,0.448525705178006,0.145497114890402,0.0441398649557932,-0.0604085148240636,1650.60266245767,1.14918511433197,0.681185114331972,3155,0.384931506849315
"PfeilerEnquist",1981,7,51940.3355594774,3.67741935483871,528.825810093548,124.387096774194,18.9354838709677,2.62903225806452,10.7822580645161,674.838709677419,136.573569520516,86.9128165192405,0.754776125699563,0.197818228174717,1.07819718480335,0.712885173442136,0.99754010121286,0.995283251799339,0.884226007726107,0.756874966579033,0.606269579368901,0.541821632871464,0.278758169584383,0.178612400841462,1216.29936321516,1.29289120563416,0.618052495956738,3155,0.384931506849315
"PfeilerEnquist",1981,8,48495.4838709677,1.48387096774194,514.270963119355,29.2903225806452,18.5,0.580645161290323,9.54032258064516,609.032258064516,122.995241175334,74.6129540328758,-0.508704337168807,0.216430865685096,-0.128432780063145,0.753868440946232,0.470805880335477,0.824620854575455,0.83808427253641,0.727586930560585,0.582378853948661,0.427408180725165,0.368731516338025,0.10723287454762,1182.82321517452,1.18979076013423,0.580758502069714,3155,0.384931506849315
"PfeilerEnquist",1981,9,43983.3600260433,1.46666666666667,421.226667276667,0,14.9833333333333,-1.55,6.71666666666667,550.666666666667,84.5891157053987,50.6158356777743,-0.262350520704036,-0.50739618207133,0.100566684978555,-0.153628471873343,0.597855579322716,0.355711934135074,0.727137365635411,0.74875410661368,0.642079273621295,0.487453364067734,0.347189654199251,0.299245795578404,968.821334736334,0.981908172805556,0.431241506138889,3155,0.384931506849315
"PfeilerEnquist",1981,10,39320.3612651161,3.74193548387097,327.019356270968,7.35483870967742,6.85483870967742,-6.75806451612903,0.0483870967741935,380.645161290323,43.3313416192203,1.22478694434475,1.26465461981666,0.688018677395037,0.215029352711957,0.496165775028665,0.211793894867958,0.908781110070694,0.613197759435003,0.935416629410512,0.932631965442156,0.824264487842038,0.677923965360448,0.538575988427843,752.144519423226,0.612930047221447,0.232284885931124,3155,0.384931506849315
"PfeilerEnquist",1981,11,35400.9598958367,0.7,319.253332516667,26,3.88333333333333,-10.7333333333333,-3.425,286.666666666667,25.9570942615883,0,-0.994388590280974,0.266577616765755,0.18417238211371,-0.12520574202783,0.311236575767837,0.0570743900864922,0.685524635346424,0.454651937162596,0.780636851394684,0.796683021402626,0.701682746479837,0.560473013928106,734.282664788334,0.47456746614142,0.187900799474753,3155,0.384931506849315
"PfeilerEnquist",1981,12,33592.31953128,3.53333333333333,256.426666763333,65.3333333333333,-2.63333333333333,-16.7833333333333,-9.70833333333333,190.666666666667,12.5680585398416,0,0.441308635032942,-0.558952045714681,0.393036443204709,0.235083929883199,-0.0773348966355562,0.337464013863361,0.0980003955551503,0.736175779611828,0.502551489860519,0.815050518126587,0.827384573788713,0.730736318885303,589.781333555666,0.293016938374895,0.102350271708228,3155,0.384931506849315
"PfeilerEnquist",1982,1,34593.4451864839,3.7741935483871,318.348385725806,208.645161290323,-5.45161290322581,-20.7903225806452,-13.1209677419355,143.225806451613,8.34576640937013,0,1.44326235450696,1.23891785933225,0.490679860017234,1.11537374229768,0.708683897204333,0.372934132804959,0.597626149871334,0.359503930833838,0.972573656187107,0.722768632994202,0.985569332890124,0.9862424880594,732.201287169354,0.223021834913917,0.0797960284623042,3155,0.384931506849315
"PfeilerEnquist",1982,2,37892.5714285714,1.25,474.171429225,258.428571428571,-2.76785714285714,-22.1964285714286,-12.4821428571429,121.428571428571,13.0287632809193,0,1.19519637899406,1.50427067545904,1.4518590146696,0.977020044993606,1.28629651686434,0.97814110415104,0.71121324324626,0.825409991602128,0.596913339272973,1.11969664917809,0.87529922029307,1.08692252608385,1090.5942872175,0.234858981090343,0.113430409661772,3155,0.384931506849315
"PfeilerEnquist",1982,3,42263.5355342742,3.64516129032258,516.232254525806,325.161290322581,-0.0645161290322581,-16.6290322580645,-8.34677419354839,189.677419354839,31.5797328289233,0,1.44894469856456,1.52306961362556,1.5859605355839,1.68422168074687,1.43968282007758,1.59369955891952,1.43385039474218,1.21245693102419,1.21328411899402,1.00618640199241,1.38601860221971,1.15455140339148,1187.33418540935,0.32600372727202,0.136326307917181,3155,0.384931506849315
"PfeilerEnquist",1982,4,46944.0000000033,1.56666666666667,597.333333333333,392.933333333333,3.16666666666667,-12.6666666666667,-4.75,245.333333333333,51.6677554990496,0,1.38227907795455,1.55119534035577,1.568288088541,1.60641446857811,1.7059581065654,1.55662001746102,1.64200220641349,1.58325727762183,1.44478088070298,1.43352464257741,1.25838896854006,1.53393452070025,1373.86666666667,0.429594668622813,0.18426133528948,3155,0.384931506849315
"PfeilerEnquist",1982,5,50870.0903477806,1.09677419354839,627.922582319355,395.483870967742,8.62903225806452,-3.83870967741935,2.39516129032258,415.483870967742,83.0092601417539,28.0357215488387,1.2599147039874,1.43955555200126,1.53249875045313,1.56277179501149,1.60487893893175,1.75426629257448,1.63774144875511,1.69809891938491,1.68628328251312,1.59903062227664,1.60775338795446,1.45772395731921,1444.22193933452,0.725613694620492,0.31012982365275,3155,0.384931506849315
"PfeilerEnquist",1982,6,52796.16041664,0.566666666666667,728.21333618,350.266666666667,15.4333333333333,-1.55,6.94166666666667,298.666666666667,120.118010017726,61.6451742122484,0.997888855530472,1.39935542406237,1.49862686879746,1.5698663398597,1.59382609496014,1.63746128207071,1.77269686890655,1.64542135092561,1.70094396474284,1.69879893560349,1.62166648437199,1.65898653349748,1674.890673214,0.997208192740659,0.698541526073992,3155,0.384931506849315
"PfeilerEnquist",1982,7,51940.3355594774,1.25806451612903,664.464515932258,281.161290322581,18.4677419354839,0.854838709677419,9.66129032258065,276.129032258065,136.372500983245,80.1463407154894,0.489578974795706,0.983633147746528,1.3153416516396,1.4853423515653,1.58428473487524,1.61449584245915,1.6781561100342,1.82143935266225,1.66602623431342,1.73496505137389,1.73273443869689,1.66122630106351,1528.26838664419,1.19950393324287,0.923374900984809,3155,0.384931506849315
"PfeilerEnquist",1982,8,48495.4838709677,2.7741935483871,541.006448070968,171.612903225806,18.0806451612903,2.85483870967742,10.4677419354839,486.451612903226,117.220821210384,79.9027954183563,0.530337402700913,0.587971338009871,0.979232631263594,1.40261313839543,1.60098975890189,1.71709151335472,1.74343262325687,1.81019906112736,1.97983930516895,1.79935367058157,1.87170074683441,1.86265221668036,1244.31483056323,1.26606384047225,0.779612227569029,3155,0.384931506849315
"PfeilerEnquist",1982,9,43983.3600260433,2.86666666666667,445.12000122,82.6666666666667,13.2666666666667,-0.65,6.30833333333333,561.333333333333,76.3146034378706,48.3253055589288,1.15652075216133,1.07571946198535,0.92893173745406,1.2285902825158,1.68314484772002,1.89106322766221,1.96092725472563,1.92308332448973,1.97448784627076,2.08848330279732,1.89843292220802,1.95607995698041,1023.776002806,0.954670322411,0.393336989077667,3155,0.384931506849315
"PfeilerEnquist",1982,10,39320.3612651161,1.80645161290323,407.432261803226,51.4838709677419,8.14516129032258,-7.08064516129032,0.532258064516129,372.903225806452,47.0688833649753,7.19389246045674,0.328812069351475,1.01973985043297,1.0442856215994,0.939746485772515,1.20004805465128,1.70568662444307,1.90701027697134,1.93954661547597,1.8843767478379,1.94492986970391,2.03231098936939,1.85725444994329,937.09420214742,0.634802563400054,0.261899337593602,3155,0.384931506849315
"PfeilerEnquist",1982,11,35400.9598958367,2.46666666666667,327.78666623,83.3333333333333,0.0666666666666667,-16.15,-8.04166666666667,202.666666666667,18.5601077574535,0,0.959140342558352,0.789126902217276,1.18552868743328,1.23683195511013,1.12004922125597,1.32051535316167,1.7316976261965,1.90336647109634,1.92956284909482,1.87789676552283,1.92862707364962,1.97333974206792,753.909332329,0.33383404790838,0.131167381241713,3155,0.384931506849315
"PfeilerEnquist",1982,12,33592.31953128,1.2,317.866668196667,150.666666666667,-2.6,-20.6333333333333,-11.6166666666667,142.666666666667,10.8420812001246,0,0.266359710498118,0.89384789395009,0.791082653334107,1.17982601180644,1.24567596725214,1.1308857032139,1.34105794614157,1.75883797509742,1.92141662898675,1.93883203369946,1.88800851336539,1.94072951642072,731.093336852334,0.251788710959035,0.109122044292368,3155,0.384931506849315
"PfeilerEnquist",1983,1,34593.4451864839,0.870967741935484,377.909678551613,336,-1.40322580645161,-22.4838709677419,-11.9435483870968,105.806451612903,12.2459443202703,0,0.116192629092023,0.268219602687583,0.714747194651673,0.696293764840664,1.11568934059211,1.19172866564945,1.06951027898901,1.28778552339189,1.64414187888392,1.80663488809876,1.86329392775686,1.83407271813135,869.19226066871,0.245270790550753,0.13946433893785,3155,0.384931506849315
"PfeilerEnquist",1983,2,37892.5714285714,2.46428571428571,440.114286692857,390.428571428571,-0.5,-19.625,-10.0625,152.857142857143,18.8082105040723,0,0.315218263476232,0.344895317688014,0.408383711417649,0.750351551299373,0.707466581391427,1.04628359283176,1.14663146333915,1.06276842429026,1.25219869934431,1.54519832839862,1.68508415765992,1.74864472085911,1012.26285939357,0.284939331344973,0.13208218848783,3155,0.384931506849315
"PfeilerEnquist",1983,3,42263.5355342742,3.64516129032258,451.096773209677,465.677419354839,0.403225806451613,-13.8064516129032,-6.70161290322581,229.677419354839,34.3392669833271,0,1.214384273934,1.08554175383915,0.944484520242324,0.999705897906043,1.1905512726683,1.12596349665084,1.37052404755308,1.42388594010143,1.31826393255816,1.4474327460392,1.64529356870123,1.7316267282765,1037.52257838226,0.370244511838221,0.140567092483382,3155,0.384931506849315
"PfeilerEnquist",1983,4,46944.0000000033,2.46666666666667,591.680005896667,541.466666666667,1.56666666666667,-14.1833333333333,-6.30833333333333,241.333333333333,45.378089340041,0,1.8745358394334,1.69847252908058,1.56454609354428,1.43751389263145,1.51180272538328,1.59769159523698,1.54194317329257,1.72656693120259,1.76441434892283,1.67981022494875,1.74326566469808,1.86198485501954,1360.86401356233,0.381580521661884,0.140247188328551,3155,0.384931506849315
"PfeilerEnquist",1983,5,50870.0903477806,3.58064516129032,590.348386703226,622.967741935484,7.24193548387097,-6.54838709677419,0.346774193548387,384.516129032258,78.4462093439693,6.73024102118032,1.69804146448149,1.96183028699903,1.79160670551724,1.69753386064448,1.60681904102052,1.74437095809867,1.81141188610067,1.75560855859239,1.94394253015799,2.02356446279767,1.97724970109992,2.02934619696099,1357.80128941742,0.6263376412263,0.241821512194042,3155,0.384931506849315
"PfeilerEnquist",1983,6,52796.16041664,1.43333333333333,675.2,619.2,14.9833333333333,-1.95,6.51666666666667,494.666666666667,117.880774505527,58.8356137197581,1.35562874907681,1.96833558552395,2.07619986820465,1.88734974680702,1.78450670052318,1.69324122547206,1.82143579280083,1.86318537058008,1.80932977631172,2.00185263468498,2.07139327623364,2.06861173983927,1552.96,0.968482605663769,0.473815938997102,3155,0.384931506849315
"PfeilerEnquist",1983,7,51940.3355594774,1.25806451612903,661.780643587097,534.967741935484,19.741935483871,2.38709677419355,11.0645161290323,624.516129032258,142.286915152989,88.5870035033809,-0.197043862714066,0.757715187655169,1.53261842042925,1.90172796715329,1.79598778531005,1.70231384412942,1.62488757629491,1.7509056326692,1.78782022053341,1.73853454617155,1.93927232161044,2.03132871798215,1522.09548025032,1.31739206634921,0.692875937316949,3155,0.384931506849315
"PfeilerEnquist",1983,8,48495.4838709677,3.29032258064516,615.741936467742,415.870967741935,19.5161290322581,2.70967741935484,11.1129032258065,646.451612903226,125.965961688738,83.5102996862359,-0.673006027571232,-0.465949069026349,0.232658107752616,1.17490777561942,1.73866598538875,1.73006797247773,1.63708359478761,1.55346582214855,1.68385472726457,1.73993694020097,1.68232417533961,1.90327812770938,1416.20645387581,1.32163301845934,0.67518140555611,3155,0.384931506849315
"PfeilerEnquist",1983,9,43983.3600260433,0.233333333333333,608.31999461,337.066666666667,16.5833333333333,-2.2,7.19166666666667,464,91.9082303787524,53.234999083956,-1.59810776853187,-1.41251039489999,-0.915586171757401,-0.288576363385497,0.552834107162676,1.23839332707464,1.39831583832989,1.32848604656084,1.26494177111197,1.33623929614094,1.39996793923567,1.36174981981218,1399.135987603,1.01445480169892,0.550454801698923,3155,0.384931506849315
"PfeilerEnquist",1983,10,39320.3612651161,0.741935483870968,467.922581822581,307.225806451613,10,-5.74193548387097,2.12903225806452,390.967741935484,52.0287096347764,20.0211856585999,-0.913128891436347,-1.90703296427638,-1.66271783694261,-1.09295234725541,-0.469075259673641,0.308308162221011,1.01204744732868,1.21210837192601,1.1618076178529,1.11672146692658,1.17482693680021,1.24551880836405,1076.22193819194,0.711974117733965,0.321006375798481,3155,0.384931506849315
"PfeilerEnquist",1983,11,35400.9598958367,4.63333333333333,323.839999896667,338.933333333333,0.416666666666667,-13.1,-6.34166666666667,237.333333333333,19.8966657154805,0,1.13599336838238,0.0130380694838092,-0.877384891349913,-1.11210923269293,-0.763520535763802,-0.14854281543845,0.57340842372571,1.176260652385,1.32087888721333,1.26200893434301,1.21572285092627,1.25585232255563,744.831999762334,0.380607876611399,0.143274543278066,3155,0.384931506849315
"PfeilerEnquist",1983,12,33592.31953128,8.73333333333333,262.61333364,540,-3.56666666666667,-17.95,-10.7583333333333,181.333333333333,11.0269962449372,0,1.98902205920326,2.02950403331941,1.08645563064869,-0.0762004076868224,-0.435617767125074,-0.331997303264198,0.203704738679722,0.911429945440044,1.4636442081633,1.53362872655625,1.44745387656957,1.39228080114119,604.010667372,0.2696447099119,0.0883113765785672,3155,0.384931506849315
"PfeilerEnquist",1984,1,34593.4451864839,0.387096774193548,390.812903125806,226.709677419355,-5.5,-27.5645161290323,-16.5322580645161,76.1290322580645,2.71202589834751,0,1.75825917191581,2.04198643173694,2.44539641244562,1.82607489147887,0.612903769832092,0.201967573869002,0.0872579860252573,0.55543608393255,1.22106457893136,1.68295106401125,1.70468146463648,1.60672820712684,898.869677189354,0.168363283287766,0.0922342510297013,3155,0.384931506849315
"PfeilerEnquist",1984,2,37968.3310883621,1,472.386209424138,248.275862068966,-2.58620689655172,-24.8275862068966,-13.7068965517241,92.4137931034483,10.7295046498441,0,1.49704724768803,1.78212168645356,2.05670572816931,2.13929944550964,1.79759985663744,1.0230643644363,0.689422989814259,0.462995318364276,0.848130615643026,1.40174732699581,1.76078116699301,1.7492438016855,1086.48828167552,0.2126357812582,0.120221988154751,3155,0.384931506849315
"PfeilerEnquist",1984,3,42419.6129032258,3.2258064516129,514.270967545161,313.290322580645,-0.82258064516129,-19.8225806451613,-10.3225806451613,143.225806451613,26.7526976177546,0,1.7741717847811,1.82798269574015,1.87291627258572,2.1875142292165,2.25206758049864,2.0467390491193,1.63180110192491,1.36908515027582,1.0762729802194,1.33044680540157,1.7138998943539,1.93777096571165,1182.82322535387,0.279134535291789,0.135908728840176,3155,0.384931506849315
"PfeilerEnquist",1984,4,47082.2399739633,3.6,573.866667683333,394.133333333333,2.31666666666667,-15.3833333333333,-6.53333333333333,188,47.1633869260165,0,1.83501294064992,1.88839852476264,1.88235909484583,1.90953178185702,2.15105430961548,2.19950915256971,2.06379237411148,1.87046172826451,1.71462721630681,1.49304746411618,1.6454204880336,1.89958750220057,1319.89333567167,0.375057847032985,0.187057847032985,3155,0.384931506849315
"PfeilerEnquist",1984,5,50981.5742187484,1.87096774193548,668.799999606452,477.935483870968,11.5967741935484,-5.95161290322581,2.82258064516129,387.096774193548,100.565016292845,31.6492953311273,-0.237736922985213,0.972672229282965,1.38186170053229,1.48285626774619,1.5770269566019,1.85394064001807,1.93113269806119,1.76514238471603,1.5737834417208,1.44785714934724,1.26789179721878,1.47441693637431,1538.23999909484,0.748004334653531,0.360907560459983,3155,0.384931506849315
"PfeilerEnquist",1984,6,52807.68046872,2.46666666666667,647.039999896667,439.6,15.4333333333333,-1.5,6.96666666666667,509.333333333333,120.062255596445,61.8090173381599,1.22542364526955,0.452703015139907,1.18258077337487,1.47643437949161,1.55665249967109,1.64477979275608,1.90379344404592,1.95524151357831,1.79816331315417,1.63478915332743,1.52890716906767,1.38868788273531,1488.19199976233,0.998921122635084,0.489587789301752,3155,0.384931506849315
"PfeilerEnquist",1984,7,51862.2968750032,3.58064516129032,611.922582809677,362.967741935484,19.1774193548387,1.69354838709677,10.4354838709677,656.774193548387,139.70257858158,84.8401628885847,0.369489787909095,1.05941550362308,0.48101023003023,1.13014022194975,1.45868703206986,1.55199929956143,1.66658109305012,1.94836590645752,1.9907611882113,1.82134168242489,1.64324664705311,1.53933051837275,1407.42194046226,1.26334024601734,0.60656605246895,3155,0.384931506849315
"PfeilerEnquist",1984,8,48361.703125,3.45161290322581,564.748389458064,257.548387096774,18.0322580645161,1.83870967741935,9.93548387096774,670.967741935484,118.612442175988,76.8826269500195,0.426703500195471,0.455947527338536,0.995580929126751,0.492958100006884,1.17329300130646,1.54898927736576,1.65202936313617,1.78032183782332,2.11463552256861,2.17243710468394,1.95753866462277,1.74111460864427,1298.92129575355,1.22177966644907,0.550811924513585,3155,0.384931506849315
"PfeilerEnquist",1984,9,43822.0800781267,1.26666666666667,515.30666555,180.533333333333,13.9166666666667,-2.56666666666667,5.675,518.666666666667,80.8725194751067,44.6939489603972,0.301762499336416,0.46947790133761,0.489685437432018,0.925184341834032,0.529462670861247,1.18999816655571,1.59160652147959,1.67193799058485,1.80203728274373,2.07118189121587,2.10997363117038,1.90376418111509,1185.205330765,0.913743602316935,0.395076935650268,3155,0.384931506849315
"PfeilerEnquist",1984,10,39175.4322076581,4,375.9483869,192.258064516129,3.64516129032258,-8.62903225806452,-2.49193548387097,327.741935483871,35.2894222621134,0,2.17759855654091,1.52390293780353,1.46682603612944,1.21820798179815,1.54803630253697,1.25414900615364,1.81117157673144,2.00490850206065,1.98473685824415,2.08294354448439,2.31832125309166,2.33579740298272,864.68128987,0.5086995283054,0.180957592821529,3155,0.384931506849315
"PfeilerEnquist",1984,11,35297.2799479167,1.33333333333333,408.213331096667,262,-0.166666666666667,-17.1666666666667,-8.66666666666667,178.666666666667,17.7859807594257,0,0.881234571319752,2.56740337847602,1.58547986704648,1.55559198013507,1.33184139825679,1.58663441390803,1.35280610763531,1.81254821641334,1.97605380271702,1.95747796780179,2.04184898383411,2.20517614799794,938.890661522334,0.317969965138284,0.139303298471617,3155,0.384931506849315
"PfeilerEnquist",1984,12,33580.7994792,3.13333333333333,305.49333369,316.933333333333,-4.03333333333333,-19.7166666666667,-11.875,152,9.68856667436981,0,1.09873373278664,1.31091740760826,2.92654225318819,1.76648523007684,1.74439925232987,1.46622786645533,1.72038069504451,1.50802249798404,1.94022854482787,2.06149685360976,2.0292147269251,2.11004609881637,702.634667487,0.246625021061203,0.0946250210612026,3155,0.384931506849315
"PfeilerEnquist",1985,1,34593.4451864839,0.903225806451613,354.270968035484,212.903225806452,-6.93548387096774,-25.6290322580645,-16.2822580645161,92.9032258064516,2.98854348306112,0,1.78907858153096,1.72229272003958,2.00547962290509,3.04228841848908,2.19676703586862,2.12283640159336,1.75687252766484,1.99265956266159,1.76818386194082,2.12058316433487,2.1915782148018,2.14209298277301,814.823226481613,0.171918177371704,0.0790149515652523,3155,0.384931506849315
"PfeilerEnquist",1985,2,37892.5714285714,1.85714285714286,453.714287346429,264,-4,-24.9464285714286,-14.4732142857143,104.285714285714,8.46303064215946,0,1.87641858920209,1.96428620062745,2.015586357608,2.05368663212356,2.52872610584149,2.32545947309973,2.24781606823926,1.95698268754613,2.12405407586405,1.9527601647015,2.1996606156173,2.21044654453176,1043.54286089679,0.199704222936306,0.0954185086505923,3155,0.384931506849315
"PfeilerEnquist",1985,3,42263.5355342742,4.09677419354839,488.670962919355,306.064516129032,-0.161290322580645,-16.8548387096774,-8.50806451612903,178.064516129032,31.1615863584363,0,1.51760428009018,1.81020201898058,1.86773205574561,2.05894481117632,2.10608391353165,2.42459238375867,2.43229966173834,2.38053558306545,2.16117968848973,2.21831497656196,2.04148988375046,2.19610143386197,1123.94321471452,0.321930782976505,0.143866266847473,3155,0.384931506849315
"PfeilerEnquist",1985,4,46944.0000000033,2.7,604.053333536667,407.333333333333,5.28333333333333,-11.8833333333333,-3.3,258.666666666667,59.7769697880007,0,0.751541721004395,1.31766300131635,1.54218861451774,1.64118850328709,1.79958310530483,1.85316650889759,2.07927182473358,2.14094495877133,2.14446416788659,2.03599368577849,2.08786982692724,1.90615378790061,1389.32266713433,0.479018701178778,0.220352034512111,3155,0.384931506849315
"PfeilerEnquist",1985,5,50870.0903477806,2.12903225806452,611.716128441935,472.774193548387,10.0967741935484,-5.14516129032258,2.4758064516129,411.612903225806,92.1474902487116,28.72966157812,0.619876525107561,0.72036750888909,1.13820061656426,1.36389766823551,1.4822087620643,1.67164296498736,1.73480385613072,1.93586031126111,2.01674694224832,2.08498273110539,2.01978686457837,2.10023243395944,1406.94709541645,0.729792334572302,0.318179431346496,3155,0.384931506849315
"PfeilerEnquist",1985,6,52796.16041664,0.566666666666667,739.840004473333,456.133333333333,18.0333333333333,-2.73333333333333,7.65,429.333333333333,136.627742629492,66.2300954063944,-0.914917676142958,-0.200985035730925,0.153986837962122,0.701029345154514,0.996158955617095,1.1749811684322,1.34013282039993,1.40129552649001,1.63649611920279,1.69957042156114,1.75513448335362,1.72490830566146,1701.63201028867,1.04675870886276,0.617425375529432,3155,0.384931506849315
"PfeilerEnquist",1985,7,51940.3355594774,1.48387096774194,606.03871203871,388.774193548387,18.7903225806452,1.40322580645161,10.0967741935484,514.838709677419,137.644199388511,82.798238869087,0.364925998713799,-0.381171801059335,-0.0262799225226468,0.197687781929626,0.682143883872168,0.968229344102172,1.15955242178142,1.32929816337499,1.38148677448331,1.64449932154144,1.71096260949307,1.78145559808818,1393.88903768903,1.23505265443878,0.720213944761366,3155,0.384931506849315
"PfeilerEnquist",1985,8,48495.4838709677,0.516129032258065,705.135487216129,296.258064516129,19.6451612903226,-0.193548387096774,9.7258064516129,308.387096774194,130.292750466454,75.6813136426533,-1.55912388583332,-0.617384632362284,-0.942705892670567,-0.594747180436256,-0.315302993528635,0.212754166029156,0.557322188348921,0.808145704229508,0.97886411015449,1.05642369112759,1.39326062927101,1.44344695420741,1621.8116205971,1.20471281902502,0.89632572225083,3155,0.384931506849315
"PfeilerEnquist",1985,9,43983.3600260433,4.63333333333333,445.86666311,249.733333333333,11.2833333333333,-3.5,3.89166666666667,416,70.7704502138864,33.8287598419559,1.91430711597881,0.359923261014595,0.421095679264361,-0.104447873974326,0.0270863806475425,0.199183017979071,0.673733978274959,0.977443613933959,1.1870374398132,1.33937297125396,1.39385751796533,1.68021972364482,1025.493325153,0.806709638125676,0.390709638125676,3155,0.384931506849315
"PfeilerEnquist",1985,10,39320.3612651161,2.09677419354839,461.006451509677,241.677419354839,8.41935483870968,-6.7258064516129,0.846774193548387,378.064516129032,47.7494577394896,10.1355442256914,0.253431562740063,1.47394196033829,0.433148374722627,0.464197808709809,-0.0343210635050851,0.0521921151168793,0.222009135462574,0.688431163980112,0.978948703669236,1.18467631008249,1.32198285819907,1.37552951247555,1060.31483847226,0.649388132484699,0.271323616355667,3155,0.384931506849315
"PfeilerEnquist",1985,11,35400.9598958367,5.13333333333333,292.053334556667,270,-0.25,-12.65,-6.45,261.333333333333,18.8769034045082,0,1.44706697143279,1.07502572030526,1.66958194191777,0.897939927551762,0.82785230551383,0.352037307997481,0.391586664834101,0.503221475284298,0.894676104786824,1.13653574602754,1.31060168950583,1.41707856457107,671.722669480334,0.377461993852208,0.116128660518875,3155,0.384931506849315
"PfeilerEnquist",1985,12,33592.31953128,1.7,381.7600001,396.4,-4.1,-23.15,-13.625,112,7.52412428913678,0,1.27223729434454,1.78092682796775,1.5693348934724,1.88616341319699,1.11693483008777,0.99453249819401,0.532187212972114,0.577587932734694,0.666876843746984,1.02135107437054,1.24286201543275,1.40660171784413,878.04800023,0.214061021019075,0.102061021019075,3155,0.384931506849315
"PfeilerEnquist",1986,1,34593.4451864839,0.838709677419355,327.948388374194,101.677419354839,2.38709677419355,-15.3387096774194,-6.4758064516129,193.548387096774,21.7133112093979,0,-2.17288554051654,-0.653869912430581,0.283700706775236,0.284233246933684,1.34603385879291,0.447492145298753,0.494555546698819,0.0713875537915614,0.190245514544677,0.328289606052867,0.727631728246442,0.987995035968051,754.281293260646,0.376716022634728,0.183167635537954,3155,0.384931506849315
"PfeilerEnquist",1986,2,37892.5714285714,8.71428571428571,325.257141382143,183.571428571429,-0.392857142857143,-12.8035714285714,-6.59821428571429,264.285714285714,21.934702184709,0,0.950987853513349,-0.729970916475073,0.109971786790164,0.732667759878136,0.662083183306769,1.40228869740529,0.690540680769661,0.674770306445375,0.275215353529841,0.363089488255161,0.471688801984855,0.822176252033708,748.091425178929,0.373195489293906,0.108909775008192,3155,0.384931506849315
"PfeilerEnquist",1986,3,42263.5355342742,2.32258064516129,569.496770554839,294.967741935484,6.06451612903226,-10.2096774193548,-2.07258064516129,287.741935483871,52.0770347704173,0,-1.12904244649972,-0.382782254131219,-1.16800901567348,-0.58440239375764,-0.00147321797895654,0.0250172981588632,0.810477268484813,0.162726406806732,0.271267054804255,-0.0300297727134971,0.099989680851363,0.236704811981588,1309.84257227613,0.524737267839581,0.23699533235571,3155,0.384931506849315
"PfeilerEnquist",1986,4,46944.0000000033,4.53333333333333,554.560001626667,340.933333333333,7.4,-7.1,0.15,372,68.0097785400296,3.24657264402679,0.00769190368453437,-0.637686574241854,-0.162878761829494,-0.764472815225904,-0.350736548309459,0.0708641133309784,0.0839860596644377,0.691244090111407,0.176916001731044,0.258404989232207,0.00141309357332522,0.136885125188146,1275.48800374133,0.617467014775109,0.245467014775109,3155,0.384931506849315
"PfeilerEnquist",1986,5,50870.0903477806,2.06451612903226,650.52903206129,372.645161290323,11.2741935483871,-4.01612903225806,3.62903225806452,459.354838709677,97.5430199489821,38.1021894058948,0.0972525272322333,0.01944177919995,-0.333478823130335,-0.0638320516255017,-0.470370233567095,-0.226196009820631,0.063009378236867,0.084265769185415,0.572758167619451,0.125748957540631,0.194829921830459,-0.017702287288512,1496.21677374097,0.791922440389399,0.332567601679722,3155,0.384931506849315
"PfeilerEnquist",1986,6,52796.16041664,1.16666666666667,654.61333313,312.266666666667,17.6,2.16666666666667,9.88333333333333,646.666666666667,128.119714003059,80.0184190925671,0.0984562075232147,0.0399870138586836,0.0240140598521881,-0.251041467191686,-0.0490221241881134,-0.362797265019124,-0.164130006142685,0.0757928197593954,0.0919796427034378,0.499778127226411,0.129399864572853,0.184721943145228,1505.610666199,1.21751504690037,0.570848380233702,3155,0.384931506849315
"PfeilerEnquist",1986,7,51940.3355594774,2.12903225806452,539.045160109677,188.645161290323,17.741935483871,4.12903225806452,10.9354838709677,721.290322580645,125.453933949857,87.8230648153597,1.85156180962473,1.33138463505364,0.833795714170353,0.602782830606825,0.274098981642271,0.413434326278988,0.128120639301988,0.29761472466207,0.483598466258377,0.482339375997126,0.860448202743427,0.522796792433823,1239.80386825226,1.30614139654695,0.584851073966308,3155,0.384931506849315
"PfeilerEnquist",1986,8,48495.4838709677,2.03225806451613,501.058064122581,57.9354838709677,18.9516129032258,4.19354838709677,11.5725806451613,694.193548387097,119.916873365816,86.0472179039748,0.0237488748710172,1.2121250562129,1.04565067208325,0.700018933472402,0.50681930951776,0.189467644841654,0.331678685591668,0.0534784804779379,0.220781932396197,0.406517863382972,0.40772091671152,0.802660933570388,1152.43354748194,1.36252559125554,0.668332042868447,3155,0.384931506849315
"PfeilerEnquist",1986,9,43983.3600260433,5.56666666666667,341.546667226667,0,11,-0.3,5.35,602.666666666667,66.033310209455,42.7896038126651,2.36405683380292,1.76312855078019,1.93061811273296,1.89980169307341,1.70251109973135,1.32463213684598,0.838627478541332,0.928737446274775,0.62512370242714,0.793313309272568,0.950212550108242,0.926652223418712,785.557334621334,0.893350079060217,0.29068341239355,3155,0.384931506849315
"PfeilerEnquist",1986,10,39320.3612651161,2.93548387096774,372.748386993548,9.16129032258065,7.25806451612903,-5.43548387096774,0.911290322580645,420.645161290323,43.8654955126079,10.7002062851727,1.07098049672275,1.96679736757702,1.80421418878288,1.96990529793014,1.95811603011836,1.95577753151659,1.53201115455528,0.999824890229394,1.06416942182308,0.771953155542836,0.9310431373056,1.07478954491452,857.32129008516,0.652416498096568,0.231771336806245,3155,0.384931506849315
"PfeilerEnquist",1986,11,35400.9598958367,3.96666666666667,297.4933342,40,1.53333333333333,-10.95,-4.70833333333333,281.333333333333,21.8466208752151,0,0.565061993868939,1.15875146380871,1.92854855621963,1.77323299418755,1.88641248736935,1.86368615200898,1.85153475133844,1.529571036192,1.05665920880023,1.10974180372346,0.839453927639684,0.978506576394825,684.23466866,0.430949041937831,0.149615708604498,3155,0.384931506849315
"PfeilerEnquist",1986,12,33592.31953128,0.833333333333333,315.520000713333,79.3333333333333,-1.23333333333333,-16.0166666666667,-8.625,189.333333333333,14.5661322515173,0,-0.92959300786564,-0.10461154816283,0.577577843975615,1.80933694627874,1.658964443241,1.82822156482221,1.7735521775936,1.7097568079124,1.40336131281899,0.952692264281132,1.01934874127459,0.749546720670864,725.696001640666,0.319006293880445,0.129672960547112,3155,0.384931506849315
"PfeilerEnquist",1987,1,34593.4451864839,3.2258064516129,308.541933367742,168.645161290323,-2.83870967741935,-17.0322580645161,-9.93548387096774,171.612903225806,13.4937689871577,0,0.373655238969593,-0.206013462094625,0.0927047651678033,0.648282432799751,1.84921082269017,1.67408229909769,1.85025394667287,1.7740921324178,1.64138679045571,1.36752891149553,0.957863462798059,1.02767593387008,709.646446745807,0.287813123511015,0.116200220285209,3155,0.384931506849315
"PfeilerEnquist",1987,2,37892.5714285714,2.57142857142857,416.342854635714,245.285714285714,0.232142857142857,-14.4107142857143,-7.08928571428571,211.428571428571,22.781244229578,0,-0.654127311142541,-0.0794661190451895,-0.446217683127509,-0.08638643195171,0.368446719758493,1.49784271724272,1.39056612317315,1.6450511333454,1.56052353548092,1.41695810912549,1.19560532425945,0.853856609113003,957.588565662142,0.359364367991589,0.147935796563018,3155,0.384931506849315
"PfeilerEnquist",1987,3,42263.5355342742,3.09677419354839,533.883870770968,326.709677419355,2.88709677419355,-14.741935483871,-5.92741935483871,205.161290322581,40.9164933995179,0,0.471019290775114,0.157615431758184,0.290346134087395,0.0549273190205441,0.257652099774713,0.531182355627396,1.43312096870361,1.35335250988197,1.61377018651782,1.51361149510927,1.35874570536104,1.17578095200013,1227.93290277323,0.392853387187518,0.187692096864937,3155,0.384931506849315
"PfeilerEnquist",1987,4,46944.0000000033,1.06666666666667,626.559998576667,398.533333333333,9.36666666666667,-7.05,1.15833333333333,368,76.4302977774008,14.6852743714508,-1.57461659514314,-0.633064055722857,-0.742875967114172,-0.487206908442461,-0.631992374531209,-0.433243559453302,-0.0995126455839659,0.770197807382203,0.747401013708107,1.11414314400724,1.07346228195509,0.947810432027427,1441.08799672633,0.664128682899367,0.296128682899367,3155,0.384931506849315
"PfeilerEnquist",1987,5,50870.0903477806,1.38709677419355,599.329033635484,362.193548387097,10.9516129032258,-2.03225806451613,4.45967741935484,472.258064516129,93.3697673301977,44.365032915204,0.439887335317849,-0.519339411339275,-0.145548203335352,-0.235127281011487,-0.133035962313061,-0.25985485605932,-0.142997393568414,0.0781973895430601,0.752753124113403,0.720972032121514,1.06759903468639,1.05624385029968,1378.45677736161,0.839528911616114,0.367270847099985,3155,0.384931506849315
"PfeilerEnquist",1987,6,52796.16041664,1.1,698.6666626,287.866666666667,18.1333333333333,2.41666666666667,10.275,452,131.119624377335,82.3477960312499,-0.266419913142392,0.068676388939552,-0.511489944989578,-0.231880243485951,-0.298761244310979,-0.212943852298791,-0.301417029333449,-0.197441772121124,-0.00949321995991277,0.571110491309924,0.55839093902283,0.904903600374562,1606.93332398,1.24986694259798,0.797866942597984,3155,0.384931506849315
"PfeilerEnquist",1987,7,51940.3355594774,0.838709677419355,613.470965970968,168.258064516129,19.9516129032258,4.20967741935484,12.0806451612903,401.290322580645,140.284415037616,94.5242902381605,-0.0190147263007479,-0.182794331950669,0.0133898508514906,-0.466271733589297,-0.246020648387889,-0.301528057031294,-0.236892330359851,-0.310536862089262,-0.220509673981727,-0.0529431116826182,0.490783910790016,0.473285250238669,1410.98322173323,1.40901484037397,1.00772451779332,3155,0.384931506849315
"PfeilerEnquist",1987,8,48495.4838709677,2.51612903225806,489.600001670968,34.0645161290323,17.8709677419355,3.79032258064516,10.8306451612903,561.290322580645,114.173654141321,81.9389513938389,0.92031536183475,0.469729121457925,0.170508921894316,0.214440164486439,-0.294234140497897,-0.112511706506654,-0.170435150318978,-0.114863012142937,-0.183463274416455,-0.106474219829687,0.0481984922594677,0.594038885748973,1126.08000384323,1.29706262678915,0.735772304208505,3155,0.384931506849315
"PfeilerEnquist",1987,9,43983.3600260433,0.6,443.733335366667,0,15.4666666666667,-0.266666666666667,7.6,548,85.4903195116121,55.4505251978957,-0.55205091591504,0.29854926054629,0.191376885665128,0.00392375181006748,0.0339126012622805,-0.424329134139636,-0.251496414752134,-0.291194447729236,-0.234150360570467,-0.290343344805285,-0.208118909812522,-0.0528994468465562,1020.58667134333,1.04319106898431,0.495191068984313,3155,0.384931506849315
"PfeilerEnquist",1987,10,39320.3612651161,1.93548387096774,318.245163454839,0,10.6774193548387,-3.17741935483871,3.75,477.41935483871,52.7807786082588,30.4095729394589,-0.82080174353455,-0.841129044285468,-0.0577959255755532,-0.0309670501983097,-0.180480777944259,-0.155717250658251,-0.550834394071231,-0.36749710762337,-0.394916492321604,-0.337943563115522,-0.386444844367505,-0.302763962552415,731.96387594613,0.798703263381773,0.321283908543063,3155,0.384931506849315
"PfeilerEnquist",1987,11,35400.9598958367,1.6,309.546663916667,17.4666666666667,2,-11.1166666666667,-4.55833333333333,276,22.6505338070879,0,-0.146669543361092,-0.725524017018151,-0.719191461304809,-0.0400489698779661,0.0213688092354702,-0.126763011812454,-0.108975474774405,-0.513222963774718,-0.338380468154252,-0.367648738025383,-0.311355209452431,-0.352801060934745,711.957327008334,0.435856269642623,0.159856269642623,3155,0.384931506849315
"PfeilerEnquist",1987,12,33592.31953128,2.9,248.42666575,60.2666666666667,-3.76666666666667,-15.5833333333333,-9.675,201.333333333333,11.532483798673,0,0.554643633768581,0.230693109803054,-0.469537165078799,-0.527279189698431,0.0318328618328192,0.0753092295467931,-0.0640604661877028,-0.0434105433446529,-0.457515735494662,-0.286193071082101,-0.317608587084984,-0.264477648739813,571.381331225,0.293787585370956,0.0924542520376231,3155,0.384931506849315
"PfeilerEnquist",1988,1,34593.4451864839,4.83870967741935,312.051612854839,274.709677419355,-4.83870967741935,-17.5,-11.1693548387097,169.032258064516,10.7451020107729,0,1.23064157522931,1.13452335762783,0.902705346538956,0.246450275716045,-0.069480862105907,0.38016789872661,0.289460187190014,0.148351330941185,0.183332935696974,-0.258435793915416,-0.105023966115659,-0.13881611762796,717.71870956613,0.260958091058297,0.0919258329937808,3155,0.384931506849315
"PfeilerEnquist",1988,2,37968.3310883621,1.72413793103448,475.80690002069,384.137931034483,0.775862068965517,-15.3620689655172,-7.29310344827586,197.241379310345,23.4608896509422,0,-1.06166478082005,0.355617946778363,0.52645295711427,0.400886234486774,-0.0697731880154366,-0.346266450931019,0.111454293324442,0.103860134645205,0.00147120120954295,0.055152397321275,-0.337580969025557,-0.180145597957536,1094.35587004759,0.353759069620158,0.156517690309813,3155,0.384931506849315
"PfeilerEnquist",1988,3,42419.6129032258,2.12903225806452,528.722581432258,434.58064516129,1.17741935483871,-14.7741935483871,-6.79838709677419,209.032258064516,36.065977184532,0,0.902295102500154,0.388934418712202,0.75744458295603,0.875068524119364,0.815590003521009,0.457132369267657,0.170794269043308,0.493216719642939,0.394448760955807,0.303371916951805,0.323757838907725,-0.0690808186599412,1216.06193729419,0.367501421700794,0.158469163636278,3155,0.384931506849315
"PfeilerEnquist",1988,4,47082.2399739633,2.26666666666667,586.02666575,468.533333333333,7.9,-6.91666666666667,0.491666666666667,365.333333333333,70.05698460214,7.80007626945839,-0.562254501680943,0.343951817717008,0.0571027978009205,0.401710688521449,0.512313676585707,0.479496515870056,0.21169183318729,-0.019572955025692,0.265357627477773,0.213035857839319,0.159108943979888,0.216292137151816,1347.861331225,0.632941474792941,0.267608141459608,3155,0.384931506849315
"PfeilerEnquist",1988,5,50981.5742187484,0.967741935483871,647.122578283871,478.838709677419,10.9193548387097,-2.83870967741935,4.04032258064516,398.709677419355,94.3024626458086,41.2453751987174,0.310552976658522,-0.118316083527564,0.346559013649714,0.175413980625,0.398800444082961,0.489523922366325,0.454681219835579,0.260460927570015,0.0768517560280482,0.273875556000234,0.221591114344408,0.18346040920286,1488.3819300529,0.815187292101561,0.416477614682206,3155,0.384931506849315
"PfeilerEnquist",1988,6,52807.68046872,1.36666666666667,666.02666931,395.066666666667,18.9333333333333,3.46666666666667,11.2,488,134.358167261659,87.759203470685,-0.599223524745189,-0.217046078942139,-0.361885587959991,0.0508256406982446,-0.0832775496254603,0.136977665165739,0.228882333517015,0.20751529531257,0.0529380256402138,-0.112731043334992,0.0716424432887248,0.0434480067083298,1531.861339413,1.3292970377903,0.841297037790302,3155,0.384931506849315
"PfeilerEnquist",1988,7,51862.2968750032,1.25806451612903,655.690327303226,258.322580645161,20.8064516129032,5.12903225806452,12.9677419354839,492.903225806452,144.152873277898,99.6013708077493,-0.398791794021828,-0.629132889597776,-0.362759969508816,-0.473358368861692,-0.123921278275563,-0.232635575588032,-0.0382308245002839,0.044245477918815,0.0285445742285885,-0.0939942880086771,-0.2325282384877,-0.0747239149736514,1508.08775279742,1.49354045196134,1.00063722615489,3155,0.384931506849315
"PfeilerEnquist",1988,8,48361.703125,0.580645161290323,557.935484854839,111.483870967742,19.9354838709677,5.2741935483871,12.6048387096774,544.516129032258,123.723526465296,91.6504341307376,-0.737626022114291,-0.624077146687578,-0.811489031449602,-0.607435493845002,-0.663699671787681,-0.352260372911325,-0.444444463011763,-0.257167312523356,-0.179644810541294,-0.191274317508642,-0.295536469160888,-0.416401402725482,1283.25161516613,1.45843749625931,0.913921367227054,3155,0.384931506849315
"PfeilerEnquist",1988,9,43822.0800781267,2.53333333333333,434.666667936667,7.33333333333333,14.3333333333333,-0.616666666666667,6.85833333333333,500,80.9016104868349,51.4019179814561,0.489902853561726,-0.194771558051145,-0.304540274465651,-0.553442897416291,-0.474273861042416,-0.579483846002032,-0.289447570879605,-0.370660908675525,-0.191109697368101,-0.107852604078757,-0.115153247935906,-0.217021045823367,999.733336254334,0.991517145574398,0.491517145574398,3155,0.384931506849315
"PfeilerEnquist",1988,10,39175.4322076581,0.419354838709677,336.61935473871,0,11.4354838709677,-1.67741935483871,4.87903225806452,541.935483870968,54.0383061759521,36.932145495045,-1.3894268795438,-0.334526112646292,-0.752248431172764,-0.645439168212949,-0.810149422212647,-0.712013857642601,-0.76926383767901,-0.480837822606943,-0.545861526377661,-0.370529722377959,-0.284251450869941,-0.284463602350335,774.224515899033,0.864511236900256,0.322575753029288,3155,0.384931506849315
"PfeilerEnquist",1988,11,35297.2799479167,4.73333333333333,266.133333836667,38.1333333333333,-0.5,-11.2666666666667,-5.88333333333333,290.666666666667,18.467983361231,0,1.44884242111757,-0.104526249140539,0.386759108335213,-0.0744850042165991,-0.190684065398108,-0.443509291463083,-0.415180813384667,-0.531351235417723,-0.245344836692752,-0.319913360012466,-0.147584853619675,-0.0575122684376114,612.106667824334,0.394177016659949,0.103510349993282,3155,0.384931506849315
"PfeilerEnquist",1988,12,33580.7994792,3.7,285.760000866667,117.733333333333,-2.48333333333333,-15.6833333333333,-9.08333333333333,189.333333333333,13.0764360789813,0,0.343387779590269,1.29586335782619,0.0082757586482808,0.39661463819185,-0.0564909425829278,-0.167814574051781,-0.40663908226167,-0.37870239458708,-0.497769271864217,-0.21447625706363,-0.290448513425219,-0.121534408555779,657.248001993334,0.307770370697439,0.118437037364106,3155,0.384931506849315
"PfeilerEnquist",1989,1,34593.4451864839,2.03225806451613,330.735483480645,163.096774193548,-2.75806451612903,-17.9032258064516,-10.3306451612903,160,13.2384096223371,0,0.156331884909777,0.333985536786684,1.05458646388873,0.0799979584416609,0.341851175800607,-0.0793219359871183,-0.199298971998215,-0.398438378792112,-0.332674704690391,-0.453062249882414,-0.182285783446208,-0.254057864633942,760.691612005483,0.278956238327448,0.118956238327448,3155,0.384931506849315
"PfeilerEnquist",1989,2,37892.5714285714,4.78571428571429,400.685714446429,290.285714285714,-1.625,-14.9107142857143,-8.26785714285714,211.428571428571,19.31208168027,0,0.703647889118738,0.610116371723257,0.647627182352821,1.11067302207012,0.413996689518574,0.514052519202043,0.159344094317728,-0.0226552239598139,-0.22970028559157,-0.187044091638542,-0.322069661541246,-0.0616289279270684,921.577143226787,0.328013225096948,0.116584653668377,3155,0.384931506849315
"PfeilerEnquist",1989,3,42263.5355342742,2.58064516129032,527.999998525806,366.451612903226,5.38709677419355,-8.87096774193548,-1.74193548387097,332.903225806452,49.769414168314,0,-0.774832493621146,-0.238846058885648,-0.0920516374318297,0.0337306375142655,0.522456356819818,-0.0127644261671486,0.111454140267209,-0.176063713169732,-0.267094815631274,-0.396227998238032,-0.309151955829166,-0.409800648948838,1214.39999660935,0.53769726723411,0.204794041427658,3155,0.384931506849315
"PfeilerEnquist",1989,4,46944.0000000033,1.83333333333333,608.53333435,410.533333333333,8.4,-5.1,1.65,429.333333333333,71.1065154209312,19.0690263102735,-0.763008294573799,-0.9607465754866,-0.531322395493501,-0.381790328228716,-0.249899046726867,0.158749146891887,-0.240786927785434,-0.140817912217748,-0.379540296461195,-0.430577187247231,-0.528370501042259,-0.406228382019986,1399.626669005,0.687994198850777,0.258660865517444,3155,0.384931506849315
"PfeilerEnquist",1989,5,50870.0903477806,1.29032258064516,640.4129048,386.58064516129,12.4677419354839,-1.32258064516129,5.57258064516129,477.41935483871,101.036709590566,52.2970867873937,-0.350065570354714,-0.627273336896764,-0.750574526847397,-0.517149344638796,-0.428202916587725,-0.347951228487561,-0.0489916301319975,-0.328613079962817,-0.261337359376565,-0.468941422561498,-0.511878648391657,-0.596420462457592,1472.94968104,0.907272905200451,0.429853550361741,3155,0.384931506849315
"PfeilerEnquist",1989,6,52796.16041664,0.7,684.053331503333,308,16.5833333333333,1.46666666666667,9.025,432,122.867057969676,74.8269071482724,0.684024487403983,0.0746210289445052,-0.225044840665395,-0.36045177620193,-0.202136678730217,-0.156824755721959,-0.0893210066896403,0.146484064423295,-0.0931026842731987,-0.0528980589042353,-0.224137487324702,-0.30965774518715,1573.32266245767,1.14918511433197,0.717185114331972,3155,0.384931506849315
"PfeilerEnquist",1989,7,51940.3355594774,2.64516129032258,585.496777932258,176.387096774194,21.8225806451613,5.87096774193548,13.8467741935484,489.032258064516,149.562301853143,104.543351511288,-0.798658629163819,-0.154624066018701,-0.344634418433852,-0.511886283592148,-0.591918732144941,-0.459810995364964,-0.417304170268876,-0.357675670271422,-0.144421189591518,-0.334265694482953,-0.290659104609565,-0.442260269335414,1346.64258924419,1.58166466148663,1.09263240342211,3155,0.384931506849315
"PfeilerEnquist",1989,8,48495.4838709677,1.93548387096774,502.090326122581,37.1612903225806,18.1612903225806,3.82258064516129,10.991935483871,699.354838709677,115.864231538234,82.8381589287384,0.604650007868624,-0.263879602139928,0.0517830660360397,-0.227864831903352,-0.412479244818256,-0.503247809425053,-0.384446220504049,-0.348098771445724,-0.292692874708908,-0.0976352602569063,-0.280557515946201,-0.235548400165288,1154.80775008194,1.31105310907446,0.611698270364783,3155,0.384931506849315
"PfeilerEnquist",1989,9,43983.3600260433,1.56666666666667,422.400000506667,0,16.4833333333333,1.06666666666667,8.775,653.333333333333,88.5403768296265,61.6599161155959,-0.88834273611519,-0.133595303002507,-0.501157959348741,-0.197558358928755,-0.437625379533387,-0.593509224504012,-0.672744343643054,-0.550293397893329,-0.511008789074783,-0.447365938842085,-0.254805186444175,-0.416079642389904,971.520001165334,1.12993001295451,0.476596679621173,3155,0.384931506849315
"PfeilerEnquist",1989,10,39320.3612651161,1.54838709677419,364.490320022581,6.06451612903226,9.16129032258065,-5.2741935483871,1.94354838709677,433.548387096774,49.3592625156543,18.7180737921585,-0.182539239755088,-0.708846906113337,-0.17449318149122,-0.516011345518087,-0.224668141567343,-0.483496320387546,-0.625173602185307,-0.691856251436581,-0.564898697682635,-0.528655842547884,-0.461005761635206,-0.270129140565565,838.327736051936,0.702602531860669,0.269054144763895,3155,0.384931506849315
"PfeilerEnquist",1989,11,35400.9598958367,2.3,307.306666563333,28.9333333333333,3.16666666666667,-10.0833333333333,-3.45833333333333,306.666666666667,24.6565104709949,0,-0.427548868055368,-0.499458296710422,-0.758058680072258,-0.25808886797602,-0.540465439304194,-0.231180971336713,-0.479543367364706,-0.62573805459805,-0.69890169362377,-0.573093215428376,-0.536354399381438,-0.460979492018794,706.805333095666,0.473386693665928,0.166720026999261,3155,0.384931506849315
"PfeilerEnquist",1989,12,33592.31953128,1.46666666666667,280.000000003333,103.6,-2.38333333333333,-15.2166666666667,-8.8,197.333333333333,13.3126415314857,0,-0.386981211406646,-0.544226501936122,-0.641386728333019,-0.85723806354163,-0.414293304069052,-0.629306375811542,-0.311492699408689,-0.528670160376096,-0.661882567469924,-0.730408530731814,-0.607381601305089,-0.571148321418558,644.000000007666,0.31467382806439,0.117340494731057,3155,0.384931506849315
"PfeilerEnquist",1990,1,34593.4451864839,1.93548387096774,326.193550351613,217.032258064516,-2.75806451612903,-16.1451612903226,-9.45161290322581,185.806451612903,13.9111025320834,0,-0.0288050064499653,-0.176661813792796,-0.473143474299398,-0.562132748853916,-0.859609254418401,-0.470040175230935,-0.658200325856384,-0.342363697687672,-0.501348494761248,-0.633350737607718,-0.702228348803639,-0.582115151416404,750.24516580871,0.298998923845643,0.11319247223274,3155,0.384931506849315
"PfeilerEnquist",1990,2,37892.5714285714,2.96428571428571,432.571429114286,294,-0.75,-14.625,-7.6875,210,20.9373215752828,0,-0.0743925414601657,0.0070229010564074,-0.125565555705972,-0.312916759148778,-0.404667075492074,-0.768899973551364,-0.425604912648975,-0.630097012653465,-0.314168354192001,-0.467043632984924,-0.597231636067701,-0.666058172507987,994.914286962858,0.343133060651086,0.133133060651086,3155,0.384931506849315
"PfeilerEnquist",1990,3,42263.5355342742,2.35483870967742,500.851613690323,370.064516129032,3.95161290322581,-9.25806451612903,-2.65322580645161,316.129032258065,45.1861458425444,0,-0.172168204858227,-0.137257286359795,-0.07962798738549,-0.15495779542817,-0.281501143020636,-0.354501113228868,-0.708681515891916,-0.429198517353351,-0.623320667523645,-0.312025838608916,-0.43445710396714,-0.555770225180367,1151.95871148774,0.502648035964012,0.186519003705946,3155,0.384931506849315
"PfeilerEnquist",1990,4,46944.0000000033,4.06666666666667,548.159996543333,396.666666666667,7.5,-5.7,0.9,400,67.6007444732375,12.1889544283032,0.00033903305169589,-0.0166446679877373,-0.00541762169111442,0.00811652345671943,-0.0401242283013564,-0.139074422633829,-0.209461124880175,-0.53978927843823,-0.321755144964993,-0.535675748698603,-0.255937171555248,-0.360641671722698,1260.76799204967,0.651885632202452,0.251885632202452,3155,0.384931506849315
"PfeilerEnquist",1990,5,50870.0903477806,1.32258064516129,673.238711448387,434.709677419355,11.4193548387097,-3.7741935483871,3.82258064516129,446.451612903226,98.1120718710271,39.5923443303384,-0.0374856966899766,-0.0672248213337711,-0.0421468392808043,-0.0251741372085747,-0.0204825072074349,-0.0633902460027321,-0.145124494327964,-0.188097651874198,-0.456278644379173,-0.315849746891367,-0.507650333240974,-0.279491870342729,1548.44903633129,0.802796373223082,0.356344760319856,3155,0.384931506849315
"PfeilerEnquist",1990,6,52796.16041664,0.633333333333333,683.413332113333,369.733333333333,19.4166666666667,3.01666666666667,11.2166666666667,617.333333333333,138.432210902343,87.8556077134541,-1.08019776794207,-0.729502571644461,-0.545916229015826,-0.464831220365854,-0.43724688950638,-0.405191712819667,-0.422929702257314,-0.472629163598959,-0.482686782668019,-0.696718445996624,-0.575067594843205,-0.711741427188319,1571.85066386067,1.33076806208815,0.713434728754819,3155,0.384931506849315
"PfeilerEnquist",1990,7,51940.3355594774,2.51612903225806,569.909675845161,230.322580645161,19.0645161290323,4.51612903225806,11.7903225806452,707.096774193548,133.55111399034,92.8417376976759,0.975929589674856,-0.136029840428842,-0.192517714190621,-0.185287327921672,-0.158494964310597,-0.145518185303537,-0.140083045145229,-0.156574396069199,-0.203405318179252,-0.228783351291332,-0.421213946525682,-0.325031704948826,1310.79225444387,1.38228155005882,0.675184775865275,3155,0.384931506849315
"PfeilerEnquist",1990,8,48495.4838709677,1,557.625811174194,102.967741935484,18.9677419354839,3.95161290322581,11.4596774193548,611.612903225806,120.495830374898,85.4265968862998,-0.215397847917452,0.513654341083058,-0.2642400997765,-0.326752434314995,-0.300462835864877,-0.273436267427342,-0.258645689778826,-0.248606544791539,-0.262931675877084,-0.307108247106515,-0.326046708663146,-0.497009772192048,1282.53936570065,1.35237996019585,0.740767056970042,3155,0.384931506849315
"PfeilerEnquist",1990,9,43983.3600260433,2.23333333333333,412.693332416667,4.13333333333333,17.3166666666667,2.58333333333333,9.95,645.333333333333,90.3829155139556,67.6548008793732,-1.0731428312731,-0.802040250710624,0.0324746406326134,-0.510971461661743,-0.564862081896946,-0.528918203834621,-0.495265916518048,-0.465489201609225,-0.449075538947501,-0.45062209402739,-0.479776058441883,-0.487051241407036,949.194664558334,1.22296906536497,0.577635732031639,3155,0.384931506849315
"PfeilerEnquist",1990,10,39320.3612651161,2.74193548387097,373.574193645161,9.54838709677419,8.93548387096774,-4.90322580645161,2.01612903225806,438.709677419355,48.5058815086001,19.2317028937622,0.231715701769334,-0.589754240720967,-0.596981747864255,0.101222873302796,-0.429798960270984,-0.535523708739678,-0.502968157208105,-0.462068259245917,-0.426050269522419,-0.413692654201062,-0.411364828785032,-0.440889590472275,859.22064538387,0.706256579187484,0.267546901768129,3155,0.384931506849315
"PfeilerEnquist",1990,11,35400.9598958367,3.16666666666667,298.02666829,64.4,3.1,-9.98333333333333,-3.44166666666667,305.333333333333,24.529420257386,0,-0.214952327588969,-0.0714977759182328,-0.555291207121937,-0.575780038775279,0.132773789209996,-0.390900532255027,-0.496874695166878,-0.474130099454132,-0.441501709882235,-0.407292304537805,-0.395226627822597,-0.385780470847253,685.461337067,0.473976753238878,0.168643419905545,3155,0.384931506849315
"PfeilerEnquist",1990,12,33592.31953128,3.23333333333333,276.373330433333,128.4,-5.11666666666667,-18.6,-11.8583333333333,161.333333333333,9.00863332871471,0,1.28348926935287,0.664762551600007,0.5279453487324,-0.124577381570064,-0.232699537288743,0.328848434046164,-0.193243275867651,-0.332078957041096,-0.33081605409616,-0.309593888884012,-0.278994069248407,-0.272429681636356,635.658659996666,0.246955290667499,0.0856219573341663,3155,0.384931506849315
"PfeilerEnquist",1991,1,34593.4451864839,1.32258064516129,357.264517016129,220.774193548387,-3.48387096774194,-18.2741935483871,-10.8790322580645,148.387096774194,12.1219201846621,0,0.251811420658573,0.889364111582142,0.609941615057585,0.550096423398913,-0.113228603085655,-0.216175016268025,0.291725727875519,-0.183258530564823,-0.274128575298631,-0.27966818700773,-0.263010614534043,-0.232106733560212,821.708389137097,0.267067495805953,0.118680399031759,3155,0.384931506849315
"PfeilerEnquist",1991,2,37892.5714285714,1.78571428571429,449.142855510714,245.857142857143,1.85714285714286,-14.3035714285714,-6.22321428571429,208.571428571429,25.8680900185829,0,-1.68204757484668,-0.883339195539994,0.0188839785499525,-0.078749090364335,-0.0358980001138466,-0.554100991883241,-0.596150502202745,-0.0036588147146662,-0.407087604926962,-0.446465871540272,-0.423453793912362,-0.392782964329914,1033.02856767464,0.384074279928203,0.175502851356774,3155,0.384931506849315
"PfeilerEnquist",1991,3,42263.5355342742,6.32258064516129,473.496771535484,404.129032258065,1.32258064516129,-13.7258064516129,-6.20161290322581,220.645161290323,36.9301965374506,0,1.22214683112008,0.480116144279031,0.498010004791049,0.811591431838921,0.735354533354659,0.669675687291393,0.197245518280178,0.105862730665986,0.43565192853868,0.05649827544135,-0.0392085133951318,-0.0616229666832403,1089.04257453161,0.384709443962184,0.164064282671861,3155,0.384931506849315
"PfeilerEnquist",1991,4,46944.0000000033,3.66666666666667,538.879999796667,521.866666666667,5.15,-9.95,-2.4,296,59.5431904167999,0,0.873144533591322,1.21676959318706,0.813045717202334,0.774798871269094,0.984787205291762,0.933443885464353,0.868943113601568,0.538699556854825,0.457548621310461,0.656777330380864,0.325834431932525,0.226380489803115,1239.42399953233,0.512177749922852,0.216177749922852,3155,0.384931506849315
"PfeilerEnquist",1991,5,50870.0903477806,0.838709677419355,645.677423290323,559.483870967742,10.8064516129032,-3.03225806451613,3.88709677419355,501.935483870968,93.9149066946687,40.0846409501164,0.335610703110113,0.617934236543789,0.961038882405135,0.701050686680205,0.685297182848353,0.874923472212482,0.828182549142731,0.788681840499906,0.527810504908153,0.440484350293204,0.617759680241576,0.338981270599088,1485.05807356774,0.80645026369243,0.304514779821462,3155,0.384931506849315
"PfeilerEnquist",1991,6,52796.16041664,1.83333333333333,662.400004066667,487.866666666667,16,1.8,8.9,618.666666666667,118.528597027398,74.060307333151,1.32774402271946,0.883470605695852,0.944673737828554,1.13456751888926,0.898793308689929,0.875942699525579,1.0565193901851,1.01006428974726,0.967334978972815,0.75539701515627,0.697800266014155,0.832884141590342,1523.52000935333,1.13952169403169,0.520855027365019,3155,0.384931506849315
"PfeilerEnquist",1991,7,51940.3355594774,2.51612903225806,625.445162864516,366.838709677419,19.3709677419355,3.95161290322581,11.6612903225806,636.129032258065,136.891113599613,92.0904654054678,0.577978159151208,1.26919275575853,0.919049519801904,0.971168567029788,1.15488125866747,0.921358798630636,0.901972260926155,1.08390114189012,1.02618605894003,0.995835189403983,0.804314619257981,0.746199162445609,1438.52387458839,1.37054410481126,0.734415072553196,3155,0.384931506849315
"PfeilerEnquist",1991,8,48495.4838709677,1.35483870967742,596.54193213871,237.032258064516,18.6612903225806,4.24193548387097,11.4516129032258,707.096774193548,118.044626285251,85.3822057484368,0.201466950066892,0.47268110737872,1.07385317840991,0.851663781852697,0.937470556971135,1.15556528363793,0.900231500466594,0.88182412087551,1.0781087976004,1.01500857963349,0.980991903724614,0.776729413971516,1372.04644391903,1.35165782409462,0.644561049901069,3155,0.384931506849315
"PfeilerEnquist",1991,9,43983.3600260433,2.1,486.61333008,123.2,14.85,0.533333333333333,7.69166666666667,601.333333333333,81.8449785659127,55.9435609036625,0.280180139490159,0.309533027130008,0.494229885182903,0.975973845644656,0.853036979592617,0.949141594688109,1.17811084285371,0.911378350072029,0.890840107506918,1.0617472041263,1.00154023501977,0.972418415187425,1119.210659184,1.04973996467558,0.448406631342251,3155,0.384931506849315
"PfeilerEnquist",1991,10,39320.3612651161,2.45161290322581,382.141936274194,65.2903225806452,10.2258064516129,-3.70967741935484,3.25806451612903,481.290322580645,51.725805122239,27.4106059277576,-0.489635920253445,0.0323953682223858,0.0886439885422908,0.338617864187234,0.787486815286832,0.688723172626888,0.81363038814669,1.06139489056564,0.813018888586577,0.802818298374625,0.96293726494673,0.911215394868629,878.926453430646,0.771444486978589,0.290154164397944,3155,0.384931506849315
"PfeilerEnquist",1991,11,35400.9598958367,4.63333333333333,282.879998526667,140,-0.516666666666667,-11.9166666666667,-6.21666666666667,270.666666666667,18.4718345180654,0,1.42813529686826,0.527029694805333,0.625456695266494,0.62639643788508,0.718888118820284,1.06873824728587,0.980712263497728,1.05165958092077,1.22743799334653,0.985422846642765,0.967434721008975,1.10307075994461,650.623996611334,0.384266706607703,0.113600039941036,3155,0.384931506849315
"PfeilerEnquist",1991,12,33592.31953128,0.9,358.506667583333,219.733333333333,-1.05,-15.6833333333333,-8.36666666666667,186.666666666667,14.9000870158574,0,-1.00302035026226,0.547219382208635,-0.0420338892947652,0.247654129119004,0.294361526148419,0.51001973030832,0.906502766635944,0.819286086308528,0.916641790260731,1.11725121339719,0.886140253399588,0.872920518108937,824.565335441666,0.325498929744188,0.138832263077521,3155,0.384931506849315
"PfeilerEnquist",1992,1,34593.4451864839,0.709677419354839,358.503227729032,220.387096774194,-1.51612903225806,-16.6774193548387,-9.09677419354839,169.032258064516,15.4334886024894,0,-0.716913143524712,-0.989396939726227,0.00192143223211077,-0.341337006844799,-0.0908155799136907,0.00530115956251025,0.278832430145015,0.709978602883272,0.64954758646228,0.766396158599662,0.992195479978571,0.788475659335116,824.557423776774,0.307446259657105,0.138414001592589,3155,0.384931506849315
"PfeilerEnquist",1992,2,37968.3310883621,2.17241379310345,408.165519975862,257.51724137931,0.603448275862069,-13.6379310344828,-6.51724137931035,216.551724137931,23.6666842611068,0,-0.996905458076348,-1.15189494760236,-1.28992227599538,-0.302374520405788,-0.526124609605771,-0.347286774804334,-0.219372937719873,0.104995873343953,0.538603687480556,0.490066863597423,0.618123613473554,0.852921054904918,938.780695944483,0.375521031905424,0.158969307767493,3155,0.384931506849315
"PfeilerEnquist",1992,3,42419.6129032258,3.64516129032258,498.89032376129,334.451612903226,4.46774193548387,-9.85483870967742,-2.69354838709677,292.903225806452,46.9258496309241,0,-0.233345582758403,-0.594410021943445,-0.715771964071437,-0.920641961157082,-0.310147562676821,-0.477496525916829,-0.385018716940415,-0.281080224997671,0.0114955764317507,0.446421058577075,0.414836567298048,0.542274008315563,1147.44774465097,0.501145188493254,0.208241962686802,3155,0.384931506849315
"PfeilerEnquist",1992,4,47082.2399739633,1.86666666666667,599.03999939,379.2,9.91666666666667,-4.05,2.93333333333333,430.666666666667,77.0971671580332,29.1624102850534,-1.5573159451804,-1.17411311956463,-1.38018578825704,-1.38392032348998,-1.43745204453349,-0.917533305966914,-0.949246857013703,-0.857873216460752,-0.759143979316147,-0.405213897105655,0.0458375833276714,0.0878411061806786,1377.791998597,0.753905061219813,0.323238394553146,3155,0.384931506849315
"PfeilerEnquist",1992,5,50981.5742187484,2.90322580645161,601.599999212903,334.838709677419,12.5967741935484,-0.758064516129032,5.91935483870968,536.774193548387,100.903797359497,54.6808608011856,-0.1642988497025,-0.896126739179589,-0.767876814437586,-0.925949761381609,-0.980247660680987,-1.07176959724355,-0.735855392466656,-0.779510852478091,-0.745377849379846,-0.691098096493374,-0.43855966846465,-0.0524507478302647,1383.67999818968,0.929346584358908,0.392572390810521,3155,0.384931506849315
"PfeilerEnquist",1992,6,52807.68046872,0.9,648.426664226667,256.933333333333,15.95,1.66666666666667,8.80833333333333,609.333333333333,118.467757743176,73.4963431050113,1.22861025095126,0.501070438864984,-0.206829413065916,-0.187527068741736,-0.305711631492823,-0.382773268162285,-0.479238160996208,-0.227465148304733,-0.304373195422049,-0.302289803650908,-0.270326773623984,-0.12021971175432,1491.38132772133,1.13248080586539,0.523147472532059,3155,0.384931506849315
"PfeilerEnquist",1992,7,51862.2968750032,2.45161290322581,562.270967051613,141.548387096774,17.5161290322581,3.54838709677419,10.5322580645161,680,125.295271473887,85.4203666434324,1.90374179894414,2.08121616079794,1.22019069441457,0.425061977385336,0.342171156573354,0.221130308957976,0.126354743204298,0.0467737490830988,0.242966639084059,0.153748573306904,0.158945500363654,0.175081555598675,1293.22322421871,1.27152655320785,0.591526553207851,3155,0.384931506849315
"PfeilerEnquist",1992,8,48361.703125,3.38709677419355,436.335483183871,21.0322580645161,17.5483870967742,3.69354838709677,10.6209677419355,771.612903225806,112.425049687174,80.7647228922929,1.26002794210704,1.85402175260352,2.38700550859516,1.61052036246991,0.688491188435612,0.548398092747354,0.413069488623784,0.310366175995734,0.239144217884735,0.421552894638923,0.32224031312496,0.334477619739714,1003.5716113229,1.27907168488023,0.507458781654425,3155,0.384931506849315
"PfeilerEnquist",1992,9,43822.0800781267,1.3,419.840000406667,0,15.3333333333333,0.866666666666667,8.1,653.333333333333,83.5904865515192,58.1214747480549,-0.126362374077977,0.784382067175524,1.37765565962083,1.75514615047291,1.40659709833321,0.599391457235195,0.476059413027479,0.351589407476988,0.252178602001529,0.182641242002934,0.364708930133119,0.276673673711852,965.632000935334,1.07935527014061,0.426021936807279,3155,0.384931506849315
"PfeilerEnquist",1992,10,39175.4322076581,2.2258064516129,325.264515787097,0.645161290322581,10.7903225806452,-2.58064516129032,4.10483870967742,516.129032258065,52.7046897427223,32.5088175068891,-0.743829451104082,-0.436703702082417,0.413826267708423,1.10794802024895,1.44471820122358,1.16534176227588,0.427885920417024,0.341477678946993,0.235808521518613,0.145345229873085,0.0806002348159896,0.262772702499948,748.108386310323,0.81889102469539,0.302761992437325,3155,0.384931506849315
"PfeilerEnquist",1992,11,35297.2799479167,3.1,323.413332366667,85.7333333333333,-2.2,-14.1833333333333,-8.19166666666667,218.666666666667,15.7094482023791,0,1.66812607511526,0.530686022512719,0.416509217608749,0.951412392631339,1.3795276729324,1.63255265390466,1.44062909117665,0.741531424235036,0.606519369453821,0.486690022319963,0.390312217157616,0.32953368168652,743.850664443334,0.329963750173771,0.111297083507104,3155,0.384931506849315
"PfeilerEnquist",1992,12,33580.7994792,3.4,279.573331696667,144,-4.05,-16.4666666666667,-10.2583333333333,185.333333333333,10.9729104631558,0,0.841396202598586,1.70129925482428,0.837513920172303,0.571282272561591,1.06619418108612,1.47875892063734,1.7330249248721,1.55306596196734,0.841694118316041,0.686133739583578,0.560331643602422,0.460402363409856,643.018662902334,0.280558598359527,0.0952252650261939,3155,0.384931506849315
"PfeilerEnquist",1993,1,34593.4451864839,5,320.929033587097,432.516129032258,-2.43548387096774,-14.5967741935484,-8.51612903225806,207.741935483871,14.7446577399987,0,0.490198591075985,0.793730912874448,1.53898606683106,0.909306284294319,0.624125530504593,1.10633211356737,1.49706720661898,1.74994820979811,1.51853853596384,0.865126501433404,0.720081208177821,0.603492814495941,738.136777250323,0.32172833039379,0.113986394909919,3155,0.384931506849315
"PfeilerEnquist",1993,2,37892.5714285714,9.46428571428571,327.200001857143,604.714285714286,-2.94642857142857,-13.4821428571429,-8.21428571428571,225.714285714286,17.2942831576195,0,1.73768831609658,1.41334194320217,1.46765520901624,1.77587243870241,1.40564309062072,1.13760864930674,1.46932456626087,1.71438708684506,1.89887356361913,1.71130452750095,1.11915847573539,0.950741784249293,752.560004271429,0.32938361315756,0.103669327443274,3155,0.384931506849315
"PfeilerEnquist",1993,3,42263.5355342742,3.35483870967742,576.309674664516,788.387096774194,4.38709677419355,-11.6774193548387,-3.64516129032258,267.096774193548,46.5669498100037,0,-0.223984707754018,0.790779334061772,0.80614025723978,0.982550610344576,1.33697699444008,1.02943625332077,0.883131951365406,1.21340076729883,1.52454970278973,1.67299847757775,1.45834461665466,0.977694847143371,1325.51225172839,0.466816837224359,0.199720063030811,3155,0.384931506849315
"PfeilerEnquist",1993,4,46944.0000000033,4.93333333333333,525.86666565,929.2,5.93333333333333,-8.93333333333333,-1.5,322.666666666667,62.5341589249201,0,0.696653471391456,0.40922945065317,0.902595247571297,0.894813979560268,1.02962953925153,1.2766004206544,1.05248119445966,0.968333964844774,1.22827970153282,1.49660029687105,1.62559033013934,1.43591542046318,1209.493330995,0.547359406149404,0.224692739482737,3155,0.384931506849315
"PfeilerEnquist",1993,5,50870.0903477806,2.64516129032258,620.59354523871,969.290322580645,12.0806451612903,-3.01612903225806,4.53225806451613,505.806451612903,101.008990836283,44.8970138000405,-0.202701319639028,0.205565846628282,0.154634900706919,0.578278892923307,0.609188013557795,0.739599510076955,0.972623351255651,0.786596953145537,0.719196015324507,0.962488737723144,1.27977941515738,1.46065678340292,1427.36515404903,0.843806525678869,0.338000074065966,3155,0.384931506849315
"PfeilerEnquist",1993,6,52796.16041664,1.1,671.253336586667,913.6,15.85,0.616666666666667,8.23333333333333,629.333333333333,119.700223732257,69.9228311497846,1.1094118759519,0.407395343860282,0.55301598497897,0.43772817401428,0.744778316657381,0.762619307676066,0.893241686801104,1.08032044009718,0.917703422932867,0.862025592173422,1.08359852194072,1.37675060354703,1543.88267414933,1.08918397630364,0.459850642970311,3155,0.384931506849315
"PfeilerEnquist",1993,7,51940.3355594774,1.16129032258065,641.032262983871,803.225806451613,18.7258064516129,4.11290322580645,11.4193548387097,652.903225806452,132.168897669917,90.6759343974573,0.97916344968428,1.38375452929526,0.716268114848391,0.749991862540816,0.606020856135047,0.868993831342664,0.880153301273453,1.01382821945451,1.1794348301804,1.02978950708722,0.993745667223001,1.20919821811537,1474.3742048629,1.34877267350487,0.695869447698416,3155,0.384931506849315
"PfeilerEnquist",1993,8,48495.4838709677,2.35483870967742,561.754841464516,669.41935483871,17.258064516129,3.96774193548387,10.6129032258065,641.290322580645,110.079605010154,80.7194397724142,1.41988894460863,1.38882338742082,1.81242500889421,1.13664836695059,1.08162558132329,0.859210610856387,1.10641791367524,1.1024035655203,1.25787555049327,1.42565069602162,1.25137144113001,1.22275176169591,1292.03613536839,1.27838413779131,0.63709381521067,3155,0.384931506849315
"PfeilerEnquist",1993,9,43983.3600260433,1.93333333333333,600.426668293333,562.4,14.6833333333333,0.0833333333333333,7.38333333333333,534.666666666667,81.6511852768534,54.2789291326255,0.284394609314357,1.11225474683962,1.16663812256878,1.50137704755804,1.1141200644959,1.09372968199352,0.875556785720529,1.11816208102973,1.11222842835212,1.2360536532413,1.39411604904352,1.23038697463245,1380.98133707467,1.02785502365239,0.493188356985722,3155,0.384931506849315
"PfeilerEnquist",1993,10,39320.3612651161,3.35483870967742,436.025806545161,508.129032258065,8.61290322580645,-4.93548387096774,1.83870967741935,428.387096774194,47.5646744997145,17.9671946029341,0.525562543311279,0.574928712373295,1.14053977738325,1.19700951854582,1.48546514532198,1.19545203264941,1.16432004322461,0.930369490822376,1.15259163904738,1.14977860286607,1.26126821037209,1.41002381500662,1002.85935505387,0.697354030454782,0.268966933680588,3155,0.384931506849315
"PfeilerEnquist",1993,11,35400.9598958367,3.93333333333333,366.506665546667,558.133333333333,-0.25,-13.6833333333333,-6.96666666666667,222.666666666667,18.7533151211757,0,1.22848850905259,1.12746278764689,0.930524374924496,1.3748916095566,1.37195729110754,1.5914639369716,1.37283663745656,1.32555549130366,1.08241534300813,1.26454914267534,1.25535761454304,1.34104643810978,842.965330757334,0.362774527657575,0.140107860990908,3155,0.384931506849315
"PfeilerEnquist",1993,12,33592.31953128,1.7,334.933332826667,648.133333333333,-2.43333333333333,-16.8,-9.61666666666667,174.666666666667,12.8073783831086,0,-0.167336674962406,0.863056567948732,0.909620643537376,0.808424473814132,1.31831132614733,1.34199039391952,1.57032988816631,1.33628651211077,1.29441017044892,1.05456479852049,1.24109502046423,1.23363461664016,770.346665501334,0.295140562979464,0.120473896312797,3155,0.384931506849315
"PfeilerEnquist",1994,1,34593.4451864839,0.967741935483871,362.838707219355,264.387096774194,-2.04838709677419,-16.1612903225806,-9.10483870967742,181.935483870968,14.8765284140969,0,-0.51108194361351,-0.373643844935609,0.363607255615893,0.511948682538984,0.542151349987009,1.1207940107322,1.18904573358289,1.43152838962076,1.15876704428981,1.14537609224688,0.9544463895282,1.15386275319642,834.529026604516,0.307251938972713,0.125316455101745,3155,0.384931506849315
"PfeilerEnquist",1994,2,37892.5714285714,5.67857142857143,414.628569739286,371.857142857143,-1.875,-15.5178571428571,-8.69642857142857,190,18.6900542856634,0,0.98818631517169,0.455474701214448,0.333308857787702,0.80115351893482,0.830148965531547,0.773320909871703,1.24781781318244,1.28983174866291,1.48445684288995,1.23916680787189,1.21115008788917,1.02956708188839,953.645710400358,0.317231566783589,0.127231566783589,3155,0.384931506849315
"PfeilerEnquist",1994,3,42263.5355342742,1.70967741935484,569.083872148387,446.967741935484,5.87096774193548,-10.9032258064516,-2.51612903225806,277.41935483871,51.3798970798091,0,-1.11752616216589,-0.348952240709261,-0.429676711974414,-0.413650146057824,0.0666470074114869,0.174831334837092,0.202743107338475,0.713488985158324,0.887913195946883,1.11274138515769,0.87364692398426,0.893073404347064,1308.89290594129,0.507787700173168,0.230368345334458,3155,0.384931506849315
"PfeilerEnquist",1994,4,46944.0000000033,4.7,534.186667886667,539.733333333333,7.7,-6.36666666666667,0.666666666666667,388,68.9139295774574,9.76642521175545,-0.0870826261592315,-0.701596356726711,-0.197142282988792,-0.284867237092311,-0.271476683913962,0.0799377037171097,0.161925810583784,0.175034041978147,0.600065709050539,0.77078623242726,0.991078215525653,0.79699385630831,1228.62933613933,0.640999787182447,0.252999787182447,3155,0.384931506849315
"PfeilerEnquist",1994,5,50870.0903477806,0.870967741935484,666.219358380645,576.516129032258,14,-1,6.5,538.064516129032,109.556265015146,58.5923325930524,-1.30530877381688,-0.875145969051443,-1.11791383984797,-0.786635116522639,-0.80905777862716,-0.780585672025081,-0.502611831085643,-0.366756722284733,-0.350182269886211,0.0124747175284019,0.256802545138738,0.539165736271064,1532.30452427548,0.967371163028443,0.429306646899411,3155,0.384931506849315
"PfeilerEnquist",1994,6,52796.16041664,0.666666666666667,679.253333536667,477.466666666667,20.4833333333333,4.58333333333333,12.5333333333333,692,142.49066393812,95.3585404893202,-1.42721829214878,-1.54375380382402,-1.24875186291029,-1.39275295262207,-1.17252202599555,-1.17742863761965,-1.13109328771565,-0.899823552722645,-0.758223572961096,-0.735538183749155,-0.425468123223925,-0.165824826701979,1562.28266713433,1.45160716034005,0.759607160340053,3155,0.384931506849315
"PfeilerEnquist",1994,7,51940.3355594774,0,705.032258064516,332.516129032258,22.1935483870968,5.5,13.8467741935484,454.193548387097,153.000964893027,104.543351511288,-1.30922611413158,-1.6233498098825,-1.60664347706104,-1.3995018126352,-1.50962350257009,-1.36775149975929,-1.37569524699836,-1.33087425381553,-1.14772592746539,-1.03610830071189,-1.01178153105563,-0.763363502643679,1621.57419354839,1.58166466148663,1.12747111309953,3155,0.384931506849315
"PfeilerEnquist",1994,8,48495.4838709677,0.774193548387097,575.690322383871,175.612903225806,20.6129032258065,5.80645161290323,13.2096774193548,336.774193548387,126.807877566255,94.8775381706295,-1.11821252399185,-1.38138032562841,-1.60910928629193,-1.61266434453936,-1.46469563247098,-1.55615501176683,-1.45214448467931,-1.45981030262268,-1.42118771517433,-1.27121481873824,-1.17397979087897,-1.14861407391436,1324.0877414829,1.51735323902798,1.18057904547959,3155,0.384931506849315
"PfeilerEnquist",1994,9,43983.3600260433,2.6,470.719997153333,48.6666666666667,15.7166666666667,1.68333333333333,8.7,448,84.2362735269309,61.2703677103413,-0.0201758195996614,-0.804398718196818,-1.18426794708411,-1.5217856026551,-1.5696699906281,-1.4330376267748,-1.52099876170903,-1.42241002041261,-1.42807140230295,-1.38578221626411,-1.24348231462026,-1.15228502025694,1082.65599345267,1.12420924942288,0.676209249422877,3155,0.384931506849315
"PfeilerEnquist",1994,10,39320.3612651161,3.19354838709677,342.916129083871,8.38709677419355,8.09677419354839,-4.66129032258065,1.71774193548387,441.290322580645,45.8722190339381,17.0867084865309,0.793182092976734,0.537614202959393,-0.320738807446441,-0.925302526434354,-1.34496718130476,-1.46815862913572,-1.34680616813003,-1.43487468305088,-1.32631997087039,-1.33818429839513,-1.29670848558559,-1.15167364561937,788.707096892903,0.69134125209419,0.250050929513545,3155,0.384931506849315
"PfeilerEnquist",1994,11,35400.9598958367,4.93333333333333,282.453332526667,105.466666666667,0.133333333333333,-12.05,-5.95833333333333,266.666666666667,19.5218038393805,0,1.2762220324282,1.37451127646711,0.91972957634221,0.237428587319092,-0.537697500054991,-1.10062869475422,-1.32334083334252,-1.20859747280068,-1.30600101623272,-1.17920863187605,-1.19512778083451,-1.1523843898689,649.642664811334,0.391927591827755,0.125260925161088,3155,0.384931506849315
"PfeilerEnquist",1994,12,33592.31953128,2.5,312.426666513333,225.866666666667,-0.366666666666667,-13.9666666666667,-7.16666666666667,224,16.1916412803472,0,-0.918198050345176,0.472249329787782,0.796487648942073,0.599505374136119,-0.0859967396751938,-0.723436756460032,-1.20622072844479,-1.39048629963626,-1.27296512553032,-1.36317002515062,-1.24364043211594,-1.25745785638803,718.581332980666,0.357227034961162,0.133227034961162,3155,0.384931506849315
"PfeilerEnquist",1995,1,34593.4451864839,3,327.638707316129,283.096774193548,-2.17741935483871,-14.7741935483871,-8.4758064516129,209.032258064516,15.0715085435311,0,-0.052239299706552,-0.497892436550965,0.29568310866474,0.624136415634217,0.471776275072377,-0.169603143118471,-0.746897493758189,-1.15860564201408,-1.33918369417431,-1.23443137278915,-1.32468256025313,-1.20768677245,753.569026827097,0.322741728093441,0.113709470028925,3155,0.384931506849315
"PfeilerEnquist",1995,2,37892.5714285714,6.03571428571429,436.914281846429,414.714285714286,3.19642857142857,-10.3035714285714,-3.55357142857143,284.285714285714,29.0950415744657,0,-1.41312763012706,-0.932658130391916,-1.09106352494604,-0.230689012138466,0.11068494943769,0.038728132098507,-0.485212027866693,-0.947560620652926,-1.30536291012454,-1.43441000939025,-1.31513684662784,-1.40879832282219,1004.90284824679,0.470027427054402,0.185741712768688,3155,0.384931506849315
"PfeilerEnquist",1995,3,42263.5355342742,5.83870967741935,503.535477670968,597.161290322581,3.90322580645161,-11.0322580645161,-3.56451612903226,280,45.1565677485509,0,0.287833562019988,-0.314021166205279,-0.229147871355895,-0.451643363489942,0.050766961225062,0.25741649750772,0.16818707765961,-0.282818136114741,-0.764428860529085,-1.13701116189973,-1.30242995404311,-1.19597641912821,1158.13159864323,0.469642742389866,0.189642742389866,3155,0.384931506849315
"PfeilerEnquist",1995,4,46944.0000000033,4.4,537.066664633333,678.666666666667,6.03333333333333,-8.6,-1.28333333333333,330.666666666667,62.8661614427693,0,0.603544936961159,0.612332571166358,0.235329621319133,0.209580691279102,0.0515364167809923,0.374167604359804,0.484868931678558,0.406460878771541,0.03815267927007,-0.475919983347438,-0.866438989270875,-1.1014460315809,1235.25332865667,0.556142861042278,0.225476194375611,3155,0.384931506849315
"PfeilerEnquist",1995,5,50870.0903477806,6.93548387096774,528.206450432258,785.290322580645,9.04838709677419,-4.03225806451613,2.50806451612903,461.935483870968,85.5004561180945,29.0055747776713,1.47989456191732,1.2218179239545,1.06844480971612,0.845136220086067,0.778666362741391,0.710678375625769,0.885883330387548,0.933375272862844,0.894900258954448,0.60472405298517,0.102083230029978,-0.274525229486753,1214.87483599419,0.731469748378352,0.269534264507384,3155,0.384931506849315
"PfeilerEnquist",1995,6,52796.16041664,2.4,660.47999573,754.133333333333,15.6166666666667,0.266666666666667,7.94166666666667,628,118.811522864042,68.0853369917573,1.3596601331763,1.77046009576997,1.42948188783165,1.23252308346697,1.0233425231275,0.959540116189778,0.930567516914367,1.06415942915958,1.09366414072417,1.06745151552009,0.841107081690793,0.389639134287997,1519.103990179,1.0677854012978,0.439785401297804,3155,0.384931506849315
"PfeilerEnquist",1995,7,51940.3355594774,2.03225806451613,617.393548780645,651.741935483871,19.1774193548387,3.87096774193548,11.5241935483871,815.483870967742,135.754342305143,91.2898510976182,0.656076526786472,1.34268312674716,1.71655451820536,1.4671615789964,1.27107949663069,1.05998541045503,1.000630482871,0.976964925209917,1.09611242328546,1.13622936556829,1.1230113702971,0.902055938615345,1420.00516219548,1.35816928797967,0.542685417011925,3155,0.384931506849315
"PfeilerEnquist",1995,8,48495.4838709677,1.35483870967742,598.812903619355,502.709677419355,21.0161290322581,6.19354838709677,13.6048387096774,889.032258064516,128.493739248617,96.9650114437243,-1.25446905823007,-0.264968712429815,0.421101108830878,1.12871683474674,1.03905293913885,0.9531597557916,0.742383726914431,0.698138101830764,0.652364147297982,0.797134466398101,0.8578141839228,0.829893381682785,1377.26967832452,1.55696586398618,0.667933605921663,3155,0.384931506849315
"PfeilerEnquist",1995,9,43983.3600260433,2.46666666666667,558.29333496,366.266666666667,15.05,1.1,8.075,600,82.004996405242,57.9889721396431,0.312207713039013,-0.708402405686481,-0.069214214099875,0.486800245552347,1.11608406850342,1.05886547524003,0.977285091080142,0.76060550683426,0.713937716298925,0.658065472386037,0.799403034364519,0.860407661255454,1284.074670408,1.07752112647011,0.47752112647011,3155,0.384931506849315
"PfeilerEnquist",1995,10,39320.3612651161,1.29032258064516,485.574192170968,337.935483870968,9.69354838709677,-4.96774193548387,2.36290322580645,416.774193548387,50.8003779501859,21.6226965899992,-0.539443327612196,0.0289574862072937,-0.847196632686899,-0.201147270504117,0.327543081755794,0.931774416656598,0.910747114502572,0.858623595001383,0.660263927459909,0.623511678282649,0.567202766624938,0.709873549134065,1116.82064199323,0.723948180825621,0.307173987277234,3155,0.384931506849315
"PfeilerEnquist",1995,11,35400.9598958367,2.4,365.760002136667,360.8,4.33333333333333,-8.75,-2.20833333333333,333.333333333333,26.6364163096745,0,-0.80495828519463,-0.951742920383107,-0.343636263874278,-1.07036999722763,-0.323860274500374,0.214028993711614,0.748893513260092,0.758705801134541,0.739739775169105,0.56604474490609,0.536628684632829,0.482898640195701,841.248004914334,0.519497112817713,0.186163779484381,3155,0.384931506849315
"PfeilerEnquist",1995,12,33592.31953128,1.83333333333333,332.90666581,408.533333333333,-0.35,-13.2833333333333,-6.81666666666667,240,16.309527927994,0,-1.13126383870546,-1.23420089305505,-1.26129145170396,-0.74432455600031,-1.2965470990709,-0.565479104276664,0.00475051927798456,0.568084501883416,0.6085660917996,0.612295507487163,0.449067731152544,0.423836704777771,765.685331363,0.366985317680462,0.126985317680462,3155,0.384931506849315
"PfeilerEnquist",1996,1,34593.4451864839,6.64516129032258,292.438707903226,395.225806451613,-3.96774193548387,-15.1774193548387,-9.57258064516129,203.870967741935,12.5451530366006,0,1.23171187372197,0.36487752172496,-0.269670878682897,-0.575499435935813,-0.26397562646446,-0.879754305630636,-0.306624330398822,0.213834918738408,0.76451081769778,0.777555230329212,0.758891844457597,0.598521121980796,672.60902817742,0.296166769289462,0.0922958015475273,3155,0.384931506849315
"PfeilerEnquist",1996,2,37968.3310883621,6.48275862068965,459.365518768966,574.068965517241,1,-13.3620689655172,-6.18103448275862,234.48275862069,24.4749638839816,0,-0.0791779582736161,0.827958983879505,0.294193126246339,-0.142196232479327,-0.418236592633026,-0.244098930174939,-0.817611090683105,-0.289151939443932,0.215558232511322,0.718697328015404,0.735560515644712,0.728485171029715,1056.54069316862,0.385315397834447,0.150832639213757,3155,0.384931506849315
"PfeilerEnquist",1996,3,42419.6129032258,3.96774193548387,531.406448858065,697.677419354839,3.7741935483871,-11.9677419354839,-4.09677419354839,255.483870967742,44.6263041313111,0,0.116781755410822,0.0936309926860087,0.563360720705003,0.285478582761729,0.0102539306745301,-0.218893222696349,-0.142326529954449,-0.638537160396662,-0.229923521893923,0.250407510301446,0.693585426010811,0.714260325186273,1222.23483237355,0.451269169370019,0.195785298402277,3155,0.384931506849315
"PfeilerEnquist",1996,4,47082.2399739633,3.1,566.506667073333,764.533333333333,7.06666666666667,-7.65,-0.291666666666667,361.333333333333,66.8301505668359,0,-0.0247460710930893,0.143089909247793,0.132414593097367,0.457258162463224,0.267604691091029,0.0652492188876625,-0.114885747550096,-0.079969897499746,-0.511907225133738,-0.190492897650543,0.243548200660064,0.654082828425016,1302.96533426867,0.597961054552072,0.236627721218739,3155,0.384931506849315
"PfeilerEnquist",1996,5,50981.5742187484,0.935483870967742,633.393546812903,749.935483870968,13.7096774193548,-0.112903225806452,6.79838709677419,605.161290322581,106.4600124339,60.5665635165458,-0.972026097287315,-0.642403772033156,-0.398833832778014,-0.365993653736507,-0.0511927801441258,-0.210646561119183,-0.373095368485895,-0.463073128843105,-0.43601360022831,-0.778464131466965,-0.492298204394996,-0.0961175019072452,1456.80515766968,0.987441020902739,0.382279730580158,3155,0.384931506849315
"PfeilerEnquist",1996,6,52807.68046872,1.63333333333333,648.320000203333,659.466666666667,18.1333333333333,2.93333333333333,10.5333333333333,594.666666666667,130.132920128691,83.8714695319251,-0.0876721386660804,-0.696321636455688,-0.529182621558189,-0.361965067499459,-0.33817475134572,-0.0924188099818624,-0.207154366165015,-0.328507835212627,-0.405290045467794,-0.393387249749139,-0.676553443713908,-0.46015591927948,1491.13600046767,1.271617774069,0.676951107402331,3155,0.384931506849315
"PfeilerEnquist",1996,7,51862.2968750032,1.12903225806452,670.451615854839,516.645161290323,22.0322580645161,6.33870967741935,14.1854838709677,574.193548387097,149.935299559187,106.425503700322,-0.969020953824521,-0.720051784814926,-0.93660140364799,-0.796193596205789,-0.652715594837237,-0.629173019412632,-0.419926775607073,-0.512848424534928,-0.599269771198453,-0.648619614110885,-0.631647298102593,-0.862859456697112,1542.03871646613,1.61682134057766,1.04262779219056,3155,0.384931506849315
"PfeilerEnquist",1996,8,48361.703125,0.258064516129032,656.722578480645,365.161290322581,20.9677419354839,5.06451612903226,13.0161290322581,491.612903225806,130.600303428969,93.8491551995456,-1.62084706746758,-1.38712350999023,-1.17034023024148,-1.24393593262859,-1.10592966387862,-0.993377816678866,-0.974191054724167,-0.792032921588452,-0.862104441050565,-0.924174117128173,-0.949133156246857,-0.925762849036254,1510.46193050548,1.4982765403687,1.00666363714289,3155,0.384931506849315
"PfeilerEnquist",1996,9,43822.0800781267,2.2,504.85333252,254.133333333333,13.7,-0.0166666666666667,6.84166666666667,472,77.4403349124313,51.3096597903901,0.929571481144391,-0.601229079851565,-0.863235381218989,-0.796952945969072,-1.03702260755898,-0.942655766243764,-0.840837149579772,-0.812087948074144,-0.634310471369641,-0.69666377695117,-0.761155258572242,-0.79403842651986,1161.162664796,0.990382384507983,0.518382384507983,3155,0.384931506849315
"PfeilerEnquist",1996,10,39175.4322076581,4.70967741935484,431.380644274194,226.193548387097,8.7258064516129,-5.61290322580645,1.55645161290323,409.032258064516,48.2290339458591,15.8869648543446,0.649054288706368,1.01599962100259,-0.209099749069789,-0.639174883697211,-0.614772438653067,-0.939695868802574,-0.859283445696988,-0.750766279566961,-0.715195309155163,-0.540931357629046,-0.60197531185964,-0.670445735477778,992.175481830646,0.683395683005341,0.274363424940825,3155,0.384931506849315
"PfeilerEnquist",1996,11,35297.2799479167,4.3,341.973334246667,324.666666666667,2.51666666666667,-9.83333333333333,-3.65833333333333,306.666666666667,23.4724338846204,0,0.273479679822994,0.590140295011036,0.986115535929969,-0.0262649747123799,-0.489207316608254,-0.481451321668103,-0.847691229165848,-0.780322146252148,-0.676316452233973,-0.641645791282885,-0.46569420111937,-0.522030557134798,786.538668767334,0.466356710885617,0.15969004421895,3155,0.384931506849315
"PfeilerEnquist",1996,12,33580.7994792,5.96666666666667,280.7466685,439.733333333333,-4.21666666666667,-15.0833333333333,-9.65,213.333333333333,11.0932237434708,0,1.4291222845547,1.11844319235746,1.22516211863358,1.26668439473269,0.305064464486526,-0.224725102037181,-0.253230392130082,-0.67778244057921,-0.632498265112752,-0.532101928266534,-0.49853712609078,-0.326097136207838,645.71733755,0.294366754911727,0.0810334215783943,3155,0.384931506849315
"PfeilerEnquist",1997,1,34593.4451864839,6.25806451612903,315.354837967742,275.612903225806,-2.61290322580645,-14.4838709677419,-8.54838709677419,215.483870967742,14.5169803035636,0,0.800878938035808,1.2629451831027,1.2561305079109,1.35740249562474,1.40193401765739,0.471442612629675,-0.106557534325167,-0.131687186368538,-0.526240386922958,-0.502707474669757,-0.412231496322836,-0.379355551650046,725.316127325807,0.320919653188971,0.105435782221229,3155,0.384931506849315
"PfeilerEnquist",1997,2,37892.5714285714,2.42857142857143,453.600001742857,402.714285714286,-0.517857142857143,-15.9107142857143,-8.21428571428571,180,20.9040383011563,0,-0.201115269006246,0.480441130276344,0.954687349836194,0.946808422625027,1.00650106889327,1.17753621639932,0.400079385845131,-0.120314190139195,-0.131363726136596,-0.507428468317533,-0.481747640642326,-0.391131265643226,1043.28000400857,0.32938361315756,0.14938361315756,3155,0.384931506849315
"PfeilerEnquist",1997,3,42263.5355342742,1.58064516129032,552.567739670968,460.258064516129,6.08064516129032,-10.8709677419355,-2.39516129032258,282.58064516129,52.0597060243807,0,-1.22770396056958,-1.10472191980599,-0.48969487403796,0.0303702858828981,0.141469949084107,0.280651241744281,0.547328112876157,-0.145605032536597,-0.491420383841159,-0.428472787125611,-0.695331257251563,-0.641498089620344,1270.90580124323,0.512361397782793,0.229780752621503,3155,0.384931506849315
"PfeilerEnquist",1997,4,46944.0000000033,4.06666666666667,528.5333313,530.666666666667,5.36666666666667,-8.95,-1.79166666666667,330.666666666667,60.2684444285884,0,0.840767509969788,-0.0429640298402152,-0.0652959173402465,0.181003572026926,0.485798163924592,0.542999041998486,0.596684960638551,0.777787652606023,0.249259688737575,-0.14285132240597,-0.114021361426876,-0.405938315009289,1215.62666199,0.535730025351709,0.205063358685041,3155,0.384931506849315
"PfeilerEnquist",1997,5,50870.0903477806,2.87096774193548,612.748383554839,576.387096774194,12.3387096774194,-1.87096774193548,5.23387096774194,512.258064516129,101.075140542644,49.930967963197,-0.185804289205462,0.300432145527896,-0.130951021022956,-0.133940616687993,0.0434600477859171,0.280109037862828,0.321116151032782,0.394786763670297,0.555401744651683,0.0867561712798296,-0.229482201079537,-0.198259785122511,1409.32128217613,0.886161250176545,0.373903185660416,3155,0.384931506849315
"PfeilerEnquist",1997,6,52796.16041664,1.06666666666667,688.426670326667,490.8,17.95,2.56666666666667,10.2583333333333,661.333333333333,129.644711608074,82.2491525547345,-0.0970125404545532,-0.246640538816347,0.162119302614417,-0.162874314648142,-0.165123866693968,-0.0180665495000675,0.195099322585989,0.236572536730589,0.30562680692683,0.436443910043365,0.0462336137384648,-0.233457430897267,1583.38134175133,1.24847498906295,0.587141655729621,3155,0.384931506849315
"PfeilerEnquist",1997,7,51940.3355594774,1.06451612903226,621.316127654839,368.129032258065,20.2096774193548,5.06451612903226,12.6370967741935,720,140.162090969884,97.7199653046497,0.0208584058934431,-0.0490955766391076,-0.204885125935008,0.0882220097723041,-0.177474604573539,-0.179889834163736,-0.0596109465195442,0.129956725682216,0.166378271854521,0.24100440163907,0.373176555027819,0.00758948057546153,1429.02709360613,1.4615280942117,0.741528094211704,3155,0.384931506849315
"PfeilerEnquist",1997,8,48495.4838709677,2.70967741935484,563.200004329032,219.483870967742,18.4354838709677,4.80645161290323,11.6209677419355,714.838709677419,115.428473655296,86.3127128270436,0.775054224333536,0.414980536345145,0.217066212866705,-0.0445352137785901,0.202428645260312,-0.0807137353231408,-0.087743394707868,0.022968778186847,0.210306918231594,0.238668724012141,0.307377917854746,0.445415700166786,1295.36000995677,1.36689419083086,0.65205548115344,3155,0.384931506849315
"PfeilerEnquist",1997,9,43983.3600260433,3.36666666666667,420.799998983333,91.3333333333333,15.9166666666667,2.6,9.25833333333333,716,83.7860388315373,64.1498607808024,0.174466882407112,0.621331473117276,0.411702681496273,0.27507465151262,-0.0100892061257685,0.19958988560675,-0.0851830043784014,-0.081805948803814,0.0245365492213031,0.208754972440378,0.241941869018073,0.311738015566217,967.839997661666,1.1674170228735,0.451417022873497,3155,0.384931506849315
"PfeilerEnquist",1997,10,39320.3612651161,2.58064516129032,398.864516229032,45.4193548387097,9.41935483870968,-5.38709677419355,2.01612903225806,433.548387096774,50.1732343574365,19.2317028937622,-0.137272729754763,0.148688758636677,0.499429538476292,0.352344133599955,0.226023713184377,-0.0652166129119666,0.150972889931794,-0.111862734067962,-0.100316646961158,0.00358724597310247,0.186136491996031,0.221346458876074,917.388387326774,0.706256579187484,0.27270819209071,3155,0.384931506849315
"PfeilerEnquist",1997,11,35400.9598958367,3.93333333333333,298.240000153333,106.8,1.35,-11.5333333333333,-5.09166666666667,272,21.5440212504452,0,0.625370242083185,0.213142761211703,0.39539666810546,0.706741942223912,0.555235709951904,0.420277482438643,0.116192681550885,0.296285264605398,0.0158513652931643,0.0209197790201659,0.11862544351761,0.29760691814673,685.952000352666,0.418630755075181,0.146630755075181,3155,0.384931506849315
"PfeilerEnquist",1997,12,33592.31953128,1.2,315.839998373333,192.8,-2.43333333333333,-15.9166666666667,-9.175,185.333333333333,13.0770483803923,0,-0.396175052872467,0.264542544883052,-0.0377838778150931,0.192120179784208,0.532295414822207,0.441806125629269,0.32948785420066,0.0522866534478884,0.244470271887365,-0.0282534123953297,-0.0217958362485557,0.0754649059629025,726.431996258666,0.305565958887388,0.120232625554055,3155,0.384931506849315
"PfeilerEnquist",1998,1,34593.4451864839,3.74193548387097,298.735484712903,182.58064516129,-2.04838709677419,-14.2903225806452,-8.16935483870968,216.774193548387,15.3460354422356,0,0.0612674221153573,-0.121125612276161,0.197627931587179,-0.00236424872907956,0.114331025689254,0.460280929155583,0.362647219109487,0.275899931289912,0.0601933611304758,0.24312743057525,-0.0143693532314987,-0.00499403336599845,687.091614839677,0.330536898604082,0.113762705055695,3155,0.384931506849315
"PfeilerEnquist",1998,2,37892.5714285714,2.75,409.942855289286,272.857142857143,-1.80357142857143,-14.6785714285714,-8.24107142857143,211.428571428571,19.0646540153351,0,0.32187878591721,0.31637163855433,0.124987423834342,0.393173070089096,0.203566732580042,0.201735206561555,0.520910883967252,0.420442937914053,0.341118231193916,0.130668620476865,0.297078168691875,0.0520900556791115,942.868567165358,0.328697783315064,0.117269211886493,3155,0.384931506849315
"PfeilerEnquist",1998,3,42263.5355342742,3.06451612903226,524.283872048387,353.677419354839,3.40322580645161,-12.1451612903226,-4.37096774193548,267.096774193548,43.4636737181306,0,0.15036086343474,0.289045314828172,0.288768700309501,0.19750359427533,0.404305232739293,0.257989359782253,0.238821335041275,0.499264171330228,0.413199425419767,0.371960276731555,0.188288319526636,0.337474905380867,1205.85290571129,0.442055639918951,0.174958865725403,3155,0.384931506849315
"PfeilerEnquist",1998,4,46944.0000000033,3.73333333333333,565.11999817,435.066666666667,6.88333333333333,-8.51666666666667,-0.816666666666667,329.333333333333,66.3141489859534,0,0.12068996592128,0.251435064368828,0.334347015942492,0.321047554213092,0.266595340951819,0.414484097484605,0.301413975792238,0.278300401740992,0.490252332888068,0.412810998281368,0.38762053813125,0.24156859949338,1299.775995791,0.575487152420166,0.246153819086833,3155,0.384931506849315
"PfeilerEnquist",1998,5,50870.0903477806,0.354838709677419,660.954840874194,452.645161290323,13.241935483871,-1.83870967741935,5.70161290322581,507.096774193548,106.241194305129,53.1884849866244,-1.01060798882892,-0.591685065076964,-0.341957571282347,-0.225222643311177,-0.184857316113783,-0.227703449498644,-0.100853983468481,-0.139180508238829,-0.155744183195788,0.0148731395567384,0.0095648933189188,0.0255661834438251,1520.19613401065,0.915431626460884,0.408334852267336,3155,0.384931506849315
"PfeilerEnquist",1998,6,52796.16041664,1.16666666666667,657.600002033333,382.4,15.9166666666667,1.23333333333333,8.575,542.666666666667,119.061817441543,72.0538109073642,1.1910304295507,-0.0498478532721977,0.00252925862668836,0.101007571781267,0.165145578395193,0.171233195186187,0.152923111124909,0.24733606612252,0.191676771426101,0.165705413238863,0.311580910612765,0.268110042231694,1512.48000467667,1.11473140400199,0.572064737335323,3155,0.384931506849315
"PfeilerEnquist",1998,7,51940.3355594774,2.54838709677419,580.851617625806,246.58064516129,21.2096774193548,6.74193548387097,13.9758064516129,619.354838709677,143.016896508442,105.261766918132,-0.13469056950501,0.686179353671883,-0.125712109983984,-0.096603302627275,-5.49748866320183e-05,0.0592558402973926,0.0659800034946784,0.0503115550881104,0.135741650810998,0.0986736280618735,0.0845008889458914,0.212030786375594,1335.95872053935,1.59497764098208,0.975622802272401,3155,0.384931506849315
"PfeilerEnquist",1998,8,48495.4838709677,1.32258064516129,560.206451416129,92.3870967741936,20.5161290322581,5.11290322580645,12.8145161290323,647.741935483871,127.689953862162,92.7736585318598,-1.15989805983794,-0.676661500896262,-0.0533544213551242,-0.542877954533383,-0.450097723565586,-0.33743222302988,-0.272093807198518,-0.25096427060182,-0.266166578274704,-0.179796431303101,-0.199983191900992,-0.208548395179728,1288.4748382571,1.47862958833143,0.830887652847555,3155,0.384931506849315
"PfeilerEnquist",1998,9,43983.3600260433,0.966666666666667,425.06666616,1.33333333333333,18.6833333333333,3.53333333333333,11.1083333333333,738.666666666667,95.4777600802521,73.3855253772014,-1.98801788590335,-1.93799880230665,-1.2172423112391,-0.63727345757985,-0.943961380994466,-0.83143887471196,-0.722524697366613,-0.648774999175496,-0.617281524381531,-0.615994818210362,-0.522988585342631,-0.523119028493742,977.653332168,1.32123197061652,0.582565303949851,3155,0.384931506849315
"PfeilerEnquist",1998,10,39320.3612651161,3.12903225806452,328.774194290323,8.25806451612903,8.66129032258065,-3.5,2.58064516129032,483.870967741935,46.7665719561904,23.0767851293517,0.628241402256123,-1.18571508968402,-1.56972824587825,-1.00863427865946,-0.458549585533613,-0.847863296493787,-0.74837794977831,-0.633162949702923,-0.552388453382185,-0.526749306050066,-0.52294199083113,-0.430922338959863,756.180646867743,0.735256418894149,0.251385451152214,3155,0.384931506849315
"PfeilerEnquist",1998,11,35400.9598958367,3.43333333333333,314.346666716667,64.8,3.15,-9.28333333333333,-3.06666666666667,313.333333333333,24.5368525189959,0,-0.158301011408781,0.282391373544245,-0.991185664854222,-1.52212546650421,-0.997219436238365,-0.408255667557857,-0.809569935747753,-0.716355138080486,-0.60670713314931,-0.527088491453612,-0.501844358489662,-0.49103259218573,722.997333448334,0.487427010801037,0.174093677467704,3155,0.384931506849315
"PfeilerEnquist",1998,12,33592.31953128,0.866666666666667,295.146666463333,95.8666666666667,-0.8,-14.3,-7.55,221.333333333333,15.5504421070684,0,-1.18612560233532,-0.799621207961758,-0.336065316824437,-1.30294906603371,-1.65810872414939,-1.18706727078979,-0.605928434091242,-0.933241463744197,-0.825333000480351,-0.713207433763826,-0.636396968252086,-0.6095944745316,678.837332865666,0.346804937771015,0.125471604437682,3155,0.384931506849315
"PfeilerEnquist",1999,1,34593.4451864839,4.64516129032258,282.322579409677,106.838709677419,-1.45161290322581,-13.1935483870968,-7.32258064516129,233.548387096774,16.350835288012,0,0.0367610005645353,-0.602308813404567,-0.639801782464093,-0.26681368821147,-1.21730109944633,-1.58017813903747,-1.13951298687613,-0.601739829233958,-0.882346173583058,-0.785409132091999,-0.678789534134322,-0.603530896976222,649.341932642257,0.352954875518707,0.119406488421933,3155,0.384931506849315
"PfeilerEnquist",1999,2,37892.5714285714,2.75,418.628570557143,224.142857142857,0.803571428571429,-13.7142857142857,-6.45535714285714,222.857142857143,24.0263710896029,0,-0.938678140096775,-0.519643743579763,-0.927013064315851,-0.83939193972312,-0.444159345943351,-1.31485166375227,-1.70980278692499,-1.25068016581565,-0.69682669472616,-0.939639909290977,-0.832219642278339,-0.724215606738628,962.845712281429,0.377307030225385,0.154449887368242,3155,0.384931506849315
"PfeilerEnquist",1999,3,42263.5355342742,1.29032258064516,534.090321203226,282.193548387097,6.43548387096774,-8.30645161290323,-0.935483870967742,327.741935483871,53.1483982669682,0,-1.41329289741188,-1.63028526875189,-1.27444590772769,-1.45393576211695,-1.43112467368305,-0.995398623610851,-1.65768113110469,-1.95148244513528,-1.50217313759495,-0.987669029641481,-1.12507174183962,-0.998565074611706,1228.40773876742,0.570506124979478,0.242764189495607,3155,0.384931506849315
"PfeilerEnquist",1999,4,46944.0000000033,6,505.386667376667,347.866666666667,4.91666666666667,-8.3,-1.69166666666667,344,58.2685865167092,0,1.20505784393612,0.163590589648068,-0.0836253285712633,-0.0414917950926665,-0.263912218573874,-0.28374219662826,-0.116425587150707,-0.830442096349115,-1.19960788626824,-0.966005302557786,-0.509806239305838,-0.743384255090372,1162.38933496633,0.53969229070075,0.19569229070075,3155,0.384931506849315
"PfeilerEnquist",1999,5,50870.0903477806,2.7741935483871,641.341936664516,422.451612903226,10.7258064516129,-3.59677419354839,3.56451612903226,482.58064516129,94.1215377701094,37.6008853677473,0.499154529629997,0.903957980861612,0.32789103186524,0.177576439649792,0.175204274683651,0.0148503816000689,-0.014923804044685,0.0896582236869663,-0.467931101502703,-0.780398845595671,-0.69483932654268,-0.338402590470853,1475.08645432839,0.788326874129756,0.305746228968466,3155,0.384931506849315
"PfeilerEnquist",1999,6,52796.16041664,1.26666666666667,649.920002236667,359.866666666667,16.9333333333333,1.45,9.19166666666667,670.666666666667,125.120837902046,75.8447345173677,0.477802878843683,0.525623024122019,0.867035986058004,0.381298250276518,0.253353681844016,0.249959871257016,0.137911834375974,0.117098343814734,0.192460710474814,-0.273776553848385,-0.538673758652268,-0.516393038544062,1494.81600514433,1.16218206129059,0.491515394623922,3155,0.384931506849315
"PfeilerEnquist",1999,7,51940.3355594774,3.09677419354839,526.761289535484,224,20.1774193548387,6.03225806451613,13.1048387096774,904.516129032258,137.537404550775,100.377773437223,0.570126230580482,0.691730917049827,0.627620234309704,0.896293652808199,0.4454043816938,0.326172899446668,0.315894872384921,0.220982519187283,0.197356961793736,0.266956484903181,-0.140447758885851,-0.38378362694888,1211.55096593161,1.50699368326804,0.602477554235784,3155,0.384931506849315
"PfeilerEnquist",1999,8,48495.4838709677,2.54838709677419,477.832256687097,73.6774193548387,18.2258064516129,5.19354838709677,11.7096774193548,828.387096774194,113.213387964931,86.798703761695,1.05226936801991,0.925597367570092,0.989890362809013,0.880595858556328,1.11219158649377,0.598826241059488,0.466841289143568,0.449150589043682,0.361888977205403,0.328923075017873,0.389728624101288,-0.00468705640050762,1099.01419038032,1.37493532442962,0.546548227655426,3155,0.384931506849315
"PfeilerEnquist",1999,9,43983.3600260433,2.4,401.2799998,0,14.1666666666667,0.233333333333333,7.2,636,79.184535566753,53.2805374976963,0.71933404244116,1.11169865162527,0.98847800482627,1.06669973797756,1.02875533607824,1.2487700447289,0.709567471992837,0.571616701688761,0.546441840591156,0.459010223365439,0.429182603417591,0.486318021708193,922.94399954,1.01503419646368,0.379034196463682,3155,0.384931506849315
"PfeilerEnquist",1999,10,39320.3612651161,1.25806451612903,375.741934009677,0.774193548387097,12.4516129032258,-4.01612903225806,4.21774193548387,467.096774193548,58.7919120002289,33.166658512057,-2.13605086796149,-0.64484655774845,0.150724470459055,0.374004614123787,0.475475189831819,0.462410612394385,0.766531847450141,0.340785082568365,0.241571954730569,0.235400215145779,0.150888769594214,0.135333755982058,864.206448222257,0.825408392229679,0.358311618036131,3155,0.384931506849315
"PfeilerEnquist",1999,11,35400.9598958367,0.633333333333333,303.040000916667,8.13333333333333,8.05,-7.16666666666667,0.441666666666667,378.666666666667,33.6084379991486,5.49235612619237,-2.1051385195051,-2.38500885666979,-1.89437433591024,-0.854269711781898,-0.226230070264937,-0.0496923249708217,-0.0191654728491,0.315864695535494,-0.00869724155747682,-0.0814056291209892,-0.073268291531723,-0.145315017326972,696.992002108334,0.63065565848479,0.251988991818123,3155,0.384931506849315
"PfeilerEnquist",1999,12,33592.31953128,1.33333333333333,265.386668396667,42.9333333333333,-1.63333333333333,-14.8166666666667,-8.225,202.666666666667,14.3550063952064,0,-0.729589863701424,-2.11371478899608,-2.28176537171196,-1.84592589762809,-1.01871294532762,-0.395721507647318,-0.18842175900967,-0.124665992795871,0.223883061293214,-0.0859785340248188,-0.155008016814885,-0.145620523838115,610.389337312334,0.329109128494051,0.126442461827384,3155,0.384931506849315
"PfeilerEnquist",2000,1,34593.4451864839,4.93548387096774,295.535484064516,229.41935483871,-1.93548387096774,-13.0806451612903,-7.50806451612903,249.032258064516,15.6478979833528,0,0.271973030743108,-0.162356463198971,-1.6546205252144,-2.10175845432706,-1.5987614663716,-0.939514737447132,-0.385477733511135,-0.175074178202506,-0.0736239709743673,0.253023219359364,-0.044723190019892,-0.10962061908869,679.731613348387,0.347931744475105,0.0988994864105891,3155,0.384931506849315
"PfeilerEnquist",2000,2,37968.3310883621,5.17241379310345,390.731032275862,370.206896551724,1.55172413793103,-11.4827586206897,-4.96551724137931,263.448275862069,25.7555818014943,0,-0.753535064593975,-0.217764275734313,-0.46074078702903,-1.81253767308848,-2.25020161712121,-1.61423905566261,-1.04245176261201,-0.487132512112666,-0.258489824509858,-0.143658659733877,0.175601461062556,-0.0917554439478551,898.681374234483,0.422649509039677,0.159201233177608,3155,0.384931506849315
"PfeilerEnquist",2000,3,42419.6129032258,3.70967741935484,496.412899390323,514.838709677419,4.16129032258065,-10.9354838709677,-3.38709677419355,273.548387096774,45.9655639428822,0,-0.0944520840982729,-0.367085762961305,-0.147993657115935,-0.317832170554431,-1.33884671260535,-1.82225585284954,-1.39774355939403,-0.917523923179029,-0.472775194381155,-0.239323964950804,-0.117647137288882,0.177973290349706,1141.74966859774,0.475913297335974,0.2023649102392,3155,0.384931506849315
"PfeilerEnquist",2000,4,47082.2399739633,1.6,603.306675206667,572,10.0166666666667,-5.01666666666667,2.5,433.333333333333,78.3152949886218,25.9159248316235,-1.74903273063983,-1.22286386084827,-1.33404447305581,-1.00095829604914,-1.04270625439514,-1.90340147016243,-2.19741732634013,-1.79318735756883,-1.38129470110623,-0.88690222340221,-0.637511769654215,-0.441333762229779,1387.60535297533,0.731050075151606,0.297716741818273,3155,0.384931506849315
"PfeilerEnquist",2000,5,50981.5742187484,1.35483870967742,654.451609951613,529.032258064516,14.8709677419355,-0.403225806451613,7.23387096774194,558.709677419355,113.891803182437,63.4077310948245,-1.69794869866871,-1.84644741966459,-1.64527928081485,-1.78651276055067,-1.53831570599402,-1.50376650601851,-2.01470294793705,-2.21356166019651,-1.94819994922941,-1.62026378628031,-1.22366354561002,-1.03768188685051,1505.23870288871,1.01739216426748,0.458682486848127,3155,0.384931506849315
"PfeilerEnquist",2000,6,52807.68046872,1.36666666666667,648.74666138,429.066666666667,18.8,2.83333333333333,10.8166666666667,524,134.708153908573,85.5313981070118,-0.636728680380284,-1.33050756425409,-1.54258325253584,-1.4100109608498,-1.48747749144332,-1.36042035262759,-1.3651876490461,-1.7321896648135,-1.90475065211099,-1.71161703677638,-1.50088932327564,-1.20274266579079,1492.117321174,1.29585633364011,0.771856333640106,3155,0.384931506849315
"PfeilerEnquist",2000,7,51862.2968750032,1.80645161290323,666.425807829032,296.387096774194,22.6129032258065,5.88709677419355,14.25,567.741935483871,155.100057407356,106.782668886422,-1.33113283899152,-1.24764834540481,-1.48334268638674,-1.59534127146242,-1.52851205920602,-1.588589372033,-1.51002604273878,-1.50198221033624,-1.73521555252701,-1.87985088006964,-1.75821924596285,-1.58993600620141,1532.77935800677,1.6235951553366,1.05585321985273,3155,0.384931506849315
"PfeilerEnquist",2000,8,48361.703125,2.48387096774194,505.083871164516,136.774193548387,21.1129032258065,5.88709677419355,13.5,745.806451612903,129.795004930316,96.4127564869661,-1.27523697951939,-1.45934668201739,-1.39403831168284,-1.5504381812744,-1.63600796795216,-1.5947123092823,-1.64535151944176,-1.58905160484816,-1.57876210090455,-1.75129250366252,-1.85851890310353,-1.7665207330947,1161.69290367839,1.54636878324256,0.800562331629653,3155,0.384931506849315
"PfeilerEnquist",2000,9,43822.0800781267,2.26666666666667,427.41333008,17.8666666666667,16.5166666666667,1.93333333333333,9.225,704,87.5723402098199,63.9792510750275,-0.61977024513113,-1.26157488740491,-1.43188353474245,-1.41627911613655,-1.58167684530793,-1.65490168964276,-1.62041646153207,-1.67199865991008,-1.61773157890339,-1.60169248705731,-1.77134900759823,-1.88212833357529,983.050659184,1.16479694883231,0.460796948832306,3155,0.384931506849315
"PfeilerEnquist",2000,10,39175.4322076581,1.19354838709677,323.509677267742,0.129032258064516,9.80645161290323,-2.83870967741935,3.48387096774194,507.096774193548,49.8012891312589,28.8009047522164,-0.349186653695913,-0.589738804710801,-1.29063321129979,-1.46713405921627,-1.43568185579792,-1.59641416159153,-1.66990769083877,-1.64074543217142,-1.69616983318155,-1.64616873238655,-1.62903905290476,-1.80490071991901,744.072257715807,0.783852738174099,0.276755963980551,3155,0.384931506849315
"PfeilerEnquist",2000,11,35297.2799479167,2.1,317.120001726667,52,-1.08333333333333,-14.6833333333333,-7.88333333333333,206.666666666667,17.2726597843975,0,1.15502458574766,0.426715540860846,0.0786091373860058,-0.717514408931325,-1.19690881468595,-1.23346816478627,-1.4900876361685,-1.59266887631896,-1.54864706764198,-1.60202517238361,-1.54760593731043,-1.53615964553943,729.376003971334,0.33796315588696,0.131296489220293,3155,0.384931506849315
"PfeilerEnquist",2000,12,33580.7994792,3.36666666666667,266.23999888,125.333333333333,-1.75,-14.1166666666667,-7.93333333333333,209.333333333333,14.3267860344505,0,-0.123425328109862,0.829886747096613,0.275455627711432,-0.0335296396852461,-0.751482608145944,-1.18113726085267,-1.22649138906307,-1.48954006934246,-1.59618499728747,-1.54712783843769,-1.59961076676654,-1.54446948166495,612.351997424,0.336654342771025,0.127321009437692,3155,0.384931506849315
"PfeilerEnquist",2001,1,34593.4451864839,0.935483870967742,324.954838412903,133.032258064516,-1.67741935483871,-16.7096774193548,-9.19354838709677,172.903225806452,15.1967953439421,0,-0.600154063477835,-0.407732378668064,0.290071992432986,-0.0371341804822776,-0.317763119916488,-0.934589522892622,-1.24252070098238,-1.24961685459393,-1.4839082142737,-1.5943466591725,-1.54694039850063,-1.60218858739592,747.396128349677,0.305121619334903,0.132218393528451,3155,0.384931506849315
"PfeilerEnquist",2001,2,37892.5714285714,3.32142857142857,360.000001092857,197.714285714286,-0.0178571428571429,-13.1071428571429,-6.5625,232.857142857143,22.5981960194504,0,-0.408016097615602,-0.623700024597891,-0.485433851753437,0.168346754677871,-0.0791518982036986,-0.384165008678161,-0.954030234473905,-1.268984937455,-1.27004044751388,-1.49685788660642,-1.60938916175439,-1.5636830835684,828.000002513571,0.374219619799808,0.141362476942665,3155,0.384931506849315
"PfeilerEnquist",2001,3,42263.5355342742,3.83870967741935,473.187094903226,291.741935483871,3.88709677419355,-9.80645161290323,-2.95967741935484,300.645161290323,45.0754824882775,0,0.0411650706433891,-0.105293322353151,-0.259077401298118,-0.247217785990741,0.185776234152408,-0.00391146474000013,-0.292724497062673,-0.78661172093805,-1.13077287092297,-1.16589015198216,-1.41327302462835,-1.54802780277361,1088.33031827742,0.491326080306487,0.190680919016164,3155,0.384931506849315
"PfeilerEnquist",2001,4,46944.0000000033,2.66666666666667,589.54666443,379.2,8.63333333333333,-5.15,1.74166666666667,428,72.1874394370449,19.8456617289732,-0.796548339992401,-0.40281392099279,-0.450467804035473,-0.533804025241895,-0.488531569745614,-0.133816977359549,-0.246662626464289,-0.49140372063878,-0.922824403045217,-1.21540176332796,-1.2531862399815,-1.4922607060731,1355.957328189,0.692526788927323,0.264526788927323,3155,0.384931506849315
"PfeilerEnquist",2001,5,50870.0903477806,1.51612903225806,669.625804287097,396.387096774194,14.1612903225806,-1.12903225806452,6.51612903225806,552.258064516129,110.684823780736,58.6996455425657,-1.35544187380562,-1.23443996155184,-0.964223963851975,-0.99570974822473,-1.01963335670155,-0.962129044509558,-0.691657521105472,-0.713008462534391,-0.895054531074406,-1.20030216979231,-1.37511456164106,-1.42807871284168,1540.13934986032,0.968446735076053,0.416188670559924,3155,0.384931506849315
"PfeilerEnquist",2001,6,52796.16041664,0.566666666666667,681.38666687,312.4,19.6166666666667,2.98333333333333,11.3,598.666666666667,139.813898250644,88.3370682142567,-1.2106548565571,-1.4495744343028,-1.37178139929662,-1.19261624985106,-1.2138346830146,-1.23046309242179,-1.17494966236584,-0.955611676012845,-0.949282728618528,-1.07734585746115,-1.31941706208929,-1.45284028743039,1567.189333801,1.338144706348,0.739478039681334,3155,0.384931506849315
"PfeilerEnquist",2001,7,51940.3355594774,2.03225806451613,559.380650670968,170.451612903226,21.6290322580645,6.24193548387097,13.9354838709677,607.741935483871,147.30376871339,105.037449265817,-0.641133481783518,-1.13812459727692,-1.31531509391904,-1.28298812329433,-1.16495422216958,-1.18181018682891,-1.20439635145554,-1.16585003497813,-0.989751219855332,-0.993370590979875,-1.10198446689234,-1.29370401463897,1286.57549654323,1.59080679525771,0.983064859773844,3155,0.384931506849315
"PfeilerEnquist",2001,8,48495.4838709677,4.29032258064516,457.600001180645,27.0967741935484,19.741935483871,4.93548387096774,12.3387096774194,779.354838709677,123.246229075369,90.217733469553,-0.135518196889336,-0.501947439068901,-1.00489474604995,-1.23037011665923,-1.22614608346313,-1.13285836176721,-1.14666662196369,-1.16776022275854,-1.13932858973999,-0.990173577307252,-0.992216985962922,-1.08541050324033,1052.48000271548,1.43315865698718,0.6538038182775,3155,0.384931506849315
"PfeilerEnquist",2001,9,43983.3600260433,0.833333333333333,425.27999878,0,17.7666666666667,1.88333333333333,9.825,712,93.4213122743531,67.0262219594211,-1.72664423444732,-1.16568590258692,-0.990345367172423,-1.30736502981015,-1.44692827909947,-1.42129369421061,-1.35104057257059,-1.36588252269676,-1.37949573763098,-1.33601573684326,-1.19888682587214,-1.19393680817502,978.143997194,1.21276037826196,0.500760378261959,3155,0.384931506849315
"PfeilerEnquist",2001,10,39320.3612651161,1.87096774193548,354.890320319355,12.9032258064516,10.1612903225806,-3.54838709677419,3.30645161290323,487.741935483871,51.4229071466312,27.710595634646,-0.548289613250776,-1.78026152994004,-1.27953373025784,-1.07807458850488,-1.36008245019865,-1.48698255838947,-1.46028597948876,-1.39332644204511,-1.4093769341071,-1.42684523657341,-1.38006109187662,-1.24517436376215,816.247736734516,0.774088662313712,0.286346726829841,3155,0.384931506849315
"PfeilerEnquist",2001,11,35400.9598958367,3.16666666666667,284.47999878,20.1333333333333,4.61666666666667,-8.15,-1.76666666666667,356,27.0574354261775,0,-0.738271924694423,-0.915753969799856,-1.75128378933304,-1.46750230583288,-1.22805468478642,-1.48441232733416,-1.55832397083055,-1.51904961686226,-1.45013991401402,-1.47126638424874,-1.48934356543969,-1.43837984546938,654.303997194,0.536718163096555,0.180718163096555,3155,0.384931506849315
"PfeilerEnquist",2001,12,33592.31953128,2.06666666666667,288.63999837,115.333333333333,-3.08333333333333,-15.9833333333333,-9.53333333333333,186.666666666667,12.2596274354884,0,0.104607571848172,-0.524595501369246,-0.818559924536728,-1.50194906697857,-1.31587555327979,-1.17131928146242,-1.43419659300088,-1.54014508857119,-1.5090199362459,-1.43479916090524,-1.45482829958637,-1.47166969181678,663.871996251,0.297083016101841,0.110416349435174,3155,0.384931506849315
"PfeilerEnquist",2002,1,34593.4451864839,1.25806451612903,325.574194390323,201.677419354839,-2.90322580645161,-16.258064516129,-9.58064516129032,187.096774193548,13.6795819496985,0,-0.138352739447409,0.0186051752666037,-0.515015537373778,-0.764008178230172,-1.43406800340415,-1.31792501257386,-1.15640782124488,-1.3738529565497,-1.49442091533374,-1.47562597229258,-1.40226574513284,-1.42344557290391,748.820647097743,0.2959788114443,0.108882037250752,3155,0.384931506849315
"PfeilerEnquist",2002,2,37892.5714285714,1.5,435.542857578571,244.571428571429,-0.589285714285714,-17.0357142857143,-8.8125,172.857142857143,20.2591303086776,0,-0.273754070646924,-0.197995477114739,-0.0715619221463928,-0.438070208669162,-0.657456281782527,-1.3466509337239,-1.2981784020895,-1.16045972203914,-1.38107276368747,-1.49642148929919,-1.475474951819,-1.40175447318897,1001.74857243071,0.314366380745314,0.141509237888171,3155,0.384931506849315
"PfeilerEnquist",2002,3,42263.5355342742,3.12903225806452,509.729033929032,328,2.38709677419355,-13.7096774193548,-5.66129032258065,237.41935483871,39.9743115486702,0,0.585274684580165,0.395461559243139,0.311236925010665,0.345031569384625,0.0971979074962256,-0.144920782477782,-0.85495043765681,-0.845380053133167,-0.860564071828063,-1.13104079933518,-1.30973112900684,-1.31540308879568,1172.37677803677,0.400904076528253,0.163484721689543,3155,0.384931506849315
"PfeilerEnquist",2002,4,46944.0000000033,1.5,588.586664836667,348.4,10.0166666666667,-3.78333333333333,3.11666666666667,426.666666666667,77.3134271774124,30.4974243527811,-1.63290483876149,-0.582330578062395,-0.568300147904031,-0.500235518583855,-0.408025427754328,-0.605038137376345,-0.704843886786261,-1.28254734286216,-1.2760277487121,-1.19262108052853,-1.4170223675544,-1.53658721564512,1353.74932912433,0.763763378329618,0.337096711662951,3155,0.384931506849315
"PfeilerEnquist",2002,5,50870.0903477806,0.0645161290322581,719.5870952,312.516129032258,13.7258064516129,-1.96774193548387,5.87903225806452,398.709677419355,109.196781825719,54.4055935614405,-1.35167222723171,-1.60387785549287,-1.07252012888979,-1.07497190737858,-0.993189709676994,-0.902278636637381,-1.03212308261472,-1.05360670853031,-1.47155261411713,-1.44191543733426,-1.35762109322412,-1.55255539959517,1655.05031896,0.926755726706061,0.528046049286706,3155,0.384931506849315
"PfeilerEnquist",2002,6,52796.16041664,0,690.240000406667,218.8,21.7333333333333,4.18333333333333,12.9583333333333,334.666666666667,151.799055673237,97.7355739459948,-2.11181705891879,-1.96452431755319,-2.01214701595223,-1.73335093786999,-1.75424738847602,-1.68453505267221,-1.56127021248652,-1.62686236095102,-1.58531080869598,-1.82303733534916,-1.81063947591832,-1.68505099976086,1587.55200093533,1.49262107646604,1.15795440979937,3155,0.384931506849315
"PfeilerEnquist",2002,7,51940.3355594774,1.38709677419355,589.832255703226,72,23.9516129032258,5.51612903225806,14.7338709677419,329.032258064516,165.292596406053,109.448092637914,-1.99688587015133,-2.332712460423,-2.11462291730685,-2.09427039066317,-1.98104441296667,-2.01794710849483,-1.98172698480235,-1.87006411479852,-1.88861520775777,-1.8670675104829,-2.02466839627342,-1.9914233437089,1356.61418811742,1.67519863568011,1.3461663776156,3155,0.384931506849315
"PfeilerEnquist",2002,8,48495.4838709677,0.838709677419355,466.683870867742,0,20.7258064516129,4.16129032258065,12.4435483870968,363.870967741935,130.811405119916,90.7830865559941,-1.58065913367711,-2.02653376598815,-2.1979422930296,-2.04012014408118,-2.04574292596481,-1.9720713034952,-2.00664513444211,-1.98788424471329,-1.90246341779791,-1.90822438177366,-1.88799045494938,-2.00846621246988,1073.37290299581,1.44307058776719,1.07919962002525,3155,0.384931506849315
"PfeilerEnquist",2002,9,43983.3600260433,3.7,352.95999959,0,15.1166666666667,1.81666666666667,8.46666666666667,590.666666666667,81.2837319300281,60.0527698827832,0.605244589155951,-0.793483285436117,-1.67513289928031,-2.09366994647465,-1.93812323178361,-1.93527662116783,-1.84842679029781,-1.88333936686598,-1.8614642735359,-1.78817241421292,-1.80640715366235,-1.79831716536307,811.807999057,1.10657436188256,0.515907695215894,3155,0.384931506849315
"PfeilerEnquist",2002,10,39320.3612651161,3.41935483870968,336.929030880645,7.61290322580645,8.5,-5.32258064516129,1.58870967741935,420.645161290323,47.4319800567372,16.1294202541984,0.561296956057283,0.786524498520573,-0.430679344777166,-1.51050914047669,-2.00625792293031,-1.86906103436132,-1.88359918812515,-1.7969174446363,-1.832636099579,-1.81423190495368,-1.74318506006235,-1.76753435392908,774.936771025483,0.684978292295776,0.264333131005453,3155,0.384931506849315
"PfeilerEnquist",2002,11,35400.9598958367,3.26666666666667,322.560002136667,104,2.48333333333333,-12.6833333333333,-5.1,244,23.3600001539371,0,0.0659786416022189,0.377776950179258,0.716531963660247,-0.308253990692236,-1.51515564140646,-2.10064482766773,-1.90585389041298,-1.91343143037197,-1.80877918564081,-1.84618505236218,-1.82664831533355,-1.75579086659223,741.888004914334,0.418366479611737,0.174366479611737,3155,0.384931506849315
"PfeilerEnquist",2002,12,33592.31953128,1.56666666666667,284.266666666667,145.733333333333,-1.73333333333333,-14.8,-8.26666666666667,200,14.2291571444568,0,-0.626271626868593,-0.301221737400382,0.00320842894404716,0.458244345190468,-0.522017555404888,-1.54140445289361,-2.08042408422279,-1.92645868556878,-1.93942036500458,-1.83236277195708,-1.87091880849509,-1.84930306780538,653.813333333334,0.328043622932692,0.128043622932692,3155,0.384931506849315
"PfeilerEnquist",2003,1,34593.4451864839,1.09677419354839,346.219354445161,222.193548387097,2.03225806451613,-12.0967741935484,-5.03225806451613,245.161290322581,21.85677474014,0,-2.14767582014434,-1.73397324051195,-1.33485049726158,-0.900964485702447,-0.384572526131166,-1.16051716842856,-1.78783839884343,-2.14755319559516,-2.01408866937223,-2.02262035192324,-1.92814847729222,-1.9798889963155,796.30451522387,0.420519088146314,0.175357797823733,3155,0.384931506849315
"PfeilerEnquist",2003,2,37892.5714285714,4.53571428571429,363.199998039286,279.857142857143,-1.69642857142857,-15.1607142857143,-8.42857142857143,202.857142857143,19.1136465903334,0,0.693342497418864,-0.973922579136838,-0.97437477477856,-0.761541602834297,-0.41748365230389,-0.102139391556131,-0.874314770733775,-1.64731968345318,-2.09751889016074,-1.97624936217413,-1.99495783641202,-1.89045592771146,835.359995490358,0.323932465059316,0.121075322202173,3155,0.384931506849315
"PfeilerEnquist",2003,3,42263.5355342742,3,523.561289632258,393.935483870968,4.2741935483871,-10.5,-3.11290322580645,292.903225806452,46.3368909888736,0,-0.241023663142696,0.169296507485735,-0.633242939934909,-0.729987342285117,-0.648098295794106,-0.398391264346675,-0.185102199922225,-0.834137739393266,-1.54718841952858,-2.06340041098681,-1.96539617275514,-2.00110821596303,1204.19096615419,0.485750508675232,0.19284728286878,3155,0.384931506849315
"PfeilerEnquist",2003,4,46944.0000000033,2.83333333333333,574.61333313,473.733333333333,8.4,-6.28333333333333,1.05833333333333,397.333333333333,71.901598155657,13.7382336922985,-0.735244457488092,-0.557992153753534,-0.203933496344799,-0.797267105426992,-0.839328876710593,-0.77672824879751,-0.541246732460898,-0.378558987316238,-0.94289321911385,-1.58594241392832,-2.12068588923744,-2.06678931927964,1321.610666199,0.659365472944477,0.262032139611144,3155,0.384931506849315
"PfeilerEnquist",2003,5,50870.0903477806,3.12903225806452,636.696770454839,484.387096774194,13.6290322580645,-1.38709677419355,6.12096774193548,554.838709677419,107.905369421029,56.0499265571494,-0.891965158771585,-0.934806105500718,-0.806159076876087,-0.573066397205411,-0.96900290434004,-0.998140135979842,-0.950744716581891,-0.756983588425313,-0.640948012148948,-1.0647359341383,-1.5385578389039,-1.9933942473696,1464.40257204613,0.94239712355788,0.387558413880461,3155,0.384931506849315
"PfeilerEnquist",2003,6,52796.16041664,0.533333333333333,655.679997763333,399.866666666667,17.15,1.88333333333333,9.51666666666667,633.333333333333,125.738282864753,77.8157387457826,0.312002466912754,-0.450378337209614,-0.587871226964177,-0.522895736441109,-0.360076618903251,-0.661028603304742,-0.700511918633397,-0.662509071218215,-0.533780315753948,-0.456076697389078,-0.819291004132688,-1.2981144236708,1508.06399485567,1.18789942207502,0.554566088741685,3155,0.384931506849315
"PfeilerEnquist",2003,7,51940.3355594774,1.03225806451613,686.348382767742,268.774193548387,24.9677419354839,6.16129032258065,15.5645161290323,615.483870967742,171.209812862321,113.971057161009,-2.30162858618787,-1.64645353891317,-1.51209936542984,-1.4369421264226,-1.38509212020426,-1.27791065237411,-1.47013787570741,-1.45670899386356,-1.40251708888285,-1.2800239721084,-1.19803389209307,-1.43308024108384,1578.60128036581,1.76714994616747,1.15166607519973,3155,0.384931506849315
"PfeilerEnquist",2003,8,48495.4838709677,3.06451612903226,495.483867032258,110.58064516129,21.0645161290323,5.62903225806452,13.3467741935484,656.774193548387,130.045906949621,95.6035908906469,-1.23536696018046,-2.14583149408785,-1.65230200955083,-1.56402828040514,-1.51097869111071,-1.48022877998919,-1.40316939632842,-1.55200998377806,-1.5376491677008,-1.48984430577215,-1.38733307300651,-1.31731837076838,1139.61289417419,1.53099481206356,0.87422061851517,3155,0.384931506849315
"PfeilerEnquist",2003,9,43983.3600260433,2.13333333333333,443.946668496667,6,16.2166666666667,0.516666666666667,8.36666666666667,625.333333333333,87.9773912413615,59.5282623221515,-0.707126945603741,-1.28000162344635,-2.1260183102135,-1.69582095562131,-1.60497759819657,-1.5498079310935,-1.526816818273,-1.45970636882641,-1.59354895199869,-1.57253225536124,-1.53127666735898,-1.43675385805238,1021.07733754233,1.09909157054465,0.473758237211316,3155,0.384931506849315
"PfeilerEnquist",2003,10,39320.3612651161,0.387096774193548,339.81935463871,0,13.1612903225806,-1.19354838709677,5.98387096774194,566.451612903226,59.2938266725241,42.9395435074892,-2.38465160488106,-2.19045027122528,-2.15119937459061,-2.55056979623536,-2.0021131558978,-1.79741694189077,-1.72745084420718,-1.72175511013734,-1.67686339351183,-1.80384752335056,-1.77362762117709,-1.73599764652685,781.584515669033,0.933505271403733,0.367053658500507,3155,0.384931506849315
"PfeilerEnquist",2003,11,35400.9598958367,5.23333333333333,262.080001583333,59.2,0.4,-10.3333333333333,-4.96666666666667,301.333333333333,19.8577862972218,0,1.26882887088559,-0.926282434209269,-1.00486148491523,-1.58558494302399,-2.57885253819151,-1.91749297289036,-1.71986875148644,-1.64987191022963,-1.62984416151982,-1.56945369319361,-1.71275312567068,-1.68959723042312,602.784003641666,0.422612737404966,0.121279404071633,3155,0.384931506849315
"PfeilerEnquist",2003,12,33592.31953128,3.4,279.25333659,128.933333333333,-1.08333333333333,-13.3,-7.19166666666667,238.666666666667,15.3100112861571,0,-0.405921931567514,0.764448884072052,-1.00280504716409,-1.0665503429332,-1.52475724372162,-2.39641725561307,-1.8918844296303,-1.73308753216883,-1.66902186454432,-1.64441506455902,-1.58630791613288,-1.72457011013648,642.282674157,0.356538933832855,0.117872267166188,3155,0.384931506849315
"PfeilerEnquist",2004,1,34593.4451864839,2.93548387096774,336.825808248387,198.709677419355,-1.38709677419355,-15.7741935483871,-8.58064516129032,188.387096774194,15.9258596854674,0,-0.279915804001383,-0.354440462886025,0.404446557211909,-0.982228150656879,-1.11533116670572,-1.53663384834346,-2.20722346642048,-1.79508990154637,-1.69617703842139,-1.64477090557003,-1.61962162853405,-1.56453035631883,774.69935897129,0.320112786333289,0.131725689559095,3155,0.384931506849315
"PfeilerEnquist",2004,2,37968.3310883621,1.93103448275862,416.000000527586,232,-0.758620689655172,-15.6034482758621,-8.18103448275862,197.241379310345,20.5997542644934,0,-0.250523772995477,-0.280987644086163,-0.359472747523826,0.316629003254535,-0.857365493101323,-1.04845423729806,-1.51359621273018,-2.24557194975873,-1.82204891895936,-1.70683146113803,-1.65162764423947,-1.62894167538362,956.800001213448,0.330236760311692,0.132995381001347,3155,0.384931506849315
"PfeilerEnquist",2004,3,42419.6129032258,0.967741935483871,567.948389851613,273.677419354839,8.59677419354839,-7.64516129032258,0.475806451612903,348.387096774194,60.4553142658095,7.08097901839087,-2.3897638898508,-2.28271601864396,-1.98382460612323,-1.7651794642342,-1.17918154387626,-1.79162539865853,-1.84375078658004,-2.14521795849737,-2.54976262632351,-2.22447360653099,-1.99779681759707,-1.91841899583611,1306.28129665871,0.632215609862397,0.283828513088203,3155,0.384931506849315
"PfeilerEnquist",2004,4,47082.2399739633,4.2,536.640000406667,287.866666666667,9,-5.2,1.9,386.666666666667,73.864082050135,21.1624743934165,-0.815956692564236,-2.4051688888243,-2.26621704428863,-1.96262151997877,-1.73590507956367,-1.25107125100722,-1.76545367161699,-1.86509693625164,-2.19486145993471,-2.57906705321356,-2.30160385193215,-2.11432178675587,1234.27200093533,0.700418151331043,0.313751484664376,3155,0.384931506849315
"PfeilerEnquist",2004,5,50981.5742187484,0.67741935483871,648.464513964516,292,13.8064516129032,-0.580645161290323,6.61290322580645,516.129032258065,107.793190563501,59.3420716716041,-1.14092887780143,-1.11765212752487,-1.93106101794416,-1.97251814212692,-1.83823890111958,-1.6934454172708,-1.36966336868999,-1.7174229541119,-1.81768730521563,-1.99195012603787,-2.30375799710583,-2.17784826253155,1491.46838211839,0.974922379860573,0.458793347602508,3155,0.384931506849315
"PfeilerEnquist",2004,6,52807.68046872,0.866666666666667,641.919997153333,198.8,18.7333333333333,3.03333333333333,10.8833333333333,560,133.889696302231,85.9203077338744,-0.602617707600791,-1.03994990702666,-1.05197743229261,-1.57602112068622,-1.58541257276961,-1.54137264615959,-1.4906510743454,-1.25160406687886,-1.52652362858798,-1.60503456714464,-1.79357267881532,-2.10675987863932,1476.41599345267,1.30161831878813,0.741618318788128,3155,0.384931506849315
"PfeilerEnquist",2004,7,51862.2968750032,2.09677419354839,509.729034422581,69.4193548387097,18.9677419354839,5.46774193548387,12.2177419354839,649.032258064516,130.507447327977,95.3151428783838,1.28235266415936,0.439240444666079,-0.33153020545887,-0.515736219007289,-0.971563384842748,-0.96856997179344,-0.9618661029199,-0.960983438724883,-0.768640690944762,-1.04470034085442,-1.16179325416773,-1.34077050777357,1172.37677917194,1.42179629255746,0.772764034492939,3155,0.384931506849315
"PfeilerEnquist",2004,8,48361.703125,0.580645161290323,458.322582612903,0,17.258064516129,4.08064516129032,10.6693548387097,592.258064516129,109.828815123476,81.0362329994849,1.23379028758996,1.46399029675659,0.869957903614613,-0.00794856821847055,-0.259921985847277,-0.719475805631915,-0.716703227492688,-0.718494909947432,-0.727618255455442,-0.558521389202907,-0.824630242010517,-0.940120425015277,1054.14194000968,1.283203812386,0.690945747869876,3155,0.384931506849315
"PfeilerEnquist",2004,9,43822.0800781267,2.76666666666667,385.706665546667,0,13.1333333333333,1.21666666666667,7.175,620,73.1569758262172,53.1438808087132,1.50352085881089,1.67997096748194,1.65979265362987,1.30321465366089,0.481158953421493,0.101818356251265,-0.430744806402366,-0.421284631126037,-0.433522298315228,-0.437040009228321,-0.267792321771779,-0.55466284958998,887.125330757334,1.01329688816867,0.39329688816867,3155,0.384931506849315
"PfeilerEnquist",2004,10,39175.4322076581,2.12903225806452,318.451612906452,1.41935483870968,7.61290322580645,-2.56451612903226,2.5241935483871,517.41935483871,42.6638395915009,22.7029902952517,1.12975468717831,1.52226364479111,1.7629156752673,1.76107836910879,1.4707626174923,0.74352833642332,0.315583428097187,-0.247872973054674,-0.236370773335104,-0.257919696252419,-0.260012722549802,-0.0927160446557987,732.43870968484,0.732309734942518,0.214890380103808,3155,0.384931506849315
"PfeilerEnquist",2004,11,35297.2799479167,3.66666666666667,306.026668296667,21.4666666666667,3.33333333333333,-8.35,-2.50833333333333,350.666666666667,24.6866554524144,0,-0.139956518421697,0.759663120208967,1.35029897550471,1.61173240328879,1.62729384647285,1.36678759861676,0.722411941005781,0.332247231346232,-0.218866457465826,-0.209258671964032,-0.231034798425188,-0.226480635867452,703.861337082334,0.508081352843724,0.157414686177057,3155,0.384931506849315
"PfeilerEnquist",2004,12,33580.7994792,1.56666666666667,304.426666263333,104.4,-1.15,-13.9833333333333,-7.56666666666667,228,15.1369664820967,0,-0.884469117922851,-0.607881841667149,0.223183232630031,1.11059721932116,1.46756518510467,1.53687962594528,1.24161592639837,0.580168092466926,0.22088308997381,-0.307580261931156,-0.296133323793667,-0.315837790666423,700.181332405666,0.346358007063119,0.118358007063119,3155,0.384931506849315
"PfeilerEnquist",2005,1,34593.4451864839,7.06451612903226,336.103223248387,292.258064516129,0.532258064516129,-11.0483870967742,-5.25806451612903,274.838709677419,19.4377822107416,0,-0.126431100901278,-0.527961616460941,-0.573234939311538,0.128405330748509,0.974782573935211,1.36662391342016,1.46088612447865,1.14742969182372,0.521236832338273,0.195720448024084,-0.30386069791743,-0.29057221445717,773.03741347129,0.413381780770076,0.138543071092657,3155,0.384931506849315
"PfeilerEnquist",2005,2,37892.5714285714,4.32142857142857,400.800001417857,365.428571428571,1.08928571428571,-11.875,-5.39285714285714,257.142857142857,24.8308835100029,0,-0.733882409454929,-0.501280464321414,-0.756245255350453,-0.690137309596516,-0.0554639154045807,0.671658822863066,1.09555568146528,1.27047376283437,0.981194115567058,0.408525498857694,0.124656774647544,-0.338709713910024,921.840003261071,0.409172773325666,0.152029916182809,3155,0.384931506849315
"PfeilerEnquist",2005,3,42263.5355342742,2.45161290322581,519.122583203226,448.516129032258,3.09677419354839,-10.4677419354839,-3.68548387096774,283.870967741935,42.668481766026,0,0.173823633189245,-0.128658690684137,-0.107789828083656,-0.326028461951921,-0.338721396510647,0.079532647499145,0.635515982517241,1.00085152077233,1.19438078621864,0.943033112757713,0.439157498897883,0.188001999345014,1193.98194136742,0.465409558341907,0.181538590599972,3155,0.384931506849315
"PfeilerEnquist",2005,4,46944.0000000033,1.9,601.919997153333,505.466666666667,7.96666666666667,-5.36666666666667,1.3,409.333333333333,69.3945944718624,15.9911687550078,-0.522329310415744,-0.13051745711876,-0.301707630563979,-0.270463431847253,-0.416664018444645,-0.427538435509574,-0.0747569233392113,0.380214579340364,0.717151675247324,0.943433601810017,0.748561748634173,0.328025301012316,1384.41599345267,0.670928763364949,0.261595430031616,3155,0.384931506849315
"PfeilerEnquist",2005,5,50870.0903477806,2.09677419354839,668.799996654839,473.806451612903,13.0322580645161,-0.548387096774194,6.24193548387097,545.806451612903,103.137106501895,56.8656946056506,-0.489202828050437,-0.596052934078475,-0.33576807844686,-0.43782092231106,-0.413337938954141,-0.527300186856083,-0.538961313277951,-0.252773455221053,0.113008880121632,0.392021523850123,0.653116389120785,0.507255268339584,1538.23999230613,0.950304937796032,0.404498486183129,3155,0.384931506849315
"PfeilerEnquist",2005,6,52796.16041664,2.16666666666667,625.919996136667,382.933333333333,16.15,2.38333333333333,9.26666666666667,625.333333333333,118.30875476544,76.3011784211252,1.38981907273537,0.392711584198098,0.0822077638901609,0.172844028673444,0.0804218278654326,0.0659885975734336,-0.0137035688689148,-0.0276666649115775,0.156493023822849,0.435376325763348,0.673610449896831,0.877894123538291,1439.61599111433,1.16807285280392,0.542739519470588,3155,0.384931506849315
"PfeilerEnquist",2005,7,51940.3355594774,1.16129032258065,651.148385325806,239.870967741935,22.9032258064516,7.09677419354839,15,758.709677419355,154.305507788274,110.904292844403,-1.31997790274515,-0.169583364069387,-0.413604184667864,-0.501959996152338,-0.358018442743045,-0.419523220436933,-0.41413384703115,-0.480271965271396,-0.476268968851871,-0.286970872183679,-0.0217729512507827,0.20316225977371,1497.64128624935,1.70419015322178,0.945480475802427,3155,0.384931506849315
"PfeilerEnquist",2005,8,48495.4838709677,3.03225806451613,458.116126277419,73.6774193548387,18.4193548387097,5.66129032258065,12.0403225806452,861.935483870968,113.271173526891,88.6017182190783,1.10771372992823,-0.443672119576829,0.273165790581101,-0.132621083046165,-0.280350218067987,-0.174652651306122,-0.238733960970703,-0.240822893133062,-0.303970323160513,-0.310213574747168,-0.138961447510779,0.122784198794247,1053.66709043806,1.40527488511442,0.543339401243449,3155,0.384931506849315
"PfeilerEnquist",2005,9,43983.3600260433,3.63333333333333,394.98666585,0,16.1166666666667,3.2,9.65833333333333,765.333333333333,83.7379357163034,66.1848502869894,0.22402615602081,0.870413380848914,-0.250942214765229,0.33755687901194,-0.0800688143350824,-0.258032504576283,-0.167355122590212,-0.219484879596508,-0.223303040322376,-0.27534069554261,-0.276217826182057,-0.109172290058165,908.469331455,1.19926566920995,0.433932335876621,3155,0.384931506849315
"PfeilerEnquist",2005,10,39320.3612651161,2.48387096774194,328.051610641935,0.774193548387097,10.3870967741935,-1.51612903225806,4.43548387096774,556.129032258065,50.4785302888569,34.4225153534329,-0.220795617692167,0.138782184838794,0.68255971883246,-0.288229207363673,0.264075992031964,-0.148658276859645,-0.306290417182939,-0.203844667301931,-0.246032648380888,-0.250474261682058,-0.296865266714954,-0.295925206168049,754.51870447645,0.838107308836745,0.28197827657868,3155,0.384931506849315
"PfeilerEnquist",2005,11,35400.9598958367,2.6,303.89333318,26.9333333333333,3.43333333333333,-8,-2.28333333333333,365.333333333333,24.7804342496826,0,-0.390464095264737,-0.500496738908339,-0.0375399455129615,0.559902649722352,-0.296792756827355,0.24852603835054,-0.145850086007235,-0.303709457128522,-0.209104116536899,-0.251122618837999,-0.254816099252452,-0.293381957073065,698.954666314,0.516622027544559,0.151288694211226,3155,0.384931506849315
"PfeilerEnquist",2005,12,33592.31953128,5.56666666666667,264.74666646,143.466666666667,-2.76666666666667,-14.6666666666667,-8.71666666666667,217.333333333333,12.9381065592985,0,0.89379594440167,0.253430806197511,-0.0985358616297187,0.178933140847042,0.691655860240037,-0.162415169491415,0.361819597670113,-0.0313822802775046,-0.205313090545333,-0.120333101745157,-0.166465136453409,-0.174527581352589,608.917332858,0.316730328440414,0.0993969951070813,3155,0.384931506849315
"PfeilerEnquist",2006,1,34593.4451864839,4.41935483870968,324.335485151613,277.41935483871,-1.5,-14.4838709677419,-7.99193548387097,205.161290322581,16.0953780297788,0,0.0439243958672643,0.558012362441127,0.179554418835596,-0.0612454683918126,0.0959463799055939,0.613122846640364,-0.217465021955805,0.303810787377129,-0.0208946966474176,-0.185617111223489,-0.10475251143803,-0.146601475772281,745.97161584871,0.335126102020264,0.129964811697683,3155,0.384931506849315
"PfeilerEnquist",2006,2,37892.5714285714,1.92857142857143,440.342856814286,362.714285714286,-0.214285714285714,-14.1964285714286,-7.20535714285714,215.714285714286,22.0200997383476,0,-0.622714756607199,-0.300053536254798,0.203903606728398,-0.00373733649125353,-0.170146625964995,-0.0825868360234957,0.429269409881449,-0.302744443549688,0.214820391079258,-0.0773941981013209,-0.221275763465351,-0.135969264947825,1012.78857067286,0.356162616590966,0.14044833087668,3155,0.384931506849315
"PfeilerEnquist",2006,3,42263.5355342742,4.25806451612903,473.290321106452,428.129032258065,2.74193548387097,-9.98387096774194,-3.62096774193548,295.483870967742,41.5172223481185,0,0.537231563086517,0.226127692542371,0.233386039415126,0.475180093678728,0.351248143942003,0.184565502341975,0.189344636544813,0.580137398910542,-0.0991387989970533,0.372280482716171,0.0993625158084363,-0.0491856319560356,1088.56773854484,0.467663018166967,0.172179147199225,3155,0.384931506849315
"PfeilerEnquist",2006,4,46944.0000000033,1.56666666666667,624.106672156667,484,9.6,-4.21666666666667,2.69166666666667,457.333333333333,75.7882413374115,27.3686667502287,-1.42547598482916,-0.470279153442691,-0.581681250556482,-0.457208572501145,-0.190263867653958,-0.277816770530898,-0.33997429446252,-0.318844776250504,0.0566042920916563,-0.466138802181806,0.00997908896881954,-0.171394882879575,1435.44534596033,0.741082210125326,0.283748876791993,3155,0.384931506849315
"PfeilerEnquist",2006,5,50870.0903477806,0.612903225806452,671.277419551613,430.838709677419,14.2096774193548,0.354838709677419,7.28225806451613,549.677419354839,108.680764266417,63.7206120424763,-1.24092928702502,-1.44953269289014,-0.942374522205025,-1.0213429242894,-0.905034365283741,-0.690449188688396,-0.749501923053642,-0.739717770099185,-0.721574410043007,-0.433110368179945,-0.785763793673128,-0.378248397249342,1543.93806496871,1.02076907935917,0.471091660004335,3155,0.384931506849315
"PfeilerEnquist",2006,6,52796.16041664,0.766666666666667,673.919996136667,318.533333333333,19.9166666666667,4.73333333333333,12.325,538.666666666667,138.286036489779,94.1856455764322,-1.05426601652299,-1.31648602692611,-1.44149175939379,-1.11055838096764,-1.16281037239718,-1.08326238401044,-0.91043273526759,-0.939735230217588,-0.915445724479223,-0.894723507140017,-0.66226811475484,-0.934767775949369,1550.01599111433,1.43186692071729,0.893200254050628,3155,0.384931506849315
"PfeilerEnquist",2006,7,51940.3355594774,4.29032258064516,510.967746854839,162.709677419355,20.8548387096774,7.64516129032258,14.25,720,137.836593451345,106.782668886422,0.677100690968179,-0.299160391778038,-0.792035888383118,-1.00630691645024,-0.758285992212107,-0.798442333789371,-0.758476873674982,-0.635318034841718,-0.658666400159296,-0.664398849174594,-0.661695253395035,-0.468641942437502,1175.22581776613,1.6235951553366,0.903595155336596,3155,0.384931506849315
"PfeilerEnquist",2006,8,48495.4838709677,3.32258064516129,420.129032258065,15.6129032258065,18.4838709677419,5.95161290322581,12.2177419354839,922.58064516129,112.931780044518,89.56383851249,1.1883099763465,1.07024992705997,0.199092702651993,-0.471408725998311,-0.744788840781884,-0.532066503214215,-0.571385550713669,-0.542388925814301,-0.432802347496987,-0.465014886415593,-0.480059472439534,-0.477967633210185,966.296774193549,1.42179629255746,0.499215647396165,3155,0.384931506849315
"PfeilerEnquist",2006,9,43983.3600260433,3.1,407.146664936667,1.06666666666667,12.8166666666667,0.4,6.60833333333333,641.333333333333,72.9816181725452,50.0117845526337,1.55673405252613,1.68964730493042,1.43168818647451,0.817008848540805,0.00679348951889421,-0.408344922425048,-0.219383323433791,-0.257074946132195,-0.240100302114902,-0.122000578211307,-0.159041511375655,-0.186376854959527,936.437329354334,0.974615727288085,0.333282393954752,3155,0.384931506849315
"PfeilerEnquist",2006,10,39320.3612651161,4.83870967741935,299.870966019355,12.7741935483871,6.95161290322581,-2.85483870967742,2.04838709677419,518.709677419355,40.8986475647402,19.4584235059713,1.70500926884064,1.77265522095417,1.96797670865104,1.7423787772283,1.2536411695433,0.459674063334582,-0.0655112457380122,0.10664517822561,0.0592129271563974,0.0619213693822798,0.181910447658517,0.136331045354566,689.703221844517,0.70788599657039,0.189176319151035,3155,0.384931506849315
"PfeilerEnquist",2006,11,35400.9598958367,4.06666666666667,324.69333089,61.7333333333333,3.4,-8.78333333333333,-2.69166666666667,334.666666666667,24.907129036451,0,-0.100391421594409,1.42478924656902,1.61219587266886,1.8023971457476,1.61711793962988,1.18986762677028,0.476786574324781,-0.0250719379872898,0.132506237766236,0.0854255359432822,0.0877909780946745,0.207717252402345,746.794661047,0.501215232508373,0.166548565841706,3155,0.384931506849315
"PfeilerEnquist",2006,12,33592.31953128,1.9,273.706668596667,160.533333333333,-0.4,-11.7333333333333,-6.06666666666667,262.666666666667,16.3099350294767,0,-1.11361629950382,-0.714545245738223,0.747952945175945,1.37855344905465,1.66337560800517,1.49592498238352,1.01893788008873,0.302688992096659,-0.15529618956754,0.0119346892715174,-0.0288650382590605,-0.0234182402303828,629.525337772334,0.388698578884892,0.126031912218225,3155,0.384931506849315
"PfeilerEnquist",2007,1,34593.4451864839,1.35483870967742,345.083871903226,211.612903225806,-1.41935483870968,-15.7741935483871,-8.59677419354839,190.967741935484,15.8801649204972,0,-0.666836968745512,-1.02405422641332,-0.917338262423658,0.313084393565238,1.12258907010017,1.46331376556844,1.33358195857558,0.832728582122379,0.18221550756353,-0.224933637481578,-0.0581869070374194,-0.0906274429178723,793.69290537742,0.319710030682399,0.128742288746914,3155,0.384931506849315
"PfeilerEnquist",2007,2,37892.5714285714,3.5,350.285712378571,256.142857142857,-0.0892857142857143,-10.9464285714286,-5.51785714285714,277.142857142857,22.4945864592298,0,-0.334573186235054,-0.620267478191072,-0.964377757016858,-0.83950382608444,0.217827313374952,0.898410718320569,1.25621442362255,1.20572291984881,0.748494998918591,0.150505268155947,-0.226999185840567,-0.0619859392961359,805.657138470713,0.405303649377078,0.128160792234221,3155,0.384931506849315
"PfeilerEnquist",2007,3,42263.5355342742,1.90322580645161,517.161294258065,329.290322580645,5.96774193548387,-6.96774193548387,-0.5,389.677419354839,51.0712496998321,0,-1.0486787475384,-1.00655857147543,-1.04477811271097,-1.23940126779872,-1.20117224715547,-0.300964308383038,0.348791937687794,0.745804596711854,0.820398475173152,0.430925003268711,-0.0692903724543848,-0.374788861533042,1189.47097679355,0.588951345517445,0.199273926162606,3155,0.384931506849315
"PfeilerEnquist",2007,4,46944.0000000033,1.6,613.866671243333,320.933333333333,8.91666666666667,-3.66666666666667,2.625,449.333333333333,72.0912942500439,26.8665344347361,-0.927846939040196,-1.2963790747555,-1.24317186557838,-1.2474720591514,-1.35361685200272,-1.3282691968102,-0.54004289183445,0.000440136984236665,0.371146689397389,0.504712322732586,0.187381246895052,-0.218788127642039,1411.89334385967,0.73757903143489,0.288245698101557,3155,0.384931506849315
"PfeilerEnquist",2007,5,50870.0903477806,1.35483870967742,624.1032262,269.032258064516,12.7741935483871,-0.338709677419355,6.21774193548387,520,101.24344558697,56.702874351921,-0.365312921052205,-0.714653868253958,-0.942335870153038,-0.957136760569577,-0.998346435833772,-1.10734732041556,-1.08983280461231,-0.557896311967334,-0.154789745484424,0.128250062409274,0.277024689574135,0.0181073021523367,1435.43742026,0.948718701246219,0.428718701246219,3155,0.384931506849315
"PfeilerEnquist",2007,6,52796.16041664,0.6,636.586665853333,171.866666666667,18.7666666666667,4.45,11.6083333333333,518.666666666667,131.086835452378,90.1104682987578,-0.320316760222194,-0.474959250474118,-0.669307505936885,-0.831686047136757,-0.83925229917802,-0.882314880836785,-0.973272540760493,-0.954248367764135,-0.545832121756325,-0.226716787547155,0.0228932966613703,0.161485555134916,1464.14933146267,1.36575231311422,0.847085646447554,3155,0.384931506849315
"PfeilerEnquist",2007,7,51940.3355594774,2.87096774193548,482.787095103226,26.9677419354839,21.8387096774194,7.59677419354839,14.7177419354839,683.870967741935,145.209583056531,109.359617932935,-0.339655284063476,-0.423325576302188,-0.520911270426187,-0.686403344215667,-0.812148643928403,-0.818575414862822,-0.861548430685411,-0.93445062850199,-0.910984344209552,-0.591741114910612,-0.316992030852317,-0.103044702208263,1110.41031873742,1.67345558278,0.989584615038066,3155,0.384931506849315
"PfeilerEnquist",2007,8,48495.4838709677,1.35483870967742,441.599999212903,0,20.3870967741935,7.43548387096774,13.9112903225806,892.903225806452,121.282832435427,98.5729560864522,-0.279023305498836,-0.365385056374055,-0.505072498675538,-0.61753876694043,-0.749574430236726,-0.860958576785129,-0.866263372389778,-0.90224543384149,-0.964924090142887,-0.944907354290908,-0.664505765593443,-0.412916562287336,1015.67999818968,1.58830889173388,0.695405665927429,3155,0.384931506849315
"PfeilerEnquist",2007,9,43983.3600260433,3.33333333333333,388.586667886667,0.133333333333333,15.6,2.8,9.2,744,81.9674832532484,63.8511879284894,0.450098537942053,0.100463834156467,-0.0988321517448417,-0.266997479171538,-0.493997655393309,-0.671926686426607,-0.794434454290902,-0.79041222608026,-0.827125418195875,-0.87921078639197,-0.859720143021164,-0.585813908619507,893.749336139334,1.16283529742184,0.418835297421837,3155,0.384931506849315
"PfeilerEnquist",2007,10,39320.3612651161,2.25806451612903,357.1612918,11.741935483871,9.80645161290323,-2.79032258064516,3.50806451612903,514.838709677419,49.7624158424034,28.9484439067656,-0.11903245509737,0.353244835319043,0.0578171194523614,-0.117752890508963,-0.275815770620018,-0.526793765099685,-0.692824037906289,-0.803600467735587,-0.793907919312545,-0.834000313894876,-0.881589422157473,-0.862840718383305,821.47097114,0.785192613208903,0.270353903531484,3155,0.384931506849315
"PfeilerEnquist",2007,11,35400.9598958367,1.06666666666667,308.80000102,6.4,6,-6.55,-0.275,394.666666666667,29.322698770186,0,-1.48767754700666,-1.17915808904388,-0.460856794203152,-0.536748306662043,-0.465504947143497,-0.552796700379767,-0.719850710531583,-0.850587497919851,-0.956167038976826,-0.950918079350861,-0.986938142769228,-1.02392575264356,710.240002346,0.598687084672117,0.204020418005449,3155,0.384931506849315
"PfeilerEnquist",2007,12,33592.31953128,6.86666666666667,261.760000476667,136.933333333333,-3.85,-14.7333333333333,-9.29166666666667,218.666666666667,11.5898403232978,0,1.51613995356153,-0.339242314138914,-0.464217567375862,0.0496502363241364,-0.117799348171688,-0.180997753825263,-0.305700308213143,-0.529126181399394,-0.695669772009348,-0.811014906134963,-0.80400321086261,-0.844680847758937,602.048001096334,0.302780687053812,0.0841140203871452,3155,0.384931506849315
"PfeilerEnquist",2008,1,34593.4451864839,8.16129032258065,323.819356609677,387.870967741935,-5.09677419354839,-17.0806451612903,-11.0887096774194,181.935483870968,10.5808451954951,0,1.74595204175225,1.84774980438234,0.9257857734241,0.638127850536836,0.711520246170252,0.484760046504149,0.222259931945875,0.0687746000708597,-0.175987984396936,-0.401889565690168,-0.541979040898267,-0.534151645293185,744.784520202257,0.262642525680156,0.0807070418091878,3155,0.384931506849315
"PfeilerEnquist",2008,2,37968.3310883621,5.96551724137931,417.65517452069,603.862068965517,-0.413793103448276,-12.9310344827586,-6.67241379310345,235.862068965517,21.8827235561921,0,0.411032766592245,1.35361823657457,1.60030116149434,0.924724991872685,0.699664196150668,0.731122494457628,0.565668130992229,0.30845690287989,0.163521756330377,-0.081259450117037,-0.310750014647177,-0.453354090479055,960.606901397587,0.371075738084197,0.13521366911868,3155,0.384931506849315
"PfeilerEnquist",2008,3,42419.6129032258,3.38709677419355,544.619351296774,716.516129032258,2.59677419354839,-12.2741935483871,-4.83870967741935,249.032258064516,41.0257847317583,0,0.492544745178652,0.581282354583739,1.07585515385914,1.37395953559105,0.945005062083967,0.77467889371735,0.816167602532238,0.672698101321017,0.424160168964948,0.313288927512158,0.0839022447418673,-0.144039052820183,1252.62450798258,0.42672376069564,0.177691502631124,3155,0.384931506849315
"PfeilerEnquist",2008,4,47082.2399739633,3.3,596.05333557,821.333333333333,6.18333333333333,-8.25,-1.03333333333333,340,63.3801055020723,0,0.421828902011996,0.616490948373641,0.659002133678142,0.982628753351646,1.21343339754354,0.912993887447349,0.783719156901581,0.827442560618781,0.726855521594492,0.507647981653298,0.414754862478697,0.218526677516836,1370.922671811,0.566432864707073,0.226432864707073,3155,0.384931506849315
"PfeilerEnquist",2008,5,50981.5742187484,2.83870967741935,599.638709283871,829.935483870968,11.0806451612903,-1.96774193548387,4.55645161290323,543.225806451613,94.008387811494,45.07384419702,0.515550752018224,0.487118840690281,0.611470793736073,0.659466067516146,0.904857015132951,1.12401261546479,0.871926729094421,0.77757911690805,0.825333123994915,0.729521673716196,0.541854588857526,0.47209938466559,1379.1690313529,0.845236674778812,0.302010868327199,3155,0.384931506849315
"PfeilerEnquist",2008,6,52807.68046872,0.766666666666667,693.973334756667,741.466666666667,17.6,3.13333333333333,10.3666666666667,702.666666666667,126.208150345483,82.8895892259866,0.282996073374605,0.431111590732446,0.455754341757042,0.560290406888806,0.601098168572449,0.835450595018992,1.04392934201483,0.811199628822776,0.730823515760318,0.766633536560205,0.697019248533848,0.536628695686042,1596.13866994033,1.25754715802675,0.554880491360081,3155,0.384931506849315
"PfeilerEnquist",2008,7,51862.2968750032,0.741935483870968,661.987097954839,597.677419354839,21.8548387096774,6.59677419354839,14.2258064516129,610.322580645161,148.026744980139,106.64878162601,-0.832687793343589,-0.416439772417626,-0.108337536052448,0.0139458846825419,0.187003675065955,0.248838393144052,0.511774165873205,0.716855769907074,0.47559839604416,0.42451549750809,0.464480213776189,0.389992961435142,1522.57032529613,1.62105205812106,1.0107294774759,3155,0.384931506849315
"PfeilerEnquist",2008,8,48361.703125,2.38709677419355,594.167738393548,430.193548387097,19.8064516129032,6.29032258064516,13.0483870967742,629.677419354839,120.526380852357,94.0208287515185,-0.0141639400353896,-0.583121899212256,-0.404828495290157,-0.196780917425353,-0.0714910861690807,0.0959112236544898,0.159482340044417,0.429542406925637,0.641282484224814,0.390946493610958,0.341991914169654,0.385585558478279,1366.58579830516,1.50144126580496,0.871763846450117,3155,0.384931506849315
"PfeilerEnquist",2008,9,43822.0800781267,1,561.49333496,302.133333333333,15.8,2.35,9.075,556,83.6339226349024,63.2094995654643,-0.182401114935387,-0.120611528146432,-0.51470574975764,-0.369865257299606,-0.243402932883891,-0.143138489500185,0.0180642509435278,0.0928525685226281,0.359683724920618,0.558253319638526,0.325944050780241,0.28652968212855,1291.434670408,1.153070671982,0.597070671982002,3155,0.384931506849315
"PfeilerEnquist",2008,10,39175.4322076581,1.19354838709677,453.987097954839,223.483870967742,10.5645161290323,-2.43548387096774,4.06451612903226,507.096774193548,51.8727565985137,32.2727312295229,-0.785945355676814,-0.508934930690491,-0.420153079287508,-0.68355888350913,-0.516705612047233,-0.404627727042073,-0.282894551135779,-0.105111184027734,-0.0200475089771674,0.244657722968348,0.438167140286805,0.219773916761179,1044.17032529613,0.816574451348149,0.309477677154601,3155,0.384931506849315
"PfeilerEnquist",2008,11,35297.2799479167,2.76666666666667,327.573333486667,212.133333333333,5.2,-6.98333333333333,-0.891666666666667,370.666666666667,27.8745531246326,0,-0.967399040372022,-1.18204630980111,-0.899053475340752,-0.731781159049512,-0.871502832533305,-0.649166354920887,-0.498996806161663,-0.37174473428539,-0.198052684882947,-0.112031117629654,0.149117472150144,0.338084236377097,753.418667019334,0.572338549481417,0.20167188281475,3155,0.384931506849315
"PfeilerEnquist",2008,12,33580.7994792,8.4,267.946665956667,350.8,-2.6,-13.4333333333333,-8.01666666666667,232,13.2959659764291,0,1.47918916393501,0.174985317231517,-0.487868102935235,-0.332508291125272,-0.302391544125436,-0.571768189070662,-0.409088230847848,-0.302197091241064,-0.196387420008247,-0.0368326186993913,0.0417782070030006,0.29343464775891,616.277331700334,0.334483011635464,0.102483011635464,3155,0.384931506849315
"PfeilerEnquist",2009,1,34593.4451864839,3.90322580645161,321.651613296774,220.387096774194,-0.0806451612903226,-12.9193548387097,-6.5,236.129032258065,18.4397447294975,0,-0.669662380098209,0.503097235467729,-0.260178666902426,-0.683539148495057,-0.610098280650822,-0.547995584816689,-0.727157189584701,-0.535909033039533,-0.374177235532459,-0.263670276589156,-0.104846736439183,-0.0229889275562042,739.79871058258,0.376017866070387,0.139888833812322,3155,0.384931506849315
"PfeilerEnquist",2009,2,37892.5714285714,4.42857142857143,423.085717335714,338.428571428571,1.625,-12.5357142857143,-5.45535714285714,248.571428571429,25.8206519068904,0,-0.969600491955813,-1.09290168089346,-0.00209263939857978,-0.513880614605076,-0.814864113439275,-0.790840749457452,-0.725362951945313,-0.853849671638342,-0.637510601412603,-0.453790485581579,-0.332756012286041,-0.170788406920098,973.097149872142,0.407234125232873,0.158662696661444,3155,0.384931506849315
"PfeilerEnquist",2009,3,42263.5355342742,2.70967741935484,525.729029503226,395.741935483871,4.80645161290323,-9.61290322580645,-2.40322580645161,314.838709677419,47.9889997307647,0,-0.509084600420241,-0.823351290886759,-0.890307817246912,-0.278209359341612,-0.629740298989751,-0.835624913824351,-0.871045321127301,-0.815781921094029,-0.918871558288398,-0.701413258175188,-0.495087143298858,-0.369404029020316,1209.17676785742,0.512055350491127,0.197216640813708,3155,0.384931506849315
"PfeilerEnquist",2009,4,46944.0000000033,4.63333333333333,540.2666687,527.866666666667,6.88333333333333,-6.45,0.216666666666667,398.666666666667,65.4586008936154,4.25930635243596,0.334483188615979,0.00494335456462877,-0.24412621030506,-0.370395075731508,0.0327060013221235,-0.230927406484877,-0.44340000958718,-0.542266381294387,-0.526843761560355,-0.707235711394637,-0.524761629756162,-0.34132991076391,1242.61333801,0.620459804236758,0.221793137570091,3155,0.384931506849315
"PfeilerEnquist",2009,5,50870.0903477806,2.32258064516129,640.1032262,497.806451612903,13.9193548387097,0.209677419354839,7.06451612903226,614.193548387097,107.171410119462,62.3083007591834,-0.899737418103168,-0.41123223478399,-0.455857173813577,-0.605313835632312,-0.674487842114257,-0.36901694136684,-0.568783028078474,-0.687040025947785,-0.768806880124933,-0.765306938360492,-0.879473625147668,-0.737459901354743,1472.23742026,1.00565050765388,0.391456959266784,3155,0.384931506849315
"PfeilerEnquist",2009,6,52796.16041664,2.06666666666667,620.799998983333,412.533333333333,15.85,1.8,8.825,686.666666666667,117.569721349636,73.5989958476122,1.46077057630935,0.179383928487221,0.247103449146828,0.112797825840381,-0.0102175615531019,-0.0952631831282946,0.128024185690216,-0.0284214307785833,-0.16446199641587,-0.256705049625442,-0.270209368016719,-0.465373406050162,1427.83999766167,1.13375810590266,0.44709143923599,3155,0.384931506849315
"PfeilerEnquist",2009,7,51940.3355594774,1.67741935483871,609.341941583871,281.290322580645,21.1774193548387,5.83870967741935,13.508064516129,771.612903225806,145.091184114686,102.649112604348,-0.453162387842823,0.641587450312778,-0.101926754947923,-0.0100112025241541,-0.0880480739510089,-0.18712743788887,-0.257953372406769,-0.0620704315488591,-0.193489413528624,-0.299050978375363,-0.372299878224806,-0.389120118498913,1401.4864656429,1.54718168602066,0.775568782794854,3155,0.384931506849315
"PfeilerEnquist",2009,8,48495.4838709677,0.806451612903226,562.47741896129,129.677419354839,19.2741935483871,5.16129032258065,12.2177419354839,745.806451612903,119.842177297835,89.56383851249,-0.147349760570586,-0.378300512149688,0.376079259036361,-0.22965893525905,-0.125817364801709,-0.194170018455205,-0.283496297607003,-0.344751793872788,-0.161297525198545,-0.285399238340861,-0.378981958125899,-0.441219220628923,1293.69806361097,1.42179629255746,0.675989840944553,3155,0.384931506849315
"PfeilerEnquist",2009,9,43983.3600260433,2.7,413.22666677,12.8,15.4333333333333,2.3,8.86666666666667,633.333333333333,82.0028728399157,62.1348499862615,0.34847579665269,0.122644331866338,-0.149050939481086,0.463241097708782,-0.139637736568133,-0.0801567360856545,-0.162105615160917,-0.239953600675499,-0.302269727271609,-0.116148793857963,-0.231167732103926,-0.321820146656087,950.421333571,1.13695691676868,0.503623583435351,3155,0.384931506849315
"PfeilerEnquist",2009,10,39320.3612651161,3.09677419354839,307.303224622581,5.67741935483871,6.06451612903226,-4.2741935483871,0.895161290322581,465.806451612903,39.5539779601611,10.5600498721732,1.6598994270359,1.22950923017133,0.935016266856351,0.43866656884487,0.931461228613765,0.282023453281611,0.277888528318461,0.153517308409499,0.0649958856131367,-0.0122310665715283,0.176710786142546,0.0528211243667925,706.797416631936,0.651658235483489,0.185851783870586,3155,0.384931506849315
"PfeilerEnquist",2009,11,35400.9598958367,1.1,338.133333843333,24.4,5.35,-7.23333333333333,-0.941666666666667,381.333333333333,28.2446720651048,0,-1.31544257374464,0.453549933715554,0.62171058948175,0.459664506762372,0.15671075719818,0.647548744714084,0.0563187831221572,0.0837849528192797,-0.0111752623961369,-0.0870115121635587,-0.155230199268475,0.0345556594458413,777.706667839666,0.570247981542753,0.18891464820942,3155,0.384931506849315
"PfeilerEnquist",2009,12,33592.31953128,4.7,275.520001476667,124.133333333333,-4.03333333333333,-16.15,-10.0916666666667,182.666666666667,11.0790891761689,0,1.14140170850292,-0.431216771426212,0.93107316904428,0.850199695819698,0.662731889986918,0.321242272955676,0.796935391110327,0.214265995593599,0.223201601359063,0.107616727412317,0.0251139203685782,-0.0485993394900359,633.696003396334,0.284283043851768,0.101616377185101,3155,0.384931506849315
"PfeilerEnquist",2010,1,34593.4451864839,2.7741935483871,342.090325629032,283.225806451613,-0.548387096774194,-12.9677419354839,-6.75806451612903,229.677419354839,17.7219087131347,0,-0.773311315011198,0.220743146504038,-0.760739179557054,0.413973496140132,0.505804883887841,0.360359267936534,0.0806936035556919,0.589960743148989,0.0852024359837485,0.114209739008919,0.0208142597220389,-0.0501163984602806,786.807748946774,0.368642170585529,0.13896475123069,3155,0.384931506849315
"PfeilerEnquist",2010,2,37892.5714285714,3.78571428571429,419.314286914286,385.857142857143,-1.64285714285714,-14.3928571428571,-8.01785714285714,212.857142857143,19.4149012610554,0,0.474121256231858,-0.0959327056963145,0.453043823082584,-0.307282256309379,0.566001042315767,0.577628372726479,0.475391917906887,0.189853339570346,0.655955314321247,0.178503908210744,0.196942095179694,0.104189399461957,964.422859902858,0.334452083153608,0.121594940296465,3155,0.384931506849315
"PfeilerEnquist",2010,3,42263.5355342742,1.25806451612903,559.48387146129,464.516129032258,3.75806451612903,-10.3870967741935,-3.31451612903226,285.161290322581,44.7173440787274,0,-0.257762931867386,0.0478260257655037,-0.191619218804013,0.180663911176532,-0.328175692070828,0.34278728270508,0.380154855484895,0.302490515183428,0.0804080858302706,0.545984735530131,0.134647517452194,0.16414062847333,1286.81290436097,0.478499887146757,0.193338596824176,3155,0.384931506849315
"PfeilerEnquist",2010,4,46944.0000000033,4.53333333333333,528.853332013333,521.066666666667,6.5,-5.36666666666667,0.566666666666667,426.666666666667,62.9531726872186,8.66209007336798,0.608606090782049,0.332927335241885,0.442951735756712,0.235463978369752,0.47123504682069,0.121751195166996,0.546314541338302,0.566964922949841,0.504189117481503,0.273703349099919,0.664413889178793,0.310359942512465,1216.36266363067,0.636383972667543,0.209717306000876,3155,0.384931506849315
"PfeilerEnquist",2010,5,50870.0903477806,1.74193548387097,660.645157354839,525.806451612903,10.9193548387097,-2.04838709677419,4.43548387096774,512.258064516129,93.2103371920398,44.1872037380163,0.487937812664327,0.565197361535502,0.422909771413219,0.502786299272072,0.353097953038916,0.527927297971859,0.261517589825963,0.581556097637477,0.604607727584719,0.533598197054312,0.330539652420415,0.689059784669955,1519.48386191613,0.838107308836745,0.325849244320616,3155,0.384931506849315
"PfeilerEnquist",2010,6,52796.16041664,1.16666666666667,668.586664836667,423.066666666667,18.9333333333333,4.86666666666667,11.9,740,131.225959748266,91.7766961971345,-0.271016631075851,0.100453283137776,0.30468036402457,0.229402285011877,0.308336487649852,0.194538835420667,0.361277988101316,0.13685109360828,0.426031111110473,0.436103851891087,0.389352127971041,0.22117927005263,1537.74932912433,1.39232785278883,0.652327852788833,3155,0.384931506849315
"PfeilerEnquist",2010,7,51940.3355594774,2.19354838709677,586.219356412903,272.645161290323,21.5161290322581,7.37096774193548,14.4435483870968,794.838709677419,143.495133572076,107.851636841843,-0.227111900343554,-0.320276449603391,-0.055629214883145,0.121058937019041,0.0840278595364136,0.160772094832331,0.0618613945468841,0.213997204692547,0.0127680919404294,0.292075582769409,0.311281421112861,0.261313149158927,1348.30451974968,1.64406645918529,0.849227749507873,3155,0.384931506849315
"PfeilerEnquist",2010,8,48495.4838709677,2.90322580645161,485.574191187097,97.0322580645161,18.5967741935484,6.41935483870968,12.508064516129,873.548387096774,112.398191499482,91.130376504571,1.20275781163684,0.493266332375277,0.187524862479808,0.25275219067656,0.361297634833088,0.276738080007905,0.339703007556469,0.234317506284542,0.390222916247448,0.18105255136383,0.446992159997186,0.473693893619346,1116.82063973032,1.449200171297,0.575651784200229,3155,0.384931506849315
"PfeilerEnquist",2010,9,43983.3600260433,1.66666666666667,442.56000061,1.33333333333333,17.9166666666667,3.53333333333333,10.725,777.333333333333,91.7969554128242,71.5071579442443,-1.37373136988405,-0.00551835828267321,-0.100371744921084,-0.247192649493767,-0.154019858782673,-0.00758837136671298,-0.042846783428099,0.0432126242422034,-0.0456387885447228,0.102022156552438,-0.0787683207794969,0.189631223073549,1017.888001403,1.28797029265061,0.510636959317273,3155,0.384931506849315
"PfeilerEnquist",2010,10,39320.3612651161,3.80645161290323,299.974192712903,10.5806451612903,10.0806451612903,-1.2258064516129,4.42741935483871,579.354838709677,49.1790333739508,34.3762942253903,0.307662451339411,-0.808552252727361,0.149494438627824,-0.00112029512545536,-0.156859339061974,-0.114898313548038,0.0274225140064971,-0.00290151667464725,0.0860799587643386,-0.00357124939036334,0.144094101800731,-0.0327649895126951,689.940643239677,0.837633914647839,0.258279075938162,3155,0.384931506849315
"PfeilerEnquist",2010,11,35400.9598958367,3.6,306.773333226667,83.7333333333333,1.45,-10.2666666666667,-4.40833333333333,309.333333333333,21.650140416772,0,0.52683043882204,0.48047164709308,-0.371786141972501,0.379237321446866,0.209417035350681,0.036056796048862,0.0494573492143721,0.16071773907492,0.109941467211896,0.190432909440568,0.0997225689787381,0.245831850943901,705.578666421334,0.440813104411979,0.131479771078646,3155,0.384931506849315
"PfeilerEnquist",2010,12,33592.31953128,8.33333333333333,256.106667073333,197.2,0.883333333333333,-8.75,-3.93333333333333,332,17.7710202208877,0,0.325692721141765,0.606305106699305,0.533689017090314,-0.302381996337818,0.371435755606392,0.21678870329328,0.0589405159702714,0.0835631441807397,0.19458160407191,0.137305855339229,0.214981000132741,0.122429824358285,589.045334268666,0.456841975549235,0.124841975549235,3155,0.384931506849315
"PfeilerEnquist",2011,1,34593.4451864839,1.70967741935484,317.832258654839,116.129032258065,-2.56451612903226,-15.9193548387097,-9.24193548387097,192.258064516129,14.2433009860871,0,-0.166108212500387,0.120478966285982,0.339230015154219,0.36222162310463,-0.418710048861493,0.237371123287169,0.0984719812167405,-0.0211463024388261,0.0547460391891296,0.165775848004886,0.117651078399148,0.197907493154854,731.01419490613,0.303965180155904,0.111707115639775,3155,0.384931506849315
"PfeilerEnquist",2011,2,37892.5714285714,6.10714285714286,362.857140675,213.142857142857,-2.48214285714286,-15.4642857142857,-8.97321428571429,205.714285714286,17.6775416137903,0,1.22818194701526,0.804156967838738,0.801212922112055,0.90295333981931,0.836889415918369,0.0836240480908324,0.612132747818307,0.391074499936768,0.255022108093647,0.293602676428156,0.370261946539097,0.305480802882661,834.5714235525,0.310437246316686,0.1047229606024,3155,0.384931506849315
"PfeilerEnquist",2011,3,42263.5355342742,3.51612903225806,494.761292980645,359.741935483871,3.45161290322581,-8.45161290322581,-2.5,336.774193548387,43.3274180509617,0,0.22561624825094,0.763635477653033,0.606484247361733,0.680149455369858,0.807484998228989,0.757728444910913,0.176159229161538,0.605549690685687,0.410455119155645,0.316342708674937,0.351143788107221,0.41835318719062,1137.95097385548,0.508395424172983,0.171621230624596,3155,0.384931506849315
"PfeilerEnquist",2011,4,46944.0000000033,5.83333333333333,538.6666626,434.4,5.4,-6.35,-0.475,396,59.0901487452435,0,1.11894543301735,0.891324384165454,1.07362689558631,0.941226563547633,1.00511169302226,1.07477638241988,1.01914968033383,0.631749826521773,0.924756173343005,0.720989590823967,0.625264045157442,0.638076888738899,1238.93332398,0.590026113654749,0.194026113654749,3155,0.384931506849315
"PfeilerEnquist",2011,5,50870.0903477806,2.2258064516129,608.412905783871,445.677419354839,9.69354838709677,-1.79032258064516,3.95161290322581,550.967741935484,85.8066471912179,40.574804109825,1.14124179444401,1.230590990173,1.05867201199234,1.1764903114996,1.08045719870859,1.17320227482699,1.21890988115423,1.1728458643784,0.904919891066672,1.1225394010504,0.942120376723279,0.861246941686666,1399.3496833029,0.810118861700432,0.259151119764948,3155,0.384931506849315
"PfeilerEnquist",2011,6,52796.16041664,0.533333333333333,700.373334756667,352,17.4,3.45,10.425,749.333333333333,124.190611275408,83.2337139061708,0.501951272922808,1.04542392494532,1.1569155691897,1.01589446572722,1.12661504363476,1.04575071954869,1.13586741859693,1.17049807415421,1.13093565397853,0.886365917813121,1.09495823343597,0.947212133536287,1610.85866994033,1.26245618997975,0.513122856646416,3155,0.384931506849315
"PfeilerEnquist",2011,7,51940.3355594774,2.06451612903226,564.851615658064,204.258064516129,20.9193548387097,7.35483870967742,14.1370967741935,921.290322580645,139.18357221476,106.157350845877,0.251397437352275,0.491949782249551,0.907902955134279,1.06605359189062,0.956904010160684,1.07430591963648,1.00272704823431,1.09231223833442,1.11807878449769,1.09309514045189,0.858339998282842,1.06493035535568,1299.15871601355,1.61175728957427,0.690466966993624,3155,0.384931506849315
"PfeilerEnquist",2011,8,48495.4838709677,0.612903225806452,520.051611132258,39.3548387096774,20.8387096774194,7.19354838709677,14.0161290322581,723.870967741935,124.899346305054,99.1209077285696,-0.892263647895589,-0.304103786610359,-0.0733339070445168,0.437782674238787,0.720770286203031,0.688578436601979,0.844363209767167,0.781058168891444,0.86609558932944,0.903343474065091,0.885624280211865,0.621246930140212,1196.11870560419,1.5991580944593,0.875287126717361,3155,0.384931506849315
"PfeilerEnquist",2011,9,43983.3600260433,1.43333333333333,401.38666789,0,15.9666666666667,3.38333333333333,9.675,677.333333333333,82.7005510512474,66.2691574388359,0.0393059380783665,-0.598381532947682,-0.203174783209534,-0.0123586662857281,0.399609586867718,0.672376471965942,0.650998130070915,0.810477212164549,0.747876954386978,0.814301617567878,0.853818810502088,0.842613990658553,923.189336147,1.20060915725404,0.523275823920705,3155,0.384931506849315
"PfeilerEnquist",2011,10,39320.3612651161,2.61290322580645,345.496774490323,3.74193548387097,9.62903225806452,-2.46774193548387,3.58064516129032,517.41935483871,48.9309191299261,29.3894745045201,0.122183965723864,0.196634783183072,-0.458003652919206,-0.150222831407733,0.0204735090630183,0.388174976481397,0.662363831088993,0.644879586970131,0.800287684019109,0.743822902716453,0.805318623210018,0.845794295693203,794.642581327743,0.789224408555112,0.271805053716402,3155,0.384931506849315
"PfeilerEnquist",2011,11,35400.9598958367,2.2,301.653331756667,55.2,2.46666666666667,-8.93333333333333,-3.23333333333333,317.333333333333,23.2293285881858,0,-0.142009763804808,-0.103617422967881,0.123545342776611,-0.414050014116715,-0.09466776388217,0.0699981536081744,0.403821154160361,0.652103610091338,0.637073248381403,0.785071028356637,0.733691121295431,0.786706432906836,693.802663040334,0.481407825861674,0.164074492528341,3155,0.384931506849315
"PfeilerEnquist",2011,12,33592.31953128,0.8,298.986665346667,87.3333333333333,-0.633333333333333,-13.25,-6.94166666666667,232,15.9252946109165,0,-1.30065280976355,-0.856915747504794,-0.692671026407992,-0.371614454393294,-0.801480136791238,-0.38107098704229,-0.166984003653772,0.20208525409443,0.480046586579268,0.490102652398603,0.652652201591843,0.606367613270418,687.669330297334,0.363473326296523,0.131473326296523,3155,0.384931506849315
"PfeilerEnquist",2012,1,34593.4451864839,4.03225806451613,322.374193251613,199.483870967742,0.419354838709677,-13.1451612903226,-6.36290322580645,234.838709677419,19.1837594927658,0,-0.824531795565086,-1.24173690820144,-1.09392806344996,-0.909676165704833,-0.694269154839495,-1.037488666488,-0.586471324538957,-0.341471965902935,0.0664378186528798,0.346009201011456,0.379023766112976,0.550439811634861,741.46064447871,0.379989358354675,0.145150648677256,3155,0.384931506849315
"PfeilerEnquist",2012,2,37968.3310883621,3.27586206896552,401.213793524138,309.241379310345,-1.1551724137931,-13.5862068965517,-7.37068965517241,219.310344827586,20.4387964908437,0,0.123799160205753,-0.397576917765587,-0.895064116882284,-0.804776245048896,-0.654878761978291,-0.562821064051783,-0.918242454128543,-0.521952101258441,-0.280597422699402,0.106700167338411,0.366693951627573,0.400134521266248,922.791725105517,0.351645864172173,0.132335519344587,3155,0.384931506849315
"PfeilerEnquist",2012,3,42419.6129032258,1.2258064516129,575.999998032258,394.451612903226,6.29032258064516,-7.38709677419355,-0.548387096774194,374.193548387097,52.3685837040236,0,-1.31739795048434,-1.02425678626264,-1.1262021611001,-1.37076376834269,-1.34428471793311,-1.10648037480287,-1.02571899090488,-1.28547473554118,-0.865559393624937,-0.587915024966138,-0.169411140132395,0.10514839816909,1324.79999547419,0.586876081562593,0.212682533175496,3155,0.384931506849315
"PfeilerEnquist",2012,4,47082.2399739633,1.5,596.7999939,381.333333333333,9.7,-2.8,3.45,480,74.7544150524834,32.8734466223617,-1.29789840701719,-1.82340255738001,-1.5425433279726,-1.56427687411086,-1.66909657950509,-1.64987057039397,-1.36433714832005,-1.30176088811388,-1.54453024420512,-1.10744157786882,-0.838031780658537,-0.390204015779602,1372.63998597,0.781980312824763,0.301980312824763,3155,0.384931506849315
"PfeilerEnquist",2012,5,50981.5742187484,0.709677419354839,694.090321203226,326.322580645161,14.3225806451613,0.32258064516129,7.32258064516129,437.41935483871,109.424250757431,63.9809307952098,-1.30835181626481,-1.43066193337235,-1.74108713483453,-1.67031917526654,-1.69026961471246,-1.72720677598909,-1.69124315997732,-1.50388060373838,-1.4705176896423,-1.60994475112228,-1.28472998497563,-1.09435310980346,1596.40773876742,1.02359073096652,0.586171376127808,3155,0.384931506849315
"PfeilerEnquist",2012,6,52807.68046872,0,672.42666626,213.333333333333,21.2166666666667,6.06666666666667,13.6416666666667,342.666666666667,144.171556065918,101.515225464994,-1.60858340504409,-1.64648852843698,-1.66696371119476,-1.86593666873362,-1.83433976156495,-1.86456720088122,-1.88080818700652,-1.84629221663649,-1.69086189279856,-1.63311231239101,-1.75628812077717,-1.48083223809015,1546.581332398,1.56070355112866,1.218036884462,3155,0.384931506849315
"PfeilerEnquist",2012,7,51862.2968750032,3,492.593548190323,49.5483870967742,21.4677419354839,7.29032258064516,14.3790322580645,632.258064516129,143.371214170196,107.495733066211,-0.123787351871241,-1.13939976253761,-1.30152172582457,-1.36881998100169,-1.51619746824518,-1.48628946834835,-1.52370619605184,-1.56388747823211,-1.52937621817727,-1.45547248896152,-1.44458328027223,-1.54450349295712,1132.96516083774,1.63721763667199,1.00495957215586,3155,0.384931506849315
"PfeilerEnquist",2012,8,48361.703125,1.83870967741935,439.741938435484,0,20.5967741935484,6.37096774193548,13.4838709677419,821.935483870968,125.395636166469,96.3276947574924,-0.794206151814854,-0.48138368167827,-1.18737561257891,-1.33419746165424,-1.39242555339611,-1.51314410043886,-1.49233469614296,-1.52474394041551,-1.55816103625324,-1.52702381123217,-1.46552964812099,-1.45721297511146,1011.40645840161,1.54474410411068,0.722808620239707,3155,0.384931506849315
"PfeilerEnquist",2012,9,43822.0800781267,2.06666666666667,393.81333415,0,16.4166666666667,2.93333333333333,9.675,734.666666666667,85.6069823360856,66.2691574388359,-0.330866680590455,-0.749166221376854,-0.481156570398809,-1.14727894217992,-1.33838296777461,-1.40016341806542,-1.51538738326124,-1.49748631301924,-1.52560825548777,-1.55158560666195,-1.52670858675383,-1.47220750891897,905.770668545,1.20060915725404,0.465942490587371,3155,0.384931506849315
"PfeilerEnquist",2012,10,39175.4322076581,0.483870967741935,352.103227183871,1.41935483870968,10.1129032258065,-2.03225806451613,4.04032258064516,541.935483870968,50.0827851981549,32.1307854068724,-0.558211223335093,-0.485732049438655,-0.892723842060827,-0.593906629001169,-1.20610832305333,-1.38592904516814,-1.44091482271462,-1.5545595290688,-1.54049749406332,-1.57256384853021,-1.59598212540332,-1.57395953565246,809.837422522903,0.815187292101561,0.273251808230593,3155,0.384931506849315
"PfeilerEnquist",2012,11,35297.2799479167,1.23333333333333,305.27999954,19.7333333333333,6.01666666666667,-6.31666666666667,-0.15,393.333333333333,29.2758149782917,0,-1.45549151260909,-1.37473489646575,-1.20628782854701,-1.4460698051569,-0.942504112734968,-1.47599443445439,-1.5436397172104,-1.57434275324465,-1.692185846008,-1.68903060205507,-1.72131320469908,-1.74309946553578,702.143998942,0.604157280293029,0.210823946959696,3155,0.384931506849315
"PfeilerEnquist",2012,12,33580.7994792,4.3,240.213333383333,77.0666666666667,-2.33333333333333,-12.8833333333333,-7.60833333333333,252,13.668581036984,0,0.345654078848223,-1.04704151960892,-1.15222284747286,-1.0000011453284,-1.24139701566471,-0.870933392824209,-1.39698288910517,-1.50778515442255,-1.54959920504418,-1.66098209353642,-1.6549105182487,-1.68529181657971,552.490666781666,0.345242922258763,0.0932429222587633,3155,0.384931506849315
"PfeilerEnquist",2013,1,34593.4451864839,2.48387096774194,308.129031767742,119.354838709677,-2.75806451612903,-15.8709677419355,-9.31451612903226,201.290322580645,13.9939981560285,0,0.0838551881181488,0.289268395617725,-0.815349026335354,-0.990079480587185,-0.945607063358051,-1.19429713161897,-0.852302078093049,-1.31155963161313,-1.44288842398403,-1.49963242762658,-1.60992174393731,-1.60391411393171,708.696773065806,0.302237840177408,0.100947517596763,3155,0.384931506849315
"PfeilerEnquist",2013,2,37892.5714285714,1.75,426.400003703571,170,-1.85714285714286,-15.8392857142857,-8.84821428571429,185.714285714286,18.6055553663132,0,0.196759658070252,0.251335994873788,0.366585775396816,-0.496171116434641,-0.706683671816925,-0.767499814260262,-1.05500349079249,-0.770996375785165,-1.25266305097458,-1.39928638013262,-1.46427241071953,-1.58443390286967,980.720008518213,0.313489433222846,0.12777514750856,3155,0.384931506849315
"PfeilerEnquist",2013,3,42263.5355342742,3.06451612903226,503.638712235484,255.225806451613,3.53225806451613,-10.0322580645161,-3.25,307.096774193548,43.9849587488653,0,0.0826620619185794,0.183376793239007,0.212818296690827,0.313047522260434,-0.258567970425018,-0.456115034616887,-0.593745111901575,-0.8556326269767,-0.670479488003594,-1.13814022323376,-1.30393829050945,-1.38737704261318,1158.36903814161,0.480809554464797,0.173712780271249,3155,0.384931506849315
"PfeilerEnquist",2013,4,46944.0000000033,4.4,540.053334553333,317.466666666667,5.95,-6.21666666666667,-0.133333333333333,404,61.3145191009511,0,0.768336956187014,0.609078688334343,0.602677858200747,0.558964541755135,0.628259793109269,0.249633601098248,0.0512476804159821,-0.114396288987964,-0.373403691223855,-0.3314642850824,-0.815911577590805,-1.06278093455031,1242.12266947267,0.604889978818508,0.200889978818508,3155,0.384931506849315
"PfeilerEnquist",2013,5,50870.0903477806,2.06451612903226,615.432261803226,311.483870967742,11.758064516129,-0.596774193548387,5.58064516129032,594.838709677419,95.6666013880777,52.3529562533636,0.284480461989471,0.529356114571434,0.505463776734164,0.52931082341678,0.503974024953487,0.569365304613348,0.27071512800814,0.129496186693414,-0.0066024015036159,-0.238170754926039,-0.243498582594178,-0.664058882224871,1415.49420214742,0.907780935823591,0.312942226146172,3155,0.384931506849315
"PfeilerEnquist",2013,6,52796.16041664,0,670.400004066667,199.6,20.2,5.38333333333333,12.7916666666667,764,138.722243565187,96.8058721516284,-1.16411850869492,-0.594628796713006,-0.133376302084277,-0.0317306950910239,0.02086424350977,0.0401643321756878,0.106869991701344,-0.150806355409247,-0.243818147769155,-0.362416932966566,-0.539238810684695,-0.514350052618268,1541.92000935333,1.47641729488727,0.71241729488727,3155,0.384931506849315
"PfeilerEnquist",2013,7,51940.3355594774,3.54838709677419,477.316129129032,41.4193548387097,21.3064516129032,7.69354838709677,14.5,827.096774193548,141.015967741347,108.162711538352,0.210372150904923,-0.648815701204004,-0.389102742136374,-0.0918238825648269,-0.0132895089367716,0.0294370671391173,0.0405088224933809,0.10124447491371,-0.122827883702516,-0.202384830223134,-0.302153123817413,-0.464136975855794,1097.82709699677,1.65007981432058,0.822983040127033,3155,0.384931506849315
"PfeilerEnquist",2013,8,48495.4838709677,2.74193548387097,408.051616051613,0,19.2258064516129,6.53225806451613,12.8790322580645,916.129032258065,116.16001697554,93.1182959903796,0.677150337326156,0.486427921235698,-0.335949962225333,-0.247035332277497,0.0013044635553572,0.0542930960674912,0.0909044271704429,0.0989069528434916,0.161234207610038,-0.0625958813167777,-0.142561086380873,-0.233178393333481,938.51871691871,1.4848918111464,0.568762778888335,3155,0.384931506849315
"PfeilerEnquist",2013,9,43983.3600260433,4.8,371.733335876667,0.533333333333333,15.6,4,9.8,837.333333333333,79.7647352991951,66.9002557236675,0.96565632034686,1.03577548524964,0.774343156158996,0.0783598971015969,0.0261732215075736,0.204494435742926,0.221866812416867,0.256967000407573,0.254885704238726,0.318620826311166,0.102419882365945,0.019932137086374,854.986672516334,1.21072767831714,0.373394344983808,3155,0.384931506849315
"PfeilerEnquist",2013,10,39320.3612651161,2.38709677419355,347.664516080645,5.29032258064516,7.59677419354839,-3.85483870967742,1.87096774193548,470.967741935484,43.8012834939356,18.1993998394782,0.996994111552931,1.18768122618104,1.25408586900577,0.987331775537058,0.343806106069691,0.236003145338674,0.387336743605396,0.38325619166202,0.410529975481117,0.401831277323601,0.465197377139092,0.25163157442,799.628386985483,0.698965242074189,0.227997500138705,3155,0.384931506849315
"PfeilerEnquist",2013,11,35400.9598958367,3.1,289.493331143333,23.3333333333333,3.45,-7.38333333333333,-1.96666666666667,358.666666666667,24.6137314232688,0,-0.247738065046335,0.55475166101507,0.988766772487394,1.12770861541572,0.942617306869228,0.353432931626256,0.243756050751802,0.381663699385395,0.376473423003178,0.404190309845324,0.397113272858264,0.458230535072665,665.834661629666,0.528858160162336,0.170191493495669,3155,0.384931506849315
"PfeilerEnquist",2013,12,33592.31953128,3.4,286.2933314,81.4666666666667,-2.8,-14.5333333333333,-8.66666666666667,214.666666666667,12.9179025382018,0,0.302458011090901,-0.00376972707307578,0.59097861898386,0.982910152632505,1.13483525121753,0.951703812907535,0.368919953556955,0.274378332442909,0.412441175349641,0.399672529899982,0.424948542262983,0.415675827588125,658.47466222,0.317969965138284,0.103303298471617,3155,0.384931506849315
"PfeilerEnquist",2014,1,34593.4451864839,3.90322580645161,324.645161783871,237.032258064516,-1.14516129032258,-13.2903225806452,-7.21774193548387,224.516129032258,16.795609303939,0,-0.255411826979256,0.0511310518809076,-0.178895932859925,0.368432309726447,0.802635631748563,0.987108574321361,0.817161709393648,0.258060378172444,0.218254006466294,0.358121005351698,0.357640811236923,0.390356240508584,746.683872102903,0.35582249390366,0.131306364871402,3155,0.384931506849315
"PfeilerEnquist",2014,2,37892.5714285714,5.78571428571429,377.600000925,386.571428571429,-0.321428571428571,-10.7857142857143,-5.55357142857143,291.428571428571,22.0196464274927,0,0.340180224373983,0.136660031870474,0.262164650251498,0.118195488559632,0.485744794041989,0.788016649267866,0.978019015494713,0.839184977406414,0.32779261007201,0.28193488450331,0.406516474063671,0.405054694906411,868.4800021275,0.404204177954425,0.112775606525854,3155,0.384931506849315
"PfeilerEnquist",2014,3,42263.5355342742,4.12903225806452,555.870966267742,450.838709677419,3.70967741935484,-10.1451612903226,-3.21774193548387,287.741935483871,44.5517286193446,0,0.147322997967611,0.294629577650992,0.19181241729923,0.282505445939402,0.20950503195212,0.46382749270592,0.72159852913759,0.889478820124956,0.790581398357433,0.359243822977668,0.321709982725202,0.433731403270672,1278.50322241581,0.481968097685294,0.194226162201423,3155,0.384931506849315
"PfeilerEnquist",2014,4,46944.0000000033,2.23333333333333,567.680000303333,521.866666666667,6.1,-5.65,0.225,413.333333333333,61.477629502627,4.37966206686449,0.517231204974971,0.488410399775324,0.535749087904429,0.431333266860167,0.497180827901737,0.442090332730857,0.596454536048459,0.788175350693357,0.9260090622612,0.842609255117209,0.480340843501857,0.451974039131589,1305.66400069767,0.620834805857103,0.20750147252377,3155,0.384931506849315
"PfeilerEnquist",2014,5,50870.0903477806,3,612.33547973871,522.709677419355,11.2903225806452,-0.403225806451613,5.44354838709677,605.161290322581,92.5253852357744,51.4002709634445,0.66353128416077,0.628163948555461,0.599075262723266,0.6369060288058,0.555819642010045,0.617398512292231,0.565075450357927,0.682664334504977,0.844321492237239,0.950331417413857,0.885194019873411,0.575983878445035,1408.37160339903,0.899178522513859,0.294017232191278,3155,0.384931506849315
"PfeilerEnquist",2014,6,52796.16041664,0,710.506663006667,430.533333333333,17.55,3.51666666666667,10.5333333333333,648,125.039089286477,83.8714695319251,0.332352890842994,0.568179885704499,0.587288853772003,0.563733059163923,0.594153481168568,0.531937464278053,0.600167681481756,0.556130094084244,0.658408027609637,0.794721854750997,0.904267112431022,0.860045905498859,1634.16532491533,1.271617774069,0.623617774068998,3155,0.384931506849315
"PfeilerEnquist",2014,7,51940.3355594774,1,632.567748035484,280.258064516129,21.3548387096774,7.40322580645161,14.3790322580645,655.483870967742,142.224881099577,107.495733066211,-0.218674644385436,0.0587169649712815,0.303648794496928,0.369090623553402,0.390307536751175,0.429225834486143,0.379083190577285,0.441826359685352,0.398687951509907,0.516683118153568,0.658568120519238,0.763731047894008,1454.90582048161,1.63721763667199,0.981733765704246,3155,0.384931506849315
"PfeilerEnquist",2014,8,48495.4838709677,3.19354838709677,498.890317858065,113.41935483871,17.758064516129,5.74193548387097,11.75,656.774193548387,108.858730713864,87.0192900256453,1.65699866961788,0.791370254031742,0.783620836965614,0.817979997938296,0.770667739610171,0.708005613225748,0.722007979035776,0.655586456101951,0.732363021051795,0.675048903974278,0.77726638514404,0.932321901161465,1147.44773107355,1.37860412995906,0.72182993641067,3155,0.384931506849315
"PfeilerEnquist",2014,9,43983.3600260433,3.8,418.02666829,5.6,16.4,4.13333333333333,10.2666666666667,780,83.4116995828159,69.238041605062,0.30085714039289,1.28154434230986,0.73825686061135,0.765337225870668,0.828834090564865,0.789302684393329,0.725709466437566,0.738200189640386,0.66968772818289,0.732776841937326,0.681004928919625,0.781804481695012,961.461337067,1.24917079499132,0.469170794991316,3155,0.384931506849315
"PfeilerEnquist",2014,10,39320.3612651161,1,350.348388674194,0,11.4193548387097,-0.693548387096774,5.36290322580645,584.516129032258,53.045054178769,39.602761281513,-1.07032824663407,-0.291995905839237,0.757280858525335,0.42077223963478,0.460543479971642,0.533407915561073,0.5485435809959,0.532553617660306,0.564779342675456,0.51005181182027,0.569141790704371,0.527666606656776,805.801293950646,0.894152011450331,0.309635882418073,3155,0.384931506849315
"PfeilerEnquist",2014,11,35400.9598958367,3.76666666666667,291.519999696667,37.7333333333333,3.03333333333333,-8.88333333333333,-2.925,333.333333333333,24.2526064506454,0,-0.0217565514194929,-0.805040997948405,-0.225189234685878,0.741504126283617,0.478244103562981,0.506973948298918,0.558355202816774,0.567702193302986,0.548395235451204,0.578910567317835,0.527336742449901,0.582139156305267,670.495999302334,0.492595780274894,0.159262446941561,3155,0.384931506849315
"PfeilerEnquist",2014,12,33592.31953128,3.3,258.773335266667,116.8,-0.216666666666667,-11.0166666666667,-5.61666666666667,281.333333333333,16.5321750612585,0,-0.789459196244381,-0.463773241510048,-1.03426246907994,-0.523217375427027,0.474619977727675,0.294373722040194,0.356075407002349,0.431982071014734,0.464547980172012,0.458659993036117,0.496411648624697,0.44740966154707,595.178671113334,0.402268258917974,0.120934925584641,3155,0.384931506849315
"PfeilerEnquist",2015,1,34593.4451864839,1.25806451612903,336.929033345161,236.774193548387,1.24193548387097,-11.258064516129,-5.00806451612903,272.258064516129,20.5971455942796,0,-1.82986298900392,-1.60338868354867,-1.28620723320989,-1.51863041953617,-1.14828003995523,-0.146462695357063,-0.162837393780875,-0.0324296537018742,0.117642135166608,0.193681723007042,0.228894059504646,0.286593137714743,774.93677669387,0.421290259960992,0.149032195444863,3155,0.384931506849315
"PfeilerEnquist",2015,2,37892.5714285714,2.75,415.428572514286,267.142857142857,2.48214285714286,-9.60714285714286,-3.5625,302.857142857143,27.5156737108415,0,-1.86026328577443,-3.03395404699697,-2.31725609770977,-1.87208851081656,-1.89017063224101,-1.48033631329122,-0.577290013354737,-0.470867537822121,-0.292383081389069,-0.110028581803554,-0.00572276149592683,0.0546985566444937,955.485716782858,0.469713584329212,0.166856441472069,3155,0.384931506849315
"PfeilerEnquist",2015,3,42263.5355342742,2.32258064516129,550.916130803226,366.967741935484,6.75806451612903,-6.95161290322581,-0.0967741935483871,376.774193548387,53.8028237539573,0,-1.36274108411999,-2.03047090156584,-2.53499072227355,-2.27301209570013,-2.17451607857307,-2.08296584226536,-1.7695696549111,-1.03023076608657,-0.835562668381902,-0.610840812397047,-0.370863221939479,-0.236650290169756,1267.10710084742,0.606499949509943,0.229725755961556,3155,0.384931506849315
"PfeilerEnquist",2015,4,46944.0000000033,2.16666666666667,589.97333679,373.466666666667,7.86666666666667,-4.55,1.65833333333333,418.666666666667,68.2230382902764,19.1400877715375,-0.329374087956617,-1.07185904563754,-1.62200667757094,-2.04859482582733,-1.90063843143377,-1.83520937336256,-1.83104607195748,-1.62232614565468,-0.97252972742024,-0.822128363265239,-0.61733939583907,-0.372371572222375,1356.938674617,0.688405163566493,0.269738496899825,3155,0.384931506849315
"PfeilerEnquist",2015,5,50870.0903477806,5.12903225806452,542.554844022581,348.129032258065,9.75806451612903,-0.870967741935484,4.44354838709677,567.741935483871,84.4182308247887,44.2465082647951,1.434239359707,0.814061297577249,0.265778519113631,-0.0474654774593219,-0.379367638417249,-0.478894860137496,-0.468131153273062,-0.651688164434064,-0.619119608300418,-0.166831737684111,-0.210008066993071,-0.0784180065963257,1247.87614125194,0.838580939659988,0.270839004176117,3155,0.384931506849315
"PfeilerEnquist",2015,6,52796.16041664,1.6,656.426664226667,252.666666666667,18.85,4.93333333333333,11.8916666666667,812,130.487797026506,91.7292390895167,-0.13377571743468,0.985842726621681,0.568063971593642,0.141419957998888,-0.109418544587484,-0.365047258932728,-0.433906692605856,-0.417252346838629,-0.569024836318958,-0.552719905857069,-0.178060665896827,-0.22479806903539,1509.78132772133,1.39156228117076,0.579562281170764,3155,0.384931506849315
"PfeilerEnquist",2015,7,51940.3355594774,4.06451612903226,466.477419945161,97.2903225806452,17.9193548387097,6.03225806451613,11.9758064516129,934.193548387097,121.476374906334,93.9179354252997,2.47772099474445,1.63907892398537,1.87153316685356,1.29740342613221,0.783746251692326,0.543880655654106,0.301840469612725,0.250504417482436,0.243887331773619,0.0773295862482955,0.0857186095829005,0.410247415889755,1072.89806587387,1.39930912705543,0.465115578668331,3155,0.384931506849315
"PfeilerEnquist",2015,8,48495.4838709677,3.19354838709677,435.922580348387,1.03225806451613,18.9193548387097,6.19354838709677,12.5564516129032,950.967741935484,115.084583783428,91.3905364138873,0.888713813432615,2.02074222636867,1.7510614888656,2.21706363853268,1.49756752597203,0.907858261193697,0.648390371482495,0.399564924957356,0.35424239687495,0.339496130665323,0.168728056489462,0.182803108482365,1002.62193480129,1.45381237939805,0.502844637462565,3155,0.384931506849315
"PfeilerEnquist",2015,9,43983.3600260433,2.8,389.973335776667,0,16.7,4.2,10.45,828,84.7512886289728,70.1488054088077,-0.0712009209804051,0.556235808627282,1.51494749948852,1.34950782403266,1.95334307668381,1.41460264640825,0.850952187601747,0.594646431457955,0.349700637569505,0.302444865662722,0.295776901694507,0.138633178875418,896.938672286334,1.26456522404499,0.436565224044992,3155,0.384931506849315
"PfeilerEnquist",2015,10,39320.3612651161,2.12903225806452,313.393547796774,0.903225806451613,11.3064516129032,-0.0645161290322581,5.62096774193548,619.354838709677,51.9674408657534,41.0011325808587,-0.608789161554678,-0.309057749010185,0.260431482499521,1.26542806499424,1.10296286528292,1.7302165934009,1.24380242582559,0.7252923816285,0.48994483621935,0.258474749429851,0.214275673969021,0.213150576677744,720.80515993258,0.910324862503401,0.290970023793724,3155,0.384931506849315
"PfeilerEnquist",2015,11,35400.9598958367,2.53333333333333,299.093333436667,48.1333333333333,2.3,-9.35,-3.525,310.666666666667,23.012464363551,0,-0.0202404082516116,-0.519640896979189,-0.238151598860336,0.296463946821703,1.22575208095474,1.07490183383205,1.56923699131731,1.18896165468109,0.728397357113543,0.508422254195642,0.287531105668977,0.248227954111084,687.914666904334,0.471032976143924,0.160366309477257,3155,0.384931506849315
"PfeilerEnquist",2015,12,33592.31953128,4.53333333333333,264.213333126667,123.066666666667,-2.11666666666667,-13.55,-7.83333333333333,236,13.915164904021,0,0.341830701393168,0.19980828685592,-0.369716007538153,-0.179240316221495,0.29478900438101,1.2518690908502,1.09990327148624,1.60627298807132,1.2209035133511,0.752978962691928,0.532162642293656,0.310447198353648,607.690666191334,0.339276496440225,0.103276496440225,3155,0.384931506849315
"PfeilerEnquist",2016,1,34593.4451864839,2.64516129032258,318.967743170968,183.483870967742,-1.88709677419355,-14.5806451612903,-8.23387096774194,205.161290322581,15.5218516362447,0,-0.25149164818325,0.0751975712774983,-0.0214091339218102,-0.418329216684086,-0.336033793661441,0.138008454280581,1.13427582898612,0.982648278113142,1.44727718902189,1.1117419118736,0.694997768835793,0.494025065210952,733.625809293226,0.328882021118744,0.123720730796163,3155,0.384931506849315
"PfeilerEnquist",2016,2,37968.3310883621,1.79310344827586,467.751728975862,287.862068965517,1.96551724137931,-11.8103448275862,-4.92241379310345,267.586206896552,26.5668431461406,0,-1.86236166810079,-1.45035068158643,-0.837607372938828,-0.694547739966763,-0.879003536504186,-0.794765944745669,-0.314208772087959,0.790951995698403,0.668305329260278,1.09270777031561,0.830590259204437,0.491929571146601,1075.82897664448,0.424030500391625,0.156444293495073,3155,0.384931506849315
"PfeilerEnquist",2016,3,42419.6129032258,2.29032258064516,509.832257670968,325.161290322581,3.74193548387097,-8.64516129032258,-2.45161290322581,327.741935483871,44.3390671416217,0,-0.0666653073356539,-0.841801437003194,-0.736009158186466,-0.532905787720676,-0.492132010010208,-0.66671748818935,-0.683920220716541,-0.291947315140762,0.685471729022048,0.605705641626342,0.970755821587909,0.759711598130773,1172.61419264323,0.51022247326474,0.182480537780869,3155,0.384931506849315
"PfeilerEnquist",2016,4,47082.2399739633,3.06666666666667,541.2266688,358.133333333333,7.28333333333333,-4.53333333333333,1.375,432,65.5851885827579,16.6673179934939,0.128456588379869,0.129030533972873,-0.392824472834864,-0.383434615588821,-0.251706640244455,-0.233471186247366,-0.40020749093392,-0.467561355792764,-0.15716730930579,0.64950664085995,0.594260035577826,0.922369639202213,1244.82133824,0.674553726476859,0.242553726476859,3155,0.384931506849315
"PfeilerEnquist",2016,5,50981.5742187484,2.61290322580645,638.141936270968,327.741935483871,10.9677419354839,-0.935483870967742,5.01612903225806,527.741935483871,91.6346267448279,48.3887498126376,0.707480607680757,0.470263562787747,0.412286090337746,0.104540680944894,0.0596128540113725,0.121500773960485,0.115218151153829,-0.0261441050610923,-0.10259181768746,0.0953921916381386,0.728414360187372,0.691201253525447,1467.72645342323,0.872819926448423,0.345077990964552,3155,0.384931506849315
"PfeilerEnquist",2016,6,52807.68046872,0.266666666666667,672.000002033333,222.933333333333,20.05,5.31666666666667,12.6833333333333,744,137.841716536858,96.1998666299379,-1.05945157793313,-0.234620084094879,-0.127548492487603,-0.0714227723027241,-0.319913820234998,-0.328028902679885,-0.258091148022196,-0.246325037697789,-0.340067305004089,-0.40584963731402,-0.224355426511901,0.382957590692414,1545.60000467667,1.46596799839615,0.721967998396147,3155,0.384931506849315
"PfeilerEnquist",2016,7,51862.2968750032,1.7741935483871,519.948387883871,65.1612903225806,20.5161290322581,7.12903225806452,13.8225806451613,882.58064516129,136.908654231206,104.408453989998,0.487187237700041,-0.415273009584733,-0.000830171089993227,0.00327257786097757,0.031009535353709,-0.181046160560695,-0.201466544417832,-0.142740967947685,-0.134805694497931,-0.220366995270668,-0.276285690772492,-0.124954128164875,1195.8812921329,1.57917938079549,0.696598735634204,3155,0.384931506849315
"PfeilerEnquist",2016,8,48361.703125,2.67741935483871,416.929028912903,0,17.5645161290323,5.24193548387097,11.4032258064516,784.516129032258,108.944459955159,85.115686874548,1.58937492293806,1.19824467256818,0.308870370945688,0.470954746311037,0.370327672876643,0.33053255837627,0.108148239462394,0.0753908780799126,0.136778864019927,0.129917330232766,0.0317867610818457,-0.0185923189292945,958.936766499677,1.34733213259531,0.562816003563053,3155,0.384931506849315
"PfeilerEnquist",2016,9,43822.0800781267,1.26666666666667,401.173332723333,0,15.4,2.7,9.05,736,81.1930773438477,63.0808851466784,0.251914736107453,1.21105843198873,1.0181095213051,0.375991956663158,0.493718279072659,0.382430306141463,0.336462579862665,0.124083157117366,0.0897609889180619,0.152439222971745,0.151511088480547,0.0600866379751687,922.698665263666,1.15112644737494,0.415126447374942,3155,0.384931506849315
"PfeilerEnquist",2016,10,39175.4322076581,0.612903225806452,330.219353951613,0,11.3870967741935,-0.274193548387097,5.55645161290323,610.322580645161,52.4817065783646,40.6531438822226,-1.03396592346886,-0.309767150126664,0.703030009285219,0.698214152834243,0.111143966677093,0.22689602003088,0.169286360597169,0.163096817841543,-0.0243939484221884,-0.0515446013463855,0.0130165979156291,0.0187814726233896,759.50451408871,0.906257597812773,0.295935017167612,3155,0.384931506849315
"PfeilerEnquist",2016,11,35297.2799479167,1.76666666666667,280.853333036667,7.86666666666667,5.53333333333333,-6.05,-0.258333333333333,416,28.1975698146913,0,-1.19840757156544,-1.43958044925166,-0.877507925063478,0.271264931162436,0.449066677821456,-0.093881822458743,0.0355648817568337,0.00865638191951776,0.0191406743887949,-0.15338206122289,-0.174194285037273,-0.103667391336193,645.962665984334,0.599413896578361,0.183413896578361,3155,0.384931506849315
"PfeilerEnquist",2016,12,33580.7994792,6.3,250.773333746667,103.866666666667,-1.86666666666667,-12.6166666666667,-7.24166666666667,256,14.2939280622718,0,0.729644957758429,-0.58080921616684,-1.08519076885263,-0.601647056185643,0.371333216944423,0.524621594933693,-0.0026947604638927,0.127636314885727,0.0914069232198041,0.0898842349512327,-0.0862794798722144,-0.110891228957773,576.778667617334,0.355166269119961,0.0991662691199608,3155,0.384931506849315
"PfeilerEnquist",2017,1,34593.4451864839,10.0967741935484,297.703224919355,266.58064516129,-2.5,-12.4354838709677,-7.46774193548387,261.935483870968,14.832198470732,0,1.41826813670801,1.3328235371575,0.4520747394024,-0.256030524066768,-0.0387754386408679,0.767097089971457,0.764543152132285,0.257144773866828,0.393807653661831,0.323424119989466,0.295261498559291,0.118459947232731,684.717417314517,0.349018284158979,0.0870828002880111,3155,0.384931506849315
"PfeilerEnquist",2017,2,37892.5714285714,6.07142857142857,383.428571967857,367.428571428571,1.875,-8.53571428571429,-3.33035714285714,341.428571428571,25.9504067045071,0,-0.566398153050948,0.745481736641128,0.887834717273676,0.232463895196889,-0.311133679383971,-0.184796721370804,0.582200540058187,0.638795601388218,0.179645586074655,0.314476801854915,0.262326289801126,0.248934679550302,881.885715526071,0.477934290699473,0.136505719270902,3155,0.384931506849315
"PfeilerEnquist",2017,3,42263.5355342742,1.67741935483871,538.012904996774,439.096774193548,6.61290322580645,-5.91935483870968,0.346774193548387,420.645161290323,52.7294379764986,5.60605471957745,-1.3051727810167,-1.35178517945744,-0.342022041092055,-0.0758329880773216,-0.536190572257284,-0.840292324826884,-0.715761458940415,-0.00966213911030032,0.183255618058421,-0.166174009481322,0.0164050025322474,0.014592736376223,1237.42968149258,0.6263376412263,0.205692479935977,3155,0.384931506849315
"PfeilerEnquist",2017,4,46944.0000000033,2.33333333333333,602.026664226667,435.466666666667,7.55,-5.46666666666667,1.04166666666667,425.333333333333,67.6382113869067,13.578162104154,-0.229723913589811,-0.949978743380363,-1.00685159313788,-0.296348571843519,-0.0886104185785441,-0.441054402235126,-0.69317376745429,-0.635353842620479,-0.0498342049063924,0.11567754916949,-0.183148057670143,0.00878818932251056,1384.66132772133,0.658574555285237,0.233241221951904,3155,0.384931506849315
"PfeilerEnquist",2017,5,50870.0903477806,1.87096774193548,622.245158535484,419.354838709677,11.6935483870968,-0.693548387096774,5.5,556.129032258065,95.4610047399738,51.7933047271694,0.285658783056856,0.0232246218442443,-0.400673035621143,-0.468068306928565,-0.0845993226211128,0.0398423005631463,-0.217812652646971,-0.41593247186876,-0.405669310980348,0.0132423754871527,0.13067812734584,-0.123037037263614,1431.16386463161,0.902711926274084,0.346582894016019,3155,0.384931506849315
"PfeilerEnquist",2017,6,52796.16041664,0,712.21333618,322.933333333333,19.4666666666667,4.93333333333333,12.2,568,134.732256155561,93.4794200725839,-0.781959718305612,-0.345619267404117,-0.339140308427387,-0.615777279620563,-0.660761342991164,-0.345676722266642,-0.225357463743904,-0.423672858955391,-0.569209043314283,-0.562611351228597,-0.206572206117664,-0.0847277788336521,1638.090673214,1.42013649581703,0.852136495817034,3155,0.384931506849315
"PfeilerEnquist",2017,7,51940.3355594774,2.45161290322581,551.741937451613,165.41935483871,20.9354838709677,7.33870967741935,14.1370967741935,677.41935483871,139.348971645923,106.157350845877,0.277568033293106,-0.339398587091392,-0.172979057415931,-0.236738691328812,-0.473004949928859,-0.511493817781896,-0.269926214076455,-0.168840193074018,-0.334496531053105,-0.464100996036743,-0.461151738028969,-0.157542539091175,1269.00645613871,1.61175728957427,0.934337934735559,3155,0.384931506849315
"PfeilerEnquist",2017,8,48495.4838709677,1.35483870967742,483.922583793548,18.9677419354839,18.8225806451613,5.79032258064516,12.3064516129032,747.096774193548,115.502902260243,90.0435261452917,0.573271963892895,0.474166329250097,-0.11602507103357,-0.0792788603863602,-0.162932396724032,-0.400948769362215,-0.438007863973606,-0.217420617153114,-0.120819031243371,-0.283364256830598,-0.407244304579069,-0.401567097412046,1113.02194272516,1.43012090816581,0.68302413397226,3155,0.384931506849315
"PfeilerEnquist",2017,9,43983.3600260433,1.76666666666667,377.17333222,0,15.8333333333333,3.36666666666667,9.6,714.666666666667,82.0915750242268,65.8894748660788,0.189378187233013,0.497199674949884,0.461875593085503,-0.000674845701024065,-0.0388377056926202,-0.151634966361139,-0.39392346955263,-0.419066086209052,-0.206682717363891,-0.105703325220606,-0.256123566505854,-0.374532935571119,867.498664106,1.19457389141542,0.479907224748752,3155,0.384931506849315
"PfeilerEnquist",2017,10,39320.3612651161,1.35483870967742,373.677421325806,2.83870967741935,10.4354838709677,-2.59677419354839,3.91935483870968,517.41935483871,51.5922581669853,31.4176833961079,-0.692975082894964,-0.154046067203247,0.173907382033019,0.256302958649322,-0.155973710579795,-0.198945796419919,-0.276665707550859,-0.4865707965222,-0.501760382011295,-0.294905654249743,-0.191686640571019,-0.333838172882399,859.458069049354,0.808282721077446,0.290863366238736,3155,0.384931506849315
"PfeilerEnquist",2017,11,35400.9598958367,2.4,279.040000403333,17.8666666666667,6.55,-4.5,1.025,453.333333333333,29.5556267450208,10.2262855780833,-1.31719871905068,-1.34979952540283,-0.821453648519915,-0.325564119913466,-0.025998513562255,-0.385819422916001,-0.379154884110764,-0.428105438837159,-0.622436087028513,-0.63733997808811,-0.430786208754279,-0.320612725843569,641.792000927666,0.657784478612229,0.204451145278896,3155,0.384931506849315
"PfeilerEnquist",2017,12,33592.31953128,1.03333333333333,285.01333186,37.2,1.96666666666667,-10.5,-4.26666666666667,286.666666666667,19.7302207211084,0,-2.12474968171887,-2.09865050574901,-1.85452719838395,-1.51836095307287,-0.988407853011013,-0.504015591640023,-0.756389042846307,-0.663227457409306,-0.66375560469772,-0.828825308752709,-0.844009710415391,-0.642506353519304,655.530663278,0.445540500914208,0.158873834247541,3155,0.384931506849315
"PfeilerEnquist",2018,1,34593.4451864839,2,333.316126674194,195.096774193548,1.5,-12.0322580645161,-5.26612903225806,254.193548387097,20.9983962654038,0,-1.75203920269427,-2.36458372046694,-2.34352408769918,-2.14876312535861,-1.88606443426941,-1.43665048008853,-0.87370842649325,-1.0082147956438,-0.840211637583058,-0.816713178935203,-0.962596063073596,-0.980038166612681,766.627091350646,0.413128881319614,0.158935332932517,3155,0.384931506849315
"PfeilerEnquist",2018,2,37892.5714285714,3.89285714285714,367.542855946429,253.142857142857,-0.142857142857143,-11.5357142857143,-5.83928571428571,274.285714285714,22.4398285780358,0,-0.219356429738413,-1.42808022110929,-2.15637595255093,-2.49669908475301,-2.16548019177834,-1.75800044375036,-1.40472256957501,-0.868994859362828,-0.998225779266106,-0.820801829947663,-0.79527889163073,-0.943167810908,845.348568676787,0.395503452969892,0.121217738684178,3155,0.384931506849315
"PfeilerEnquist",2018,3,42263.5355342742,2.06451612903226,555.870969709677,320.774193548387,4.40322580645161,-9.25806451612903,-2.42741935483871,314.838709677419,46.6371156587727,0,-0.411063530755334,-0.399550401351976,-0.984942713030579,-1.56781988576586,-2.05959391356322,-1.89168119923419,-1.645079228411,-1.34691431194894,-0.904236632169003,-1.01528294509148,-0.820396903569683,-0.790833034824133,1278.50323033226,0.511138182355899,0.19629947267848,3155,0.384931506849315
"PfeilerEnquist",2018,4,46944.0000000033,2.7,592.640003456667,348.266666666667,8.2,-4.13333333333333,2.03333333333333,457.333333333333,69.3040879144654,22.249193752123,-0.402566997328268,-0.441789418756523,-0.424522320609662,-0.87520186214599,-1.34115141545004,-1.77645119052999,-1.6836103443191,-1.53136170207983,-1.28864100317849,-0.904813057738359,-1.01617879373266,-0.821217677467086,1363.07200795033,0.707125187857875,0.249791854524542,3155,0.384931506849315
"PfeilerEnquist",2018,5,50870.0903477806,0.451612903225806,665.083874116129,288.903225806452,14.6451612903226,1.33870967741935,7.99193548387097,572.903225806452,109.521750880689,68.249351003244,-1.34524012814195,-1.04923057554498,-0.982794962610067,-0.971789013222735,-1.25586658865237,-1.53518745785291,-1.78390739105462,-1.73735683583527,-1.64689774377967,-1.44848285608375,-1.14495274520565,-1.24274296535456,1529.6929104671,1.07144677132029,0.498543545513838,3155,0.384931506849315
"PfeilerEnquist",2018,6,52796.16041664,0.666666666666667,624.853336586667,168.266666666667,20.1,5.28333333333333,12.6916666666667,596,138.268779407523,96.2465303920401,-1.06196842588294,-1.36834981463445,-1.19194624779288,-1.14108032325952,-1.13256909451603,-1.33204211715094,-1.53206487098815,-1.70364760904446,-1.67408898016552,-1.59414729478481,-1.47140629932023,-1.23103508530714,1437.16267414933,1.46676947436668,0.870769474366682,3155,0.384931506849315
"PfeilerEnquist",2018,7,51940.3355594774,1.70967741935484,527.587101103226,26.9677419354839,22.8709677419355,7.41935483870968,15.1451612903226,500.645161290323,153.23886941234,111.695731387778,-1.19556361771325,-1.36987823920119,-1.45463282181374,-1.32490278742422,-1.30035288592495,-1.29963420898763,-1.44456499166729,-1.5761186017249,-1.67770283213382,-1.68076347158267,-1.63698526831802,-1.53486252469329,1213.45033253742,1.72018868623162,1.2195435249413,3155,0.384931506849315
"PfeilerEnquist",2018,8,48495.4838709677,1.58064516129032,431.896774293548,0,20.5322580645161,6.25806451612903,13.3951612903226,647.741935483871,125.252532401736,95.8593781967416,-0.809798551328764,-1.17946096828157,-1.35556235214812,-1.45129626269563,-1.36024447111155,-1.3468697770942,-1.34865679505835,-1.46491469499004,-1.56997161888239,-1.64603761015152,-1.64715218361887,-1.61535167600341,993.36258087516,1.53583516615668,0.888093230672811,3155,0.384931506849315
"PfeilerEnquist",2018,9,43983.3600260433,1.16666666666667,415.57333374,0,17.75,3.98333333333333,10.8666666666667,738.666666666667,90.2535818663149,72.2033517055098,-1.21715652008725,-1.27412337975942,-1.35714105899032,-1.50249455420416,-1.56530644618043,-1.47208576578129,-1.46778885665269,-1.47367962835714,-1.57434915749615,-1.65764521415942,-1.73168579934209,-1.73626981273164,955.818667602,1.30017571100116,0.561509044334496,3155,0.384931506849315
"PfeilerEnquist",2018,10,39320.3612651161,4.16129032258065,290.787094370968,0.387096774193548,8.03225806451613,-2.19354838709677,2.91935483870968,543.225806451613,43.5966172954379,25.2766686503493,1.2859024491875,0.0903162923220892,-0.487135040795843,-0.944466660764146,-1.20923987658157,-1.39546320640565,-1.32640875548492,-1.31624117628075,-1.31308599055863,-1.42761031746041,-1.52507002464262,-1.6113255210536,668.810317053226,0.753158043988538,0.209932237536925,3155,0.384931506849315
"PfeilerEnquist",2018,11,35400.9598958367,2.66666666666667,302.93333333,35.8666666666667,1.38333333333333,-10.1666666666667,-4.39166666666667,292,21.5223574265031,0,0.34508451392174,1.23207942925419,0.238739151538581,-0.256399210576986,-0.80018326702453,-1.11787800720187,-1.34291642134798,-1.2767630191028,-1.26585398386259,-1.26129476004592,-1.38517715311257,-1.49314116093901,696.746666659,0.441366944849041,0.149366944849041,3155,0.384931506849315
"PfeilerEnquist",2018,12,33592.31953128,2.43333333333333,278.93333333,119.466666666667,-1.41666666666667,-14.25,-7.83333333333333,213.333333333333,14.7425178441267,0,-0.523384186744462,-0.0269221955828392,0.845923375002191,-0.00125023442802969,-0.448222613002775,-0.891946774268577,-1.16968326938693,-1.37702556598977,-1.31047116876185,-1.29588273064068,-1.29308583474668,-1.41273089685733,641.546666659,0.339276496440225,0.125943163106892,3155,0.384931506849315
"PfeilerEnquist",2019,1,34593.4451864839,3.58064516129032,335.587098645161,276.774193548387,-1.37096774193548,-13.9677419354839,-7.66935483870968,216.774193548387,16.3750467327311,0,-0.230955081965877,-0.388155664427504,-0.183558273904203,0.583982384853308,-0.165738113780528,-0.559314457411505,-0.929015352700609,-1.15044893982368,-1.34247770547057,-1.28625444571926,-1.27303389553285,-1.27197000783489,771.85032688387,0.343615628790572,0.126841435242185,3155,0.384931506849315
"PfeilerEnquist",2019,2,37892.5714285714,5.17857142857143,387.771432057143,393.142857142857,-2.39285714285714,-14.1607142857143,-8.27678571428571,218.571428571429,18.1584319726294,0,0.993761221022477,0.604874950921124,0.326937698174371,0.43778851533121,0.879291550107824,0.198733111600379,-0.177447235395255,-0.670846069443773,-0.944739582745918,-1.19776615257889,-1.1548528073911,-1.14261252385053,891.874293731429,0.32778532125231,0.109213892680881,3155,0.384931506849315
"PfeilerEnquist",2019,3,42263.5355342742,7.09677419354839,508.593549177419,503.741935483871,3.40322580645161,-8.7741935483871,-2.68548387096774,326.451612903226,43.2923261861455,0,0.659230827125092,0.933834324065661,0.7330516587093,0.619504670445696,0.704789054552601,0.974562141168185,0.472144146440921,0.144135503022769,-0.384544714335343,-0.667839471376605,-0.972924217171217,-0.955931972322189,1169.76516310806,0.501445438348713,0.174993825445487,3155,0.384931506849315
"PfeilerEnquist",2019,4,46944.0000000033,3.5,554.026668293333,531.333333333333,8,-3.46666666666667,2.26666666666667,488,67.6109031166799,24.107298587475,-0.0737562465889093,0.444583625254858,0.677283175515942,0.564658494578099,0.493302369292752,0.564796409243976,0.778286243729679,0.395195862072595,0.133247040832067,-0.342299589050587,-0.604664851653216,-0.906010315133926,1274.26133707467,0.718999497311715,0.230999497311715,3155,0.384931506849315
"PfeilerEnquist",2019,5,50870.0903477806,3.74193548387097,611.716128441935,496.645161290323,9.56451612903226,-2.66129032258065,3.45161290322581,510.967741935484,86.4999725210704,36.7178433640659,1.20056098598322,0.732649381831676,0.836539224366865,0.951870665183834,0.85806041010416,0.844961916080649,0.878242524541235,1.01769598124852,0.756798636405766,0.535150213157173,0.0830112828235682,-0.169060596697575,1406.94709541645,0.782069386088458,0.271101644152974,3155,0.384931506849315
"PfeilerEnquist",2019,6,52796.16041664,1.23333333333333,661.43999939,421.466666666667,16.1833333333333,2.98333333333333,9.58333333333333,716,117.203610090468,78.2178549195215,1.40897517241887,1.55921727963865,1.06172255759796,1.0537524771587,1.12308334232006,1.036051227834,1.05110362514587,1.06917924662808,1.17416689521008,0.963610460743193,0.795900678812933,0.384873271333406,1521.311998597,1.19323635897325,0.477236358973249,3155,0.384931506849315
"PfeilerEnquist",2019,7,51940.3355594774,0.709677419354839,645.883878641935,280.258064516129,21.0967741935484,6.88709677419355,13.991935483871,876.129032258065,141.807587664352,105.351446546073,-0.204675239352368,0.790600045465176,1.14638776636577,0.815483243688362,0.875436041267115,0.964854197312908,0.891822767852774,0.897720647534719,0.911431941846569,1.04222301068819,0.830010174720671,0.658977256273585,1485.53292087645,1.59664866839038,0.720519636132312,3155,0.384931506849315
"PfeilerEnquist",2019,8,48495.4838709677,1.19354838709677,551.329027732258,107.483870967742,20.8709677419355,6.91935483870968,13.8951612903226,735.483870967742,125.813911461607,98.4885600919601,-0.936430227613845,-0.602814499574874,0.134653370673807,0.657042226788323,0.448682333258161,0.588288646249256,0.710590488296322,0.647612496654508,0.640608250737347,0.663133222078881,0.819634820004888,0.581735839356888,1268.05676378419,1.5866455385137,0.85116166754596,3155,0.384931506849315
"PfeilerEnquist",2019,9,43983.3600260433,0.566666666666667,422.293333943333,1.86666666666667,17.8166666666667,4.11666666666667,10.9666666666667,622.666666666667,90.3488598136933,72.6933528550339,-1.32194091016453,-1.41696257357012,-0.92194178555827,-0.271089670849349,0.200571514504788,0.0839550738069184,0.26974016460531,0.419337287442506,0.371600201305384,0.351101991626069,0.387877543942646,0.557665696615942,971.274668069666,1.30885252556016,0.686185858893493,3155,0.384931506849315
"PfeilerEnquist",2019,10,39320.3612651161,1.70967741935484,366.761290519355,14.1935483870968,7.88709677419355,-6.45161290322581,0.717741935483871,330.322580645161,46.1392832874267,8.97087238718333,0.485311279226536,-0.630297838571037,-1.08221159863444,-0.74695485193451,-0.135133225643077,0.277661939774391,0.15254518506106,0.333997466935235,0.479022697064757,0.431154095275701,0.412452575422316,0.448095865951887,843.550968194516,0.64336875794579,0.313046177300629,3155,0.384931506849315
"PfeilerEnquist",2019,11,35400.9598958367,1.56666666666667,306.56000239,51.2,4.83333333333333,-7.75,-1.45833333333333,341.333333333333,27.3790419770987,0,-1.09272663397269,-0.509497363917418,-1.07707624942095,-1.43793112047539,-0.977910226944413,-0.303473757868073,0.106089872977056,0.0140980482293459,0.19965216853983,0.349134149500817,0.310093149660633,0.295016813974458,705.088005497,0.549038906385633,0.2077055730523,3155,0.384931506849315
"PfeilerEnquist",2019,12,33592.31953128,4.3,288.640000916667,158.666666666667,-1.2,-13.3,-7.25,236,15.1529481057097,0,-0.0914746231441661,-0.935301558283857,-0.536181073573539,-1.02964402983583,-1.33776745741926,-0.978887435395575,-0.336881138952521,0.0832121756826658,0.000246481882065165,0.18405381004955,0.333026124205276,0.293524765964362,663.872002108334,0.354937949477796,0.118937949477796,3155,0.384931506849315
"Road",1980,1,34615.741809471,6.16129032258065,304.516130758064,202.064516129032,-1.90322580645161,-16.3064516129032,-9.10483870967742,197.41935483871,15.0665608956419,0,1.10926558258574,NA,NA,NA,NA,NA,NA,NA,NA,NA,NA,NA,700.387100743547,0.307251938972713,0.109832584134003,2815,0.50958904109589
"Road",1980,2,37980.2483836207,4.96551724137931,448.993107762069,357.241379310345,-0.689655172413793,-18.7586206896552,-9.72413793103448,157.241379310345,19.114098341101,0,1.44999609846454,1.43713696733537,NA,NA,NA,NA,NA,NA,NA,NA,NA,NA,1032.68414785276,0.292652175120497,0.135410795810152,2815,0.50958904109589
"Road",1980,3,42430.7612147194,3.25806451612903,542.658063335484,512.903225806452,0.370967741935484,-17.241935483871,-8.43548387096774,167.741935483871,32.2905419727951,0,2.29206405668056,2.07175785766638,1.89333279126952,NA,NA,NA,NA,NA,NA,NA,NA,NA,1248.11354567161,0.323757966914336,0.156016031430465,2815,0.50958904109589
"Road",1980,4,47070.7200520867,1.5,613.653336586667,577.333333333333,4.96666666666667,-12.0833333333333,-3.55833333333333,266.666666666667,58.537993391246,0,1.65626326146363,2.01823822404935,1.97866304941724,1.90721281766264,NA,NA,NA,NA,NA,NA,NA,NA,1411.40267414933,0.469860021090467,0.2031933544238,2815,0.50958904109589
"Road",1980,5,50948.1291582613,2.45161290322581,608.929031864516,563.870967741935,10.741935483871,-3.29032258064516,3.7258064516129,458.064516129032,93.8748786239485,34.0117108786403,1.53941309287994,1.79166197504284,2.02609950260706,2.02231308199247,1.99602650463504,NA,NA,NA,NA,NA,NA,NA,1400.53677328839,0.797343003205655,0.339278487076623,2815,0.50958904109589
"Road",1980,6,52807.68046872,0,763.840004473333,515.866666666667,20.5333333333333,0.183333333333333,10.3583333333333,377.333333333333,149.635253499976,77.3041658650816,-0.415636158103044,0.848792211853251,1.26872158727971,1.62928139708652,1.70890310747525,1.72259457262401,NA,NA,NA,NA,NA,NA,1756.83201028867,1.25684724249749,0.879513909164161,2815,0.50958904109589
"Road",1980,7,51851.1485635097,0.903225806451613,674.06451416129,410.838709677419,23,3.41935483870968,13.2096774193548,383.225806451613,162.372552173065,95.6679951618148,-0.425305806102489,-0.518824325498756,0.459583242860997,0.933321514465712,1.40816832781354,1.54060380956863,1.58609620556153,NA,NA,NA,NA,NA,1550.34838257097,1.51735323902798,1.13412743257636,2815,0.50958904109589
"Road",1980,8,48361.703125,0.67741935483871,650.838709677419,288.903225806452,21.2903225806452,2.29032258064516,11.7903225806452,277.41935483871,137.117187407703,82.0842743604445,-0.297074320275278,-0.457454703301614,-0.598399813799661,0.246732387329867,0.760961212852025,1.31098585409931,1.47558140904851,1.53661276558984,NA,NA,NA,NA,1496.92903225806,1.38228155005882,1.10486219522011,2815,0.50958904109589
"Road",1980,9,43822.0800781267,0.766666666666667,573.54666392,202.133333333333,18.8166666666667,-0.716666666666667,9.05,289.333333333333,100.776315468122,58.3921557807284,-1.01729869089327,-0.890488641307167,-0.742052841709447,-0.813676373000548,-0.0422976533835952,0.484496023623656,1.06134816029521,1.24266366545534,1.31684685338043,NA,NA,NA,1319.157327016,1.15112644737494,0.861793114041609,2815,0.50958904109589
"Road",1980,10,39175.4322076581,1.29032258064516,437.470967448387,177.032258064516,11.3709677419355,-8,1.68548387096774,238.709677419355,56.5162027811718,14.045365200528,-0.133325184932282,-0.767370820540863,-0.816388542951106,-0.728572574076629,-0.790558308851974,-0.0821258552539407,0.432510477723485,1.00263752834395,1.17074788605228,1.25140915818014,NA,NA,1006.18322513129,0.689745622250365,0.45103594483101,2815,0.50958904109589
"Road",1980,11,35308.7998697933,0.766666666666667,360.746666973333,188.133333333333,5.96666666666667,-11.55,-2.79166666666667,258.666666666667,29.7359356173075,0,-0.982596910604192,-0.788400289313754,-1.12663492425693,-1.16774390812552,-0.980595237381824,-0.963358500872097,-0.225160960925255,0.288060673132295,0.840250117016479,1.00839368479528,1.09117399200843,NA,829.717334038666,0.497504915960391,0.238838249293724,2815,0.50958904109589
"Road",1980,12,33580.7994792,0.9,330.880002336667,212.533333333333,3.26666666666667,-14.2333333333333,-5.48333333333333,218.666666666667,21.3341851183686,0,-2.17382767190529,-1.80047579714095,-1.49861129214669,-1.75329078866044,-1.70076003425667,-1.42838329963675,-1.29133665874589,-0.52951456377034,0.00586522406396703,0.565920103790056,0.754158550436083,0.852178021022022,761.024005374334,0.40636899893939,0.187702332272723,2815,0.50958904109589
"Road",1981,1,34615.741809471,0.225806451612903,334.761286093548,108.516129032258,1.04838709677419,-18.5967741935484,-8.7741935483871,149.677419354839,18.2650312647351,0,-1.3576159967652,-2.00730512970977,-1.97780933884916,-1.73335389334308,-1.9021521076495,-1.90749944557389,-1.58332757809428,-1.40732274598671,-0.669515274649775,-0.136109662868578,0.412241561873479,0.606060780066592,769.95095801516,0.315309405143763,0.165631985788924,2815,0.50958904109589
"Road",1981,2,37904.9143415179,0.464285714285714,418.628572735714,121.714285714286,0.982142857142857,-17.9285714285714,-8.47321428571429,165.714285714286,22.5831356964368,0,-0.537818656624481,-1.17341853152453,-1.78667996836874,-1.95224901222894,-1.6903970671588,-1.80659849657622,-1.90763434793144,-1.62555448576337,-1.46145366226633,-0.686708115142733,-0.161096377956254,0.367006521276438,962.845717292142,0.322806972206916,0.15709268649263,2815,0.50958904109589
"Road",1981,3,42274.6838457677,1.64516129032258,470.709672990323,153.935483870968,2.85483870967742,-12.9838709677419,-5.06451612903226,220.645161290323,41.6437535144877,0,0.854887693414312,0.486024434453838,-0.0181102955432817,-0.672198207650909,-1.01976198372471,-0.941997677626501,-1.25661387478177,-1.31349557286154,-1.19455608574014,-1.13944228017015,-0.417591213740383,0.0677243311882913,1082.63224787774,0.4194928114466,0.198847650156277,2815,0.50958904109589
"Road",1981,4,46932.4800781267,0.6,614.613334146667,188.4,10.5833333333333,-6.71666666666667,1.93333333333333,229.333333333333,81.7030607859862,18.0155592623339,-1.15054979571677,-0.233553662497318,-0.314528072129249,-0.593345719887223,-1.02529194650195,-1.25915206465467,-1.1545557969365,-1.41322292091013,-1.47608465042529,-1.35750201650727,-1.32338100157454,-0.62156153409588,1413.61066853733,0.702089605260173,0.47275627192684,2815,0.50958904109589
"Road",1981,5,50847.7935987871,2.06451612903226,526.554838119355,160.129032258065,11.741935483871,-1.7741935483871,4.98387096774194,396.129032258065,97.5168923678317,42.9350258745543,1.26724526180963,0.2936138184348,0.570056632886559,0.476034601801913,0.232798105083204,-0.103062419543872,-0.317303666325049,-0.332846335912437,-0.636367792879344,-0.723261952922848,-0.763716648864801,-0.776858465122812,1211.07612767452,0.870858614454541,0.474729582196476,2815,0.50958904109589
"Road",1981,6,52784.6404947633,0.533333333333333,652.373335773333,80.2666666666667,21.05,1.85,11.45,362.666666666667,150.980637910477,83.762938995507,-0.497667499995917,0.537409557313567,-0.043990860773848,0.235213282903557,0.166833891072167,-0.0181202859931328,-0.266667527397388,-0.42518672323423,-0.43432318908191,-0.679451501739344,-0.758545894676994,-0.803027008955121,1500.45867227867,1.35151343762083,0.988846770954165,2815,0.50958904109589
"Road",1981,7,51929.1872479839,2.7741935483871,445.729031470968,2.06451612903226,22.1451612903226,4.90322580645161,13.5241935483871,692.903225806452,153.912813291367,97.4878702218111,0.76974651613865,0.141865839091231,0.732059851090572,0.185169627751911,0.401135861173634,0.329892007782065,0.148194196477761,-0.0777203741050377,-0.21057623073163,-0.220160813950201,-0.454576936924514,-0.537435320940761,1025.17677238323,1.54880861873904,0.855905392932589,2815,0.50958904109589
"Road",1981,8,48495.4838709677,1.19354838709677,460.077421125806,0,21.2903225806452,2.93548387096774,12.1129032258065,650.322580645161,136.238310213288,83.8779583402166,-0.0802708674363761,0.462651962953931,0.00837136611413535,0.577098732691591,0.0838500380937137,0.291631826354183,0.225278091951244,0.0528035368706906,-0.163955807777049,-0.291930395059844,-0.303580402655584,-0.514112918306115,1058.17806858935,1.41201310853669,0.761690527891528,2815,0.50958904109589
"Road",1981,9,43983.3600260433,1.03333333333333,422.613332113333,0,18.0666666666667,0.133333333333333,9.1,606.666666666667,96.7406042384731,58.6503716160899,-0.308004128327605,-0.276209320832302,0.298573157217129,-0.0478714759203158,0.451493829516533,0.00328305366061419,0.190088183609543,0.125098820067802,-0.0382625282079369,-0.248424251438986,-0.366315564547166,-0.366258256138301,972.010663860666,1.15501779183346,0.548351125166795,2815,0.50958904109589
"Road",1981,10,39320.3612651161,1.96774193548387,312.154838806452,0.258064516129032,9.7741935483871,-5.19354838709677,2.29032258064516,427.096774193548,51.2213681303036,17.9548780180391,0.969533606033445,0.513708735485616,0.30099187309055,0.587071328203109,0.226646660454034,0.659438215634664,0.175688428975405,0.367384128327434,0.300979810235402,0.130376740425529,-0.085107771493673,-0.204617922431052,717.95612925484,0.720213148060208,0.29311637386666,2815,0.50958904109589
"Road",1981,11,35412.4798177133,0.566666666666667,316.053333536667,5.6,6.46666666666667,-9.86666666666667,-1.7,304,30.8025518198056,0,-1.19938443313392,-0.156863853053148,-0.123333364178568,-0.177715822590378,0.32038917662163,0.0057784330304368,0.429685006235522,-0.0017103197798689,0.188154449218537,0.132351094709069,-0.0236564427672455,-0.221228835467571,726.922667134334,0.539361111249448,0.235361111249448,2815,0.50958904109589
"Road",1981,12,33592.31953128,2.43333333333333,258.133333586667,35.4666666666667,-0.583333333333333,-15.6166666666667,-8.1,200,15.5726751668595,0,-0.231427916049325,-1.11907228184579,-0.281402674071741,-0.239868039753756,-0.279551098643148,0.245250438713263,-0.0498172950242688,0.395247571782277,-0.02460104773026,0.16131314385211,0.104995698856875,-0.048950212761677,593.706667249334,0.33232415622268,0.13232415622268,2815,0.50958904109589
"Road",1982,1,34615.741809471,2.83870967741935,311.3290329,133.41935483871,-3.61290322580645,-19.741935483871,-11.6774193548387,147.096774193548,11.2265230849132,0,1.21995429535639,0.726584145038555,-0.316535676806941,0.321397361487368,0.0740999898339297,0.00539089080634106,0.403041213907189,0.112733550121436,0.576589403411911,0.157316891604188,0.340340644341251,0.280793359899139,716.05677567,0.250565766816491,0.103468992622943,2815,0.50958904109589
"Road",1982,2,37904.9143415179,0.964285714285714,438.74285725,167,-1.30357142857143,-20.6607142857143,-10.9821428571429,135.714285714286,16.7019355457963,0,1.12444320323924,1.33210895677361,1.041547026871,0.340572289896215,0.724362851698688,0.401166228618754,0.339888955917115,0.622707952513932,0.334800894768672,0.74609275530102,0.330559179498954,0.49696113503567,1009.108571675,0.264883246274452,0.129168960560166,2815,0.50958904109589
"Road",1982,3,42274.6838457677,2.87096774193548,490.425801432258,217.806451612903,2.67741935483871,-13.8709677419355,-5.59677419354839,234.838709677419,40.7874919473724,0,1.16194200729476,1.31766566271354,1.38392112079065,1.2939320562923,0.88089151697479,1.07777601185667,0.844179217116177,0.738707883230741,0.899643093733757,0.627733847107414,0.975919746335004,0.588649864968677,1127.97934329419,0.402877717584241,0.168039007906822,2815,0.50958904109589
"Road",1982,4,46932.4800781267,1.1,607.253328453333,259.466666666667,6.48333333333333,-10.3333333333333,-1.925,262.666666666667,64.8035078095007,0,0.987533516281042,1.25195759385558,1.33115394743335,1.37912995760723,1.35740471323287,1.08500018389909,1.19878225950885,1.06836681510484,0.992333720999464,1.09038876611799,0.839306300354808,1.12829056356631,1396.68265544267,0.530487181356271,0.267820514689604,2815,0.50958904109589
"Road",1982,5,50847.7935987871,0.870967741935484,625.961293864516,242.322580645161,11.7903225806452,-2.82258064516129,4.48387096774194,380.645161290323,99.1710850736604,39.4495672839653,1.05417359366196,1.14741975632842,1.29248270925131,1.36838640392436,1.41984080933655,1.47217175821836,1.27116653644206,1.3424420095225,1.27098892083491,1.21158700969922,1.30228548240276,1.05971032598857,1439.71097588839,0.840952646850205,0.460307485559882,2815,0.50958904109589
"Road",1982,6,52784.6404947633,0.566666666666667,680.853336586667,185.733333333333,18.3833333333333,-0.2,9.09166666666667,268,136.560248711481,69.636710703904,0.989895512584922,1.26492443786283,1.27280200995125,1.36464279617042,1.43280366166041,1.48318048222033,1.4980252607385,1.31274838207199,1.38133395542872,1.32966634097568,1.3049149473634,1.40490335500315,1565.96267414933,1.15436842996182,0.886368429961818,2815,0.50958904109589
"Road",1982,7,51929.1872479839,1.03225806451613,597.161287370968,93.9354838709677,22.0322580645161,2.75806451612903,12.3951612903226,295.483870967742,156.865461505629,90.9141429353166,0.219938066153442,0.823687624596572,1.06712376759221,1.15824490312124,1.30817488842599,1.40217561358285,1.47089369899607,1.47642941267215,1.26720573845572,1.34582278869277,1.30871007798249,1.28072639158094,1373.47096095323,1.43848838088907,1.14300450992133,2815,0.50958904109589
"Road",1982,8,48495.4838709677,2.64516129032258,433.238709477419,3.09677419354839,21.2741935483871,5.01612903225806,13.1451612903226,584.516129032258,132.645514339589,89.5554046323555,0.666091004980689,0.49015724513638,0.90092549917944,1.16538181958047,1.25370722522118,1.42781603083055,1.53199464996377,1.60545268637023,1.59744280361828,1.36770846440128,1.45647911214356,1.41950588570822,996.449031798064,1.51097074333887,0.926454614306611,2815,0.50958904109589
"Road",1982,9,43983.3600260433,2.36666666666667,386.45333303,0,15.9833333333333,0.833333333333333,8.40833333333333,624,86.6306803903894,55.0524655598667,1.33948573790977,1.29869534418533,0.987468220435393,1.25486219282824,1.51554470295348,1.55981038796661,1.75684590979102,1.84040098471767,1.88988108361631,1.85342301531212,1.60651876277191,1.66552014552713,888.842665969,1.10220395741078,0.478203957410776,2815,0.50958904109589
"Road",1982,10,39320.3612651161,0.870967741935484,375.225804974194,0,10.2903225806452,-6.24193548387097,2.0241935483871,390.967741935484,53.118736725903,16.2637892040118,0.443824195143546,1.2085146235537,1.27494262560647,1.03376385142133,1.25569606708467,1.56164885789777,1.61616049601901,1.77307651236517,1.82705077936706,1.88529179361004,1.84283212799899,1.604085219239,863.019351440646,0.706663621748712,0.315695879813228,2815,0.50958904109589
"Road",1982,11,35412.4798177133,1.73333333333333,296.319997663333,19.8666666666667,2.25,-14.15,-5.95,225.333333333333,22.7176645556504,0,0.734852594973878,0.761517622305464,1.28018871019308,1.38504501857158,1.17857762055932,1.34017754912357,1.63837247116155,1.67918309742771,1.82237272266851,1.85714058965094,1.90146161302055,1.83176035841966,681.535994625666,0.392176962814289,0.166843629480956,2815,0.50958904109589
"Road",1982,12,33592.31953128,0.4,297.27999878,55.8666666666667,-0.8,-18.25,-9.525,165.333333333333,14.312963537857,0,-0.486101781624621,0.295427129423385,0.464672644099962,1.14066256316778,1.27935599961626,1.09871895561875,1.27870454518318,1.57953512567618,1.62921002169913,1.79134822454525,1.83719317173833,1.87996248861735,683.743997194,0.297277886307243,0.13194455297391,2815,0.50958904109589
"Road",1983,1,34615.741809471,0.516129032258065,370.9935475,259.483870967742,0.306451612903226,-19.9032258064516,-9.79838709677419,136.774193548387,16.4234288174927,0,-0.76956634951536,-0.71060433746253,-0.180562723401274,0.0727282065440184,0.878421578147748,1.07058044901606,0.903865857409458,1.13078511248539,1.41316093419565,1.46909732305657,1.63859022783775,1.72417462909714,853.28515925,0.290943944718459,0.154169751170072,2815,0.50958904109589
"Road",1983,2,37904.9143415179,2.21428571428571,435.885715482143,303.857142857143,1.625,-17.2857142857143,-7.83035714285714,171.428571428571,24.1396987542038,0,-0.48372733548492,-0.722378623540275,-0.691520229545821,-0.23589406566425,-0.0195029247032475,0.643045141314516,0.883951329243433,0.793495680575604,1.03387430260703,1.27724774793388,1.34983470906413,1.50568191998326,1002.53714560893,0.339354814533773,0.167926243105202,2815,0.50958904109589
"Road",1983,3,42274.6838457677,2.67741935483871,462.761288551613,353.677419354839,2.80645161290323,-11.5967741935484,-4.39516129032258,268.387096774194,41.7990099742453,0,0.986108988527501,0.603613339978718,0.280584697400877,0.172320129335879,0.413321517394265,0.484882004598045,0.968877695869506,1.13662812810234,1.0011705135203,1.1918471026107,1.38906388395791,1.44355193965531,1064.35096366871,0.441250765797448,0.172863669023254,2815,0.50958904109589
"Road",1983,4,46932.4800781267,1.96666666666667,610.880002846667,398,4.36666666666667,-11.8,-3.71666666666667,265.333333333333,56.3677271279699,0,1.88472002583002,1.68751578559652,1.41663498024939,1.15571837818256,1.09138759864954,1.209434491439,1.19372780425297,1.53070914819925,1.62024516855998,1.4827888333411,1.53541516836052,1.64826730951646,1405.02400654733,0.464323848688409,0.198990515355076,2815,0.50958904109589
"Road",1983,5,50847.7935987871,2.74193548387097,622.348382767742,423.870967741935,10.4193548387097,-4.93548387096774,2.74193548387097,396.129032258065,93.7109123824098,26.6064087968459,1.56812932055623,1.92041743713126,1.82151861887502,1.64683345059914,1.46846846624095,1.50115657518376,1.58958909736418,1.55417425665727,1.84816629279816,1.96132313143327,1.87437321565041,1.88064535333761,1431.40128036581,0.74373345461587,0.347604422357805,2815,0.50958904109589
"Road",1983,6,52784.6404947633,1.13333333333333,693.653328453333,391.466666666667,17.8166666666667,-0.283333333333333,8.76666666666667,496,133.143854423047,67.6359774799129,1.35801397390076,1.89895891525542,2.04226192805166,1.92029383818787,1.77982443359445,1.62454114840953,1.62157098597694,1.67033260230966,1.65230073899359,1.92272874085258,2.04756933867616,2.01970880519153,1595.40265544267,1.12929310709948,0.633293107099485,2815,0.50958904109589
"Road",1983,7,51929.1872479839,0.838709677419355,655.380645751613,285.41935483871,22.5967741935484,4.19354838709677,13.3951612903226,607.741935483871,158.356568687446,96.7422856478535,0.0225163708585948,0.976852627922278,1.51064517460343,1.85823576929294,1.8458870028267,1.731650479428,1.58069421953963,1.56555342430974,1.59763273949599,1.58017924797537,1.86437863015069,2.00338958072118,1507.37548522871,1.53583516615668,0.928093230672811,2815,0.50958904109589
"Road",1983,8,48495.4838709677,2.48387096774194,543.793545632258,140.129032258065,22.5806451612903,4.85483870967742,13.7177419354839,659.354838709677,141.066370602656,92.6660625882862,-0.628830822039552,-0.319687495187033,0.520827005361138,1.21697918135945,1.66849243295148,1.7473005634232,1.62923555967622,1.4633193026738,1.43191044701997,1.4850868130637,1.48263345874215,1.79580299918702,1250.72515495419,1.56844945153133,0.909094612821652,2815,0.50958904109589
"Road",1983,9,43983.3600260433,0.233333333333333,513.279999796667,36.6666666666667,19.4666666666667,-0.666666666666667,9.4,484,103.646048945464,60.1937999921865,-1.54319705040208,-1.45209427518368,-0.843421982747226,-0.00523692186175802,0.693232730455261,1.22398966947727,1.39360460545111,1.28646955760486,1.12788297239922,1.08134406972509,1.14625416394198,1.15536986364902,1180.54399953233,1.17861040391313,0.694610403913131,2815,0.50958904109589
"Road",1983,10,39320.3612651161,0.612903225806452,354.374191777419,0.645161290322581,12.7741935483871,-4.91935483870968,3.92741935483871,419.354838709677,60.2284569361608,27.6533368469657,-0.988229222884491,-2.01434554972453,-1.80352709496156,-1.08840114358489,-0.23837245483025,0.43485003050628,0.997140298655409,1.1675721041087,1.06660583445255,0.930093509652268,0.886719434282445,0.958644691632824,815.060641088064,0.808741410681172,0.389386571971495,2815,0.50958904109589
"Road",1983,11,35412.4798177133,3.8,252.053332016667,30.6666666666667,2.71666666666667,-11.7166666666667,-4.5,265.333333333333,23.9198454879125,0,0.932033870168064,-0.19191683608687,-1.00380606335169,-1.27388125791726,-0.79157696067802,0.0330428042739512,0.642971635991473,1.14414229362726,1.29309048503475,1.18714851777399,1.05280950747761,0.998154250294321,579.722663638334,0.437778009095828,0.172444675762495,2815,0.50958904109589
"Road",1983,12,33592.31953128,6.76666666666667,241.386666616667,188.933333333333,-2.43333333333333,-16.1666666666667,-9.3,200,13.0427975491555,0,1.84501001977766,1.90755880182366,0.626354673061378,-0.342953535556766,-0.664466332439722,-0.404072283276534,0.294715939013903,0.89597656986678,1.36328932921304,1.50422029887533,1.38722176615431,1.24180877399253,555.189333218334,0.302582607087714,0.102582607087714,2815,0.50958904109589
"Road",1984,1,34615.741809471,0.354838709677419,363.148383851613,173.290322580645,-5.79032258064516,-26.6612903225806,-16.2258064516129,77.4193548387097,3.28349247865732,0,2.15068534779696,2.26169422923094,2.70181675222422,1.77418760344238,0.45729901750683,0.0709742217631302,0.0986898579210035,0.6754688143913,1.26194606819743,1.63776501289671,1.75970496535512,1.66582400483055,835.24128285871,0.172730112396605,0.0953107575578953,2815,0.50958904109589
"Road",1984,2,37980.2483836207,0.586206896551724,445.903448172414,189.241379310345,-1.72413793103448,-23.3965517241379,-12.5603448275862,100.689655172414,13.5817154488148,0,1.66293391115321,2.00349867163235,2.16721587165369,2.29851376359402,1.81413231207007,0.923989708326725,0.583167298431882,0.483641974643988,0.948048942578699,1.43954929925859,1.74776528281308,1.84250636143733,1025.57793079655,0.233380460097076,0.132690804924662,2815,0.50958904109589
"Road",1984,3,42430.7612147194,1.96774193548387,497.445157945161,225.41935483871,1.11290322580645,-17.3548387096774,-8.12096774193548,158.709677419355,34.1753801240073,0,1.91934198253877,1.94477230694059,2.06131788189306,2.26073798862905,2.41613306672412,2.08485467289423,1.59121706782542,1.25552066178197,1.02405850572858,1.32753978081418,1.70667210047551,1.93205203281933,1144.12386327387,0.331782917395147,0.173073239975792,2815,0.50958904109589
"Road",1984,4,47070.7200520867,2.43333333333333,578.13333435,278.533333333333,4.88333333333333,-12.3666666666667,-3.74166666666667,194.666666666667,58.1223558670742,0,1.7754166757676,1.94236718236109,1.95750315648254,2.04415196874006,2.24330178960076,2.35931435876359,2.14049182227235,1.87336083689368,1.65254733890554,1.45892532887808,1.60977606288056,1.85235584407586,1329.706669005,0.463455035029042,0.268788368362375,2815,0.50958904109589
"Road",1984,5,50948.1291582613,1.41935483870968,687.587094216129,317.806451612903,14.8709677419355,-3.75806451612903,5.55645161290323,372.903225806452,117.362185241654,46.8420582919726,-0.63223677040316,0.599683762720572,1.13762302801052,1.33002386563419,1.5386779578975,1.79207032965595,1.89288456442603,1.65651200505056,1.37715163163119,1.19959429596866,1.08363710631562,1.37032198887349,1581.4503166971,0.906257597812773,0.533354372006321,2815,0.50958904109589
"Road",1984,6,52807.68046872,1.86666666666667,636.69333496,258.133333333333,18.15,0.316666666666667,9.23333333333333,510.666666666667,134.480908497495,70.5043467716816,1.30419163215932,0.363802887212284,1.00875108859351,1.34760035684645,1.49389764886921,1.67124598573344,1.8462251958509,1.90636347831198,1.72289294168984,1.51129621374529,1.39272519625545,1.31011470748424,1464.394670408,1.1654514807652,0.654784814098534,2815,0.50958904109589
"Road",1984,7,51851.1485635097,3.70967741935484,559.587099135484,154.322580645161,22.2903225806452,3.91935483870968,13.1048387096774,721.290322580645,156.745242668198,95.0594599280784,0.549209165689315,1.22594029039373,0.506212337152486,1.02352292253785,1.38007400873315,1.5481312357124,1.75062584474844,1.93195813986505,1.95979971020016,1.75710839801915,1.56468546058204,1.44972495061711,1287.05032801161,1.50699368326804,0.785703360687397,2815,0.50958904109589
"Road",1984,8,48361.703125,2.83870967741935,459.767741541935,29.1612903225806,21.0645161290323,3.87096774193548,12.4677419354839,780.645161290323,133.422224195462,85.8400617976394,0.584770400190269,0.6626835700593,1.23120541474591,0.572563948702876,1.09064298458325,1.48688564171144,1.67687096364192,1.90531151725378,2.0992075159577,2.14325424256043,1.9126100943776,1.68792876050145,1057.46580554645,1.44536650326737,0.664721341977044,2815,0.50958904109589
"Road",1984,9,43822.0800781267,1,415.893334453333,0,17.0833333333333,-0.833333333333333,8.125,589.333333333333,93.1908723566104,53.5617845506226,0.265536806677232,0.55805990373,0.668171286846793,1.15010003183122,0.607432549365224,1.1020519393141,1.53043754423662,1.72201593011624,1.9505072645321,2.12122978236674,2.15411748252131,1.89547561829516,956.554669242666,1.08119216829565,0.491858834962321,2815,0.50958904109589
"Road",1984,10,39175.4322076581,3.25806451612903,319.277417580645,25.1612903225806,6.64516129032258,-6.91935483870968,-0.137096774193548,375.483870967742,42.8696920239319,0,2.21596212893414,1.49467975188793,1.50220603593697,1.34144539776872,1.63618402712493,1.24077260312651,1.64173674979118,1.99083414787297,2.10805132411108,2.30459855242651,2.44251532228213,2.43086171936146,734.338060435483,0.604724461913438,0.229240590945696,2815,0.50958904109589
"Road",1984,11,35308.7998697933,1.33333333333333,348.373331193333,89.4666666666667,2.58333333333333,-14.65,-6.03333333333333,210.666666666667,23.1239223867901,0,0.548652628261661,2.29644556928378,1.49019270877639,1.53945662996743,1.40642046975085,1.63502320915798,1.32069791955823,1.67470015111933,1.99494431311076,2.08735764829122,2.254354906818,2.32960125467781,801.258661744666,0.389689591659194,0.179022924992527,2815,0.50958904109589
"Road",1984,12,33580.7994792,2.06666666666667,279.89333496,129.2,-1.78333333333333,-17.9,-9.84166666666667,166.666666666667,13.2288954511131,0,0.432930160370792,0.674883662544915,2.47094908215482,1.53937050100331,1.59394735187939,1.44691273210809,1.67652057448519,1.36771640195067,1.71857690951298,2.05445637287465,2.15214652038985,2.31289677968628,643.754670408,0.28995232636073,0.123285659694063,2815,0.50958904109589
"Road",1985,1,34615.741809471,0.806451612903226,332.387093332258,135.225806451613,-4.56451612903226,-22.8548387096774,-13.7096774193548,114.838709677419,7.98683746476993,0,1.46083999505206,1.20566456601954,1.37629456030074,2.76446180714842,1.95151248419714,1.92162987806443,1.66115885541263,1.8523288713913,1.53730284387369,1.82494506472784,2.12950759167413,2.25529931773801,764.490314664193,0.212587534985606,0.0977488253081869,2815,0.50958904109589
"Road",1985,2,37904.9143415179,1.07142857142857,434.857139042857,170.714285714286,-2.16071428571429,-22.5178571428571,-12.3392857142857,118.571428571429,13.7184847543049,0,1.72380010334204,1.71864219973878,1.58414104832344,1.65009578564157,2.35263800590581,2.16026095460402,2.08434959277816,1.8439701381285,1.94275971768274,1.68083418569345,1.91610408753309,2.16345058739089,1000.17141979857,0.237581481251153,0.119010052679724,2815,0.50958904109589
"Road",1985,3,42274.6838457677,3.41935483870968,460.283871067742,194.709677419355,2.88709677419355,-13.9032258064516,-5.50806451612903,198.709677419355,41.3832228863224,0,1.15513695287304,1.56374565359398,1.61878537564431,1.63370972831576,1.73401987332684,2.23620630983766,2.33145643576853,2.30927266070429,2.0326661375117,2.01335206282441,1.75527714588278,1.94551236874446,1058.65290345581,0.405605581555208,0.206895904135853,2815,0.50958904109589
"Road",1985,4,46932.4800781267,2.06666666666667,593.813335163333,273.6,8.51666666666667,-8.85,-0.166666666666667,304,73.1488452403093,0,0.0923140331197168,0.761547426676531,1.12122083489997,1.25797655184514,1.31182404986078,1.38952648393966,1.80097753091057,1.86027977219669,1.90208888215199,1.82525774041754,1.85613538184807,1.5887679521527,1365.77067087567,0.603425369022451,0.299425369022451,2815,0.50958904109589
"Road",1985,5,50847.7935987871,1.48387096774194,634.838708693548,287.870967741935,13.6129032258065,-3.16129032258065,5.2258064516129,442.58064516129,109.789763762122,44.5962388884466,0.158041542807218,0.112184189240315,0.531147969377369,0.849361517522818,1.00642538246405,1.10267614122163,1.17939952224159,1.5464093983367,1.60668467566162,1.70018206275275,1.70118820688554,1.82357444671874,1460.12902999516,0.885663930480829,0.443083285319539,2815,0.50958904109589
"Road",1985,6,52784.6404947633,0.4,714.1333374,233.466666666667,20.8333333333333,-0.583333333333333,10.125,430.666666666667,152.234782696889,75.9064555299786,-0.635243996334468,-0.379946269168769,-0.241841645082365,0.146705350373413,0.444382945960014,0.628535727319982,0.708569612525001,0.769800388047543,1.14692231329909,1.17454508372574,1.27759586858446,1.32477397123532,1642.50667602,1.23738844580424,0.806721779137569,2815,0.50958904109589
"Road",1985,7,51929.1872479839,1.70967741935484,545.961286483871,137.290322580645,21.9354838709677,3.75806451612903,12.8467741935484,539.354838709677,154.615401169413,93.5573734579972,0.56441502347043,-0.0814790936002023,-0.0612995667354203,-0.0521647728031168,0.258687314110159,0.521547155469016,0.68817882879104,0.758991385173474,0.817087807211719,1.19093105431075,1.23928531056958,1.33896668556579,1255.7109589129,1.48175778994284,0.942402951233159,2815,0.50958904109589
"Road",1985,8,48495.4838709677,0.290322580645161,580.954837922581,22.7096774193548,22.6774193548387,1.40322580645161,12.0403225806452,352.258064516129,146.317227334733,83.4752176386419,-1.68548043170458,-0.534047734141301,-0.760959279628514,-0.612312393346671,-0.513013403799877,-0.223265072840713,0.0381358336588538,0.22972302271298,0.302582536226274,0.376660653690387,0.80927714814649,0.84001883555988,1336.19612722194,1.40527488511442,1.05301682059829,2815,0.50958904109589
"Road",1985,9,43983.3600260433,3.96666666666667,364.053334556667,0.533333333333333,14.4333333333333,-2.1,6.16666666666667,466.666666666667,82.7587365321843,42.9473318921398,1.88574900464093,0.354089082369635,0.554829217320034,0.0977055525875649,0.00520710070359298,0.00133008772570978,0.260283549210257,0.52309462268415,0.696994652236412,0.75075142706597,0.805884046838835,1.2038472166326,837.322669480334,0.945377659861189,0.478710993194522,2815,0.50958904109589
"Road",1985,10,39320.3612651161,1.70967741935484,354.787095593548,0,11.1129032258065,-5.98387096774194,2.56451612903226,396.129032258065,55.4903295844772,19.6567042330132,0.151203569802927,1.45163862295631,0.420891559014844,0.567405937006209,0.141982496612769,0.0238334164936451,0.010585350887407,0.278569830063433,0.534235289793363,0.7025850956677,0.751923740326072,0.806930507662858,816.01031986516,0.734413439693293,0.338284407435228,2815,0.50958904109589
"Road",1985,11,35412.4798177133,4.4,238.0800003,20.5333333333333,1.81666666666667,-11.4833333333333,-4.83333333333333,280,22.3860554553693,0,1.40114434875983,0.972520002400378,1.63612407501942,0.878082364741151,0.919127659939035,0.491591985134557,0.330517043989088,0.269929584673885,0.517640838801224,0.754842482068204,0.904445962280978,0.93569030302726,547.58400069,0.426897268336651,0.146897268336651,2815,0.50958904109589
"Road",1985,12,33592.31953128,1.16666666666667,332.26666463,118.133333333333,-2.26666666666667,-20.85,-11.5583333333333,132,11.1410526594116,0,0.81757496785549,1.62568291174118,1.23417040686963,1.75755607341891,0.974172775453641,1.00235712115326,0.571363068993411,0.429454600747331,0.36003947284066,0.601276968307792,0.836599519803199,0.982656140724398,764.213328649,0.252967958057301,0.120967958057301,2815,0.50958904109589
"Road",1986,1,34615.741809471,0.516129032258065,316.077416696774,39.2258064516129,2.24193548387097,-16.9677419354839,-7.36290322580645,170.322580645161,20.8855708750617,0,-1.94309977179506,-0.79971898895688,0.182286479281521,0.187077837423234,1.3656168508204,0.382126940233121,0.566320713258645,0.18782799124067,0.129671368052566,0.11833021980191,0.369401285778613,0.612313461932319,726.97805840258,0.351857433779618,0.181534853134457,2815,0.50958904109589
"Road",1986,2,37904.9143415179,6.32142857142857,301.371429167857,74,1.39285714285714,-12.2142857142857,-5.41071428571429,277.142857142857,25.446497830913,0,0.29556893576309,-1.04418600199265,-0.392967524432142,0.34545109967612,0.326872022051361,1.28268789344446,0.439954350455406,0.607275708522161,0.263337547087787,0.20409679920503,0.182260884296807,0.41945367727474,693.154287086071,0.40861803821885,0.131475181075993,2815,0.50958904109589
"Road",1986,3,42274.6838457677,1.35483870967742,517.574188235484,118.58064516129,7.80645161290323,-9.95161290322581,-1.07258064516129,296.774193548387,57.9163624663455,0,-1.49679519681226,-1.13462076253433,-1.60377943382695,-1.14126258930626,-0.573813410433387,-0.469683411863311,0.446555482744751,-0.303305503752084,0.0222018479431426,-0.16063089038458,-0.140380779181205,-0.113542983583087,1190.42063294161,0.564806349367177,0.26803215581879,2815,0.50958904109589
"Road",1986,4,46932.4800781267,2.93333333333333,504.000001016667,134.933333333333,9.46666666666667,-5.96666666666667,1.75,402.666666666667,76.4524579971937,16.6339916177388,-0.222223741973082,-1.04786589033575,-0.808937779289874,-1.20426394329616,-0.887342293358058,-0.470873196156483,-0.401432335254372,0.308965618464719,-0.283955121554959,-0.036918292274767,-0.178591029734137,-0.117967734174619,1159.20000233833,0.692940151470567,0.2902734848039,2815,0.50958904109589
"Road",1986,5,50847.7935987871,1.32258064516129,602.42580586129,139.225806451613,14.0483870967742,-3.01612903225806,5.51612903225806,455.483870967742,112.132012061958,46.5696333890025,-0.0965101906904192,-0.208247126306018,-0.714811545833684,-0.59950380367427,-0.895276756076576,-0.721631634322556,-0.420067868271477,-0.365392548248916,0.190947447147369,-0.312719081181566,-0.123533964203492,-0.247139297215759,1385.57935348097,0.903723721874726,0.448239850906984,2815,0.50958904109589
"Road",1986,6,52784.6404947633,1,571.626668293333,67.2,20.4666666666667,2.8,11.6333333333333,585.333333333333,145.734215516658,84.8353089963517,0.095219619779397,-0.0909421489354519,-0.140963346059865,-0.522372786242127,-0.448766403366083,-0.686432491016132,-0.541811733026182,-0.30127351506646,-0.271224412319634,0.163174308264872,-0.245494996410636,-0.102060844872759,1314.74133707467,1.36801258700831,0.782679253674972,2815,0.50958904109589
"Road",1986,7,51929.1872479839,2,438.606452203226,0.129032258064516,20.758064516129,4.74193548387097,12.75,731.612903225806,144.674457978217,92.9925463335849,1.68143231828289,1.11450396224032,0.673824388950987,0.443591487489148,0.0353660071866289,0.0792182098973615,-0.166796196764642,-0.0462544428860422,0.166757155545945,0.18374222617974,0.59736078921157,0.202708258731898,1008.79484006742,1.47239060710322,0.74077770387741,2815,0.50958904109589
"Road",1986,8,48495.4838709677,1.80645161290323,445.316134541935,0,21.9354838709677,4.51612903225806,13.2258064516129,704.516129032258,137.658967560211,89.9951333767597,-0.205679028962804,1.04494153806083,0.814757834481114,0.480609063761607,0.299022676687042,-0.090938513797978,-0.0463351884557369,-0.273219474852548,-0.159139362850484,0.0416407983185706,0.0579909363389278,0.476882421319237,1024.22710944645,1.5189525624593,0.814436433427042,2815,0.50958904109589
"Road",1986,9,43983.3600260433,3.56666666666667,359.893335466667,0,14.15,0.316666666666667,7.23333333333333,617.333333333333,79.0693390428439,48.800553813003,2.15780088898771,1.51209166082416,1.73489031100226,1.56655425866281,1.28305963978939,0.984533322555071,0.522457800291946,0.550625938619285,0.28236244082195,0.384683141721549,0.573235072446245,0.571709087497833,827.754671573334,1.01735469846423,0.400021365130896,2815,0.50958904109589
"Road",1986,10,39320.3612651161,2.2258064516129,365.006451019355,2.06451612903226,9.85483870967742,-4.90322580645161,2.4758064516129,433.548387096774,51.3309095935814,19.1102722697353,0.993765391154129,1.84133927529208,1.59932580749941,1.80489808874714,1.64197461866404,1.4730799346999,1.16324010422053,0.699830240453023,0.718996462682921,0.452147840730144,0.546211358793008,0.72499901445988,839.514837344516,0.729792334572302,0.296243947475528,2815,0.50958904109589
"Road",1986,11,35412.4798177133,2.43333333333333,293.653334046667,16,3.5,-10.35,-3.425,293.333333333333,25.3253903623965,0,0.293142386614652,0.939661212898064,1.77024258414908,1.57567048799533,1.76048188892183,1.60765576637558,1.48609383599381,1.19911418532088,0.758096692179726,0.772552231307742,0.514738548376111,0.599853028648668,675.402668307334,0.47456746614142,0.181234132808087,2815,0.50958904109589
"Road",1986,12,33592.31953128,0.333333333333333,300.373336283333,27.4666666666667,-0.433333333333333,-16.7166666666667,-8.575,174.666666666667,15.4135217049634,0,-0.852092020977905,-0.278369636576002,0.474300769683744,1.65478179097658,1.43926247041346,1.69445615088669,1.52612526052304,1.37887684690535,1.10535638504642,0.667605256931973,0.687628464123572,0.430790603825073,690.858673451666,0.320253857503634,0.145587190836967,2815,0.50958904109589
"Road",1987,1,34615.741809471,2.19354838709677,298.01290106129,99.0967741935484,-1.61290322580645,-18.0967741935484,-9.85483870967742,158.709677419355,14.7278355213581,0,0.201266343028926,-0.324985949380338,-0.137660849841683,0.495398853686555,1.75549263742339,1.46562633953367,1.73276961751749,1.52039139644235,1.34749639592622,1.08975492479925,0.689705857177837,0.716695895302458,685.429672440967,0.28965112766037,0.130941450241016,2815,0.50958904109589
"Road",1987,2,37904.9143415179,1.92857142857143,390.742858885714,154.857142857143,1.57142857142857,-15.4285714285714,-6.92857142857143,197.142857142857,24.957975621503,0,-0.789435287151468,-0.294358998069073,-0.547193210592628,-0.326325000730062,0.197740261063663,1.40231653975051,1.19295444206875,1.55477037728875,1.3584428180419,1.18131702998714,0.969239348225338,0.600312362303468,898.708575437142,0.363839841478423,0.166696984335566,2815,0.50958904109589
"Road",1987,3,42274.6838457677,2.29032258064516,507.870963806452,219.483870967742,4.2741935483871,-14.7741935483871,-5.25,206.451612903226,45.0036095217456,0,0.435062167502815,0.0656578239839439,0.159487417181108,-0.0388750197494326,0.0652782159732299,0.40019976004059,1.40974085490795,1.22532453893921,1.58419270110999,1.37249843191733,1.20404549540623,1.02002480574057,1168.10321675484,0.413634817866749,0.207183204963523,2815,0.50958904109589
"Road",1987,4,46932.4800781267,0.933333333333333,632.320000203333,274.4,11.2166666666667,-7.08333333333333,2.06666666666667,336,84.5990279199409,19.0039122508779,-1.43008458898665,-0.713474679558321,-0.825916033718535,-0.642856741403222,-0.723822482852964,-0.616493732935331,-0.278811903074197,0.585725950098045,0.487550829081626,0.99034837696148,0.926508439573572,0.80470233190891,1454.33600046767,0.708810810469626,0.372810810469626,2815,0.50958904109589
"Road",1987,5,50847.7935987871,1.19354838709677,595.406452793548,237.41935483871,13.5967741935484,-1.46774193548387,6.06451612903226,441.290322580645,107.83417062312,50.2419815641976,0.322091659128832,-0.59195475235964,-0.28904886336458,-0.389899814399824,-0.320745114923642,-0.408779079825218,-0.337592299687521,-0.0966892345651248,0.583051645974384,0.480258978907551,0.936067125541793,0.907345805768486,1369.43484142516,0.938726749934144,0.497436427353499,2815,0.50958904109589
"Road",1987,6,52784.6404947633,0.9,653.97333679,158.933333333333,21.0666666666667,2.58333333333333,11.825,404,150.035240273437,85.9528308466407,-0.364631142265308,-0.10581651930904,-0.613902481203972,-0.382705541283092,-0.465861026574383,-0.412477317026836,-0.458064386607945,-0.394237694723973,-0.202513690943172,0.340584327587432,0.26738970786977,0.688392253131442,1504.138674617,1.38545103441299,0.981451034412993,2815,0.50958904109589
"Road",1987,7,51929.1872479839,0.290322580645161,569.59999626129,41.5483870967742,23.2903225806452,4.5,13.8951612903226,353.548387096774,162.578066376716,99.623597142736,-0.513943374760782,-0.539965489914396,-0.300941545619005,-0.697584783705116,-0.524869706088903,-0.600736780501053,-0.558239329818088,-0.59375633123495,-0.524924933266836,-0.343368367546031,0.156175949615457,0.0764549103485299,1310.07999140097,1.5866455385137,1.23309715141693,2815,0.50958904109589
"Road",1987,8,48495.4838709677,2.58064516129032,444.593548683871,0,20.9516129032258,4.58064516129032,12.7661290322581,523.870967741935,131.474950090644,87.4814118223767,0.815832381213319,0.0660779672596869,-0.205169942476141,-0.117474079871483,-0.528082391890903,-0.391141241740055,-0.465727363761104,-0.431601606010898,-0.466764872982463,-0.409972011911161,-0.247860095884884,0.249083752028151,1022.5651619729,1.47394817753134,0.950077209789403,2815,0.50958904109589
"Road",1987,9,43983.3600260433,0.333333333333333,457.280000813333,0,18.4166666666667,-0.2,9.10833333333333,490.666666666667,98.5970146652949,58.6933800819137,-0.733154528310105,0.1108283319297,-0.189648790389498,-0.371263815953763,-0.300440492869775,-0.659262616806339,-0.548557315311775,-0.616161859962591,-0.576872935016117,-0.605266075719701,-0.54623983454452,-0.38117276399177,1051.74400187067,1.15566747580824,0.665000809141574,2815,0.50958904109589
"Road",1987,10,39320.3612651161,1.67741935483871,321.238710467742,0,13.3870967741935,-3.14516129032258,5.12096774193548,459.354838709677,61.4165135149139,34.2011010266045,-1.01117353426697,-1.18717564514291,-0.340079232755301,-0.484836681160045,-0.583324819086183,-0.500823038987561,-0.808125411848984,-0.685759867351367,-0.740871130695402,-0.702899225293058,-0.724082962468949,-0.661507249068708,738.849034075807,0.879221191929852,0.419866353220175,2815,0.50958904109589
"Road",1987,11,35412.4798177133,1.26666666666667,285.546665953333,4.53333333333333,3.95,-10.3666666666667,-3.20833333333333,298.666666666667,26.1366104451478,0,-0.157147370950297,-0.839361118729777,-0.971929123202004,-0.316835391631899,-0.451866873443954,-0.549128973305447,-0.480877503359738,-0.797012825948729,-0.675403699875796,-0.72902330692547,-0.689075629309576,-0.704789012322741,656.757331692666,0.482306472914736,0.183639806248069,2815,0.50958904109589
"Road",1987,12,33592.31953128,1.76666666666667,251.73333486,30,-1.95,-15.4333333333333,-8.69166666666667,204,13.8484573663621,0,0.124509003167233,-0.0937363159302721,-0.762319208440614,-0.870464882911249,-0.318368420182,-0.441385424815001,-0.535816846842182,-0.467238729824195,-0.785150804006813,-0.668669298607091,-0.724359148136947,-0.683303813116484,578.986670178,0.317349607816954,0.113349607816954,2815,0.50958904109589
"Road",1988,1,34615.741809471,3.96774193548387,308.748388477419,206.58064516129,-3.74193548387097,-18.0967741935484,-10.9193548387097,163.870967741935,11.9024104978525,0,1.31313602470225,0.961851174084022,0.696701593146327,-0.114566052079405,-0.46643589630413,0.00422595509330119,-0.216084348514904,-0.325973471391216,-0.250620560339283,-0.598314781337596,-0.482369470005197,-0.549293061321367,710.121293498064,0.26621141617864,0.102340448436705,2815,0.50958904109589
"Road",1988,2,37980.2483836207,1.24137931034483,474.372409693103,287.172413793103,1.41379310344828,-16.4827586206897,-7.53448275862069,177.931034482759,24.1804175172997,0,-0.764738574958523,0.494799665639302,0.429077829204304,0.305819542360694,-0.260802698731581,-0.618288315093498,-0.174928571227065,-0.339575286372377,-0.399206619477643,-0.303411687350797,-0.639964593115921,-0.521949672597223,1091.05654229414,0.347221507007656,0.169290472524897,2815,0.50958904109589
"Road",1988,3,42430.7612147194,1.61290322580645,526.451609951613,326.193548387097,2.96774193548387,-13.9516129032258,-5.49193548387097,220.645161290323,41.5964417153471,0,0.857161630674262,0.395425786635714,0.790266427422991,0.78922797464659,0.713735024396262,0.249737409483603,-0.156693372774316,0.179238314818822,-0.0482080550201192,-0.111247781535278,-0.0401541542929865,-0.404689722167533,1210.83870288871,0.406103317657868,0.185458156367545,2815,0.50958904109589
"Road",1988,4,47070.7200520867,1.73333333333333,596.799995933333,340.4,9.88333333333333,-5.95,1.96666666666667,357.333333333333,78.29507402292,18.263886286653,-0.609367511823432,0.167139771151302,-0.0193525418098654,0.33659198169876,0.369589342753924,0.313467467718347,-0.0173756100119383,-0.317157634706169,-0.0427537524194832,-0.222559478012928,-0.244283207011907,-0.1227726037235,1372.63999064667,0.703764591700667,0.346431258367334,2815,0.50958904109589
"Road",1988,5,50948.1291582613,0.838709677419355,660.954835954839,315.483870967742,13.758064516129,-1.83870967741935,5.95967741935484,345.806451612903,109.240607898011,49.5452108771421,0.148439875376311,-0.249443015966018,0.144314699520186,0.0321985047564223,0.272253501980297,0.318548461327199,0.287978985190932,0.0336750714873209,-0.213267087714052,-0.0247288019869543,-0.196589554065814,-0.228350284913639,1520.19612269613,0.931943840648103,0.5861373890352,2815,0.50958904109589
"Road",1988,6,52807.68046872,1.16666666666667,647.999997966667,223.866666666667,21.7833333333333,4.18333333333333,12.9833333333333,422.666666666667,152.130660270626,92.6322678350902,-0.549299736097918,-0.332144075039605,-0.457508516903928,-0.128061410970085,-0.215724578431723,-0.00422385193201867,0.0544531407274351,0.0319944098763,-0.158496872160927,-0.365088260907006,-0.211587643201859,-0.3468241469827,1490.39999532333,1.49506508504792,1.07239841838125,2815,0.50958904109589
"Road",1988,7,51851.1485635097,1.06451612903226,583.845162667742,78.0645161290323,23.9032258064516,5.67741935483871,14.7903225806452,478.709677419355,164.639449782296,104.731233977802,-0.649810821570934,-0.742124870987122,-0.5241725960596,-0.62141020808971,-0.357749343999059,-0.435362768268115,-0.250766482211235,-0.197948148664831,-0.198401846565122,-0.342397186279564,-0.522218183620682,-0.392612809300477,1342.84387413581,1.68131188634736,1.202602208928,2815,0.50958904109589
"Road",1988,8,48361.703125,0.516129032258065,462.038708103226,0,22.7258064516129,6.03225806451613,14.3790322580645,583.225806451613,139.769594568011,96.2266787067979,-0.731234130244655,-0.814984345962235,-0.90591598966996,-0.727213886971644,-0.777226103354933,-0.557005188836789,-0.623916481262169,-0.452612198234081,-0.400857349014176,-0.401283026249092,-0.528747073011043,-0.681989554147755,1062.68902863742,1.63721763667199,1.05399183022037,2815,0.50958904109589
"Road",1988,9,43822.0800781267,2,417.386668903333,0,17.2666666666667,-0.0666666666666667,8.6,496,93.3406834481991,56.0551881835145,0.397609227444369,-0.259032560421809,-0.499511194424115,-0.697784439335474,-0.618134129174931,-0.695211793858069,-0.503601028905636,-0.570171455396489,-0.400581844474116,-0.351400064472836,-0.351161055295671,-0.470265421759185,959.989338477666,1.11662131393411,0.620621313934106,2815,0.50958904109589
"Road",1988,10,39175.4322076581,0.387096774193548,347.251614967742,0,14.3548387096774,-1.98387096774194,6.18548387096774,512.258064516129,63.8915586518229,39.785630447931,-1.66621780521908,-0.710189764828377,-1.06007717128769,-1.00217893197714,-1.05149584029964,-0.911913063530159,-0.940841518681177,-0.746708733869986,-0.797769114862698,-0.638323465314183,-0.584362954204754,-0.573648331077391,798.678714425807,0.946607358372639,0.43434929385651,2815,0.50958904109589
"Road",1988,11,35308.7998697933,4.06666666666667,259.839999136667,24.4,2.33333333333333,-10.7666666666667,-4.21666666666667,294.666666666667,23.2736990589943,0,1.13615683387253,-0.599233108219166,-0.00670433040563703,-0.460144153991682,-0.635945749614051,-0.775998213980175,-0.71228075417303,-0.777585338471123,-0.578803608719074,-0.632589984435722,-0.467603333559473,-0.410588557347324,597.631998014334,0.447219719828682,0.152553053162015,2815,0.50958904109589
"Road",1988,12,33580.7994792,2.63333333333333,274.239999136667,82,-1.73333333333333,-16.5166666666667,-9.125,180,13.8108215893844,0,0.427865362216174,1.17275253430344,-0.438370637743176,0.0489200104606457,-0.371087658916586,-0.558800264172403,-0.710060070601888,-0.665890129867853,-0.739830291025388,-0.54605135956679,-0.60277646745035,-0.43630075052945,630.751998014334,0.306766615722156,0.126766615722156,2815,0.50958904109589
"Road",1989,1,34615.741809471,1.38709677419355,312.154840774194,96.9032258064516,-3.14516129032258,-19.0483870967742,-11.0967741935484,144.516129032258,12.204867426718,0,0.658720722965821,0.65088172115385,1.22863854096728,-0.124091336161251,0.133932119928437,-0.273096662901626,-0.484276472189122,-0.613351246107163,-0.553362351416273,-0.636058429492154,-0.440450928164369,-0.505869514941398,717.956133780646,0.262473647259088,0.11795751822683,2815,0.50958904109589
"Road",1989,2,37904.9143415179,3.07142857142857,385.828574317857,178,-0.75,-15.4642857142857,-8.10714285714286,207.142857142857,20.7023517364902,0,0.683175323746886,0.834823219654316,0.801970052306088,1.17729284622594,0.22574078379105,0.308125956453766,-0.0454748092043551,-0.312393616632425,-0.456524080255351,-0.414023484660696,-0.521258046772387,-0.325640410779037,887.405720931071,0.33213968995307,0.124996832810213,2815,0.50958904109589
"Road",1989,3,42274.6838457677,2.12903225806452,510.245168374194,241.161290322581,6.48387096774194,-8.56451612903226,-1.04032258064516,334.193548387097,53.4176957794273,0,-0.85780577060485,-0.320800340233156,0.0220215155045431,0.168346434355033,0.544473189150195,-0.17684256369166,-0.102020044195477,-0.398987687363866,-0.555915173698794,-0.618132353140431,-0.531429264567046,-0.61690895959201,1173.56388726065,0.566142907477428,0.231949359090331,2815,0.50958904109589
"Road",1989,4,46932.4800781267,1.36666666666667,610.026665243333,246.8,10.9,-4.25,3.325,414.666666666667,81.849844183534,27.8120713442441,-1.080020360246,-1.19800700668799,-0.825445005299612,-0.518409288842764,-0.359816562304129,-0.0498190684558555,-0.549991056540886,-0.472457183289,-0.7002821207856,-0.806347857388013,-0.839447020788122,-0.709593208498111,1403.06133005967,0.775104387870651,0.360437721203984,2815,0.50958904109589
"Road",1989,5,50847.7935987871,0.967741935483871,620.180645358065,212.258064516129,15.3064516129032,-0.790322580645161,7.25806451612903,440,117.042374744229,58.0165615446182,-0.645987076066781,-0.975307135275909,-1.0798998824125,-0.888081486215774,-0.696027254734601,-0.587377143863021,-0.343316788145413,-0.696015718834838,-0.643126115956498,-0.830787227128093,-0.916854949147684,-0.963126045082281,1426.41548432355,1.01907938680291,0.579079386802911,2815,0.50958904109589
"Road",1989,6,52784.6404947633,0.566666666666667,611.733338416667,125.6,19.4,2.25,10.825,376,139.64401555726,80.0809801551202,0.68490591549995,-0.0658004970218535,-0.444295310477863,-0.574171422581068,-0.441110696850996,-0.324807747038195,-0.228172178820344,-0.0398733649478578,-0.350909522398019,-0.328528437261984,-0.505159558398901,-0.638840953449141,1406.98667835833,1.29657535093024,0.92057535093024,2815,0.50958904109589
"Road",1989,7,51929.1872479839,2.03225806451613,499.199994490323,15.3548387096774,24.5483870967742,6.2258064516129,15.3870967741935,489.032258064516,168.098737835695,108.102035427397,-0.899537121323304,-0.109845292325433,-0.446578604722871,-0.696649195151098,-0.799370361170603,-0.701200602326906,-0.602559500069956,-0.51854548639616,-0.338296379040249,-0.581925493163776,-0.560304870649631,-0.713208041017946,1148.15998732774,1.74714611677355,1.25811385870903,2815,0.50958904109589
"Road",1989,8,48495.4838709677,1.29032258064516,466.993550454839,0,21.0322580645161,4.43548387096774,12.7338709677419,654.193548387097,132.238862472941,87.3043399222728,0.5330732037706,-0.389717438304935,0.0401202122780618,-0.339545318158941,-0.592403177589236,-0.708603763403911,-0.620750999913792,-0.533279180442127,-0.454864165676912,-0.292678982544238,-0.528023047218688,-0.504540154975217,1074.08516604613,1.47083448468291,0.816640936295814,2815,0.50958904109589
"Road",1989,9,43983.3600260433,1.33333333333333,426.13333435,0,18.9833333333333,0.966666666666667,9.975,584,100.119182442729,63.1250077642242,-0.818935012589476,-0.165653581009847,-0.605664530972262,-0.1803902653229,-0.522834130597026,-0.73445479708789,-0.856318425432003,-0.773796583742815,-0.685642486748301,-0.608084643408485,-0.451047579576734,-0.657078698190821,980.106669005,1.2250198669066,0.641019866906604,2815,0.50958904109589
"Road",1989,10,39320.3612651161,1,350.55483566129,0.774193548387097,11.6935483870968,-4.87096774193548,3.41129032258065,440,56.8908714427145,24.7027503457968,-0.265406595613532,-0.685688955746626,-0.21630482391957,-0.639477041094461,-0.220355997009127,-0.56912362956302,-0.772170829307816,-0.87818097771541,-0.790513218083228,-0.707100518747519,-0.628727241274461,-0.47040409138832,806.276122020967,0.77984524643679,0.33984524643679,2815,0.50958904109589
"Road",1989,11,35412.4798177133,1.5,309.12000173,10.9333333333333,5.56666666666667,-9.91666666666667,-2.175,297.333333333333,29.1055403196333,0,-0.728588654113678,-0.700561192360354,-0.903795868332646,-0.453112268948677,-0.79479276105153,-0.312750231962899,-0.649035117097396,-0.837111173555112,-0.94106812610892,-0.851538526330773,-0.764973927964387,-0.679048511832557,710.976003979,0.520779482095855,0.223446148762522,2815,0.50958904109589
"Road",1989,12,33592.31953128,0.833333333333333,278.506668856667,57.2,-1,-15.8333333333333,-8.41666666666667,186.666666666667,14.9637474369099,0,-0.556166937025664,-0.889551026009597,-0.862648673280863,-1.0081264740987,-0.610796059777617,-0.886449087764152,-0.40580815559643,-0.706076789498318,-0.88173714987396,-0.98495321027004,-0.899222550447747,-0.811670427528624,640.565338370334,0.324233185943573,0.137566519276906,2815,0.50958904109589
"Road",1990,1,34615.741809471,1.19354838709677,314.116128741935,110.58064516129,-1.43548387096774,-16.9032258064516,-9.16935483870968,174.193548387097,15.4975599322625,0,-0.305485556700062,-0.469858428053912,-0.876684514177901,-0.89228247555946,-1.10034157541691,-0.76288237168599,-0.960355420446395,-0.483350933168009,-0.710753595254734,-0.875535627885335,-0.977262819725594,-0.898893862064681,722.46709610645,0.305701307003399,0.131507758616302,2815,0.50958904109589
"Road",1990,2,37904.9143415179,2.03571428571429,408.799999239286,162.285714285714,1.03571428571429,-14.8571428571429,-6.91071428571429,198.571428571429,24.1712250285915,0,-0.542469464271846,-0.457260319226487,-0.5374890802749,-0.839398178968015,-0.848193965259245,-1.10498128876269,-0.822626311171129,-1.01532918710189,-0.520029903103883,-0.728550596771109,-0.894809176411828,-0.995336242207311,940.239998250358,0.364340164877145,0.165768736305716,2815,0.50958904109589
"Road",1990,3,42274.6838457677,1.61290322580645,492.490321990323,212.387096774194,6.14516129032258,-8.17741935483871,-1.01612903225806,330.322580645161,52.1887972495538,0,-0.760577157823335,-0.783481537327869,-0.701540135305251,-0.720807006530187,-0.956100222402064,-0.932623438244504,-1.18746233673674,-0.969675392323947,-1.10367376941948,-0.648261615922076,-0.805117365012413,-0.95794730489801,1132.72774057774,0.567147167059183,0.236824586414022,2815,0.50958904109589
"Road",1990,4,46932.4800781267,3.03333333333333,531.94667053,204.266666666667,9.88333333333333,-4.21666666666667,2.83333333333333,409.333333333333,77.1247507632684,24.4669492484758,-0.295901554736469,-0.557392441329636,-0.608424881500161,-0.582288796345793,-0.607999000781104,-0.794788442818157,-0.79258313510758,-1.05043689017681,-0.876448464461505,-1.03748841414191,-0.639189529494798,-0.773837596744747,1223.477342219,0.748575422867652,0.339242089534319,2815,0.50958904109589
"Road",1990,5,50847.7935987871,0.870967741935484,657.032262,199.741935483871,13.8870967741935,-2.58064516129032,5.65322580645161,421.935483870968,110.80153759604,47.4942792333656,-0.00625414503329138,-0.188344972123545,-0.374806814020873,-0.425970072145642,-0.439619764273585,-0.479436641107797,-0.623154522032345,-0.634376356904583,-0.868753719150768,-0.74535194988109,-0.920141539488887,-0.616276594428732,1511.1742026,0.912364538537459,0.490429054666491,2815,0.50958904109589
"Road",1990,6,52784.6404947633,0.566666666666667,626.773334756667,119.866666666667,22.5166666666667,3.2,12.8583333333333,522.666666666667,158.730142370959,91.9173612517338,-1.21284437602935,-0.843319171142189,-0.732720354402715,-0.802450449906414,-0.841007504740619,-0.834693237859089,-0.83694436033907,-0.922156365165746,-0.914606117854935,-1.07852860095863,-0.995104826462769,-1.11561642531797,1441.57866994033,1.48288014467725,0.960213478010579,2815,0.50958904109589
"Road",1990,7,51929.1872479839,2.58064516129032,447.483868016129,8,22.0967741935484,5.67741935483871,13.8870967741935,788.387096774194,151.936586251948,99.5772900561157,0.972726937347161,-0.275456849603538,-0.272125072243286,-0.335358513845271,-0.447128790447958,-0.495837352936791,-0.513012597996575,-0.520715689894263,-0.593588125257294,-0.606151607566836,-0.786164518179513,-0.713100910309481,1029.2128964371,1.58581443619262,0.797427339418424,2815,0.50958904109589
"Road",1990,8,48495.4838709677,1.09677419354839,462.761291503226,0,21.7096774193548,4.45161290322581,13.0806451612903,682.58064516129,136.379095353731,89.2032347464217,-0.117090722765863,0.583653621622909,-0.344532001864856,-0.362821166904905,-0.403485937041287,-0.516651070558574,-0.560990838525079,-0.574763697946225,-0.578924524573866,-0.647386766963124,-0.661585374010283,-0.819134161333495,1064.35097045742,1.50461186858798,0.822031223426687,2815,0.50958904109589
"Road",1990,9,43983.3600260433,2.23333333333333,399.360002643333,0,19.9333333333333,3.08333333333333,11.5083333333333,690.666666666667,102.168514766526,70.7836887351432,-1.0053504078324,-0.759760548062336,0.127760051065038,-0.580391122727223,-0.586462530779995,-0.594815393564679,-0.71183386430314,-0.7500191303119,-0.754063012401216,-0.751458841662242,-0.806622281216649,-0.808403930674075,918.528006079666,1.35674405936207,0.666077392695401,2815,0.50958904109589
"Road",1990,10,39320.3612651161,2.12903225806452,374.503226003226,8.25806451612903,11.1451612903226,-4.37096774193548,3.38709677419355,452.903225806452,54.9982996001609,24.5623464720061,0.326709395612821,-0.420671920726639,-0.457362378865456,0.230498356984244,-0.454262017002225,-0.52188277304012,-0.547913338665118,-0.654389771750333,-0.686203784687915,-0.696103602330657,-0.693591936661866,-0.747954412240653,861.35741980742,0.778513451552315,0.325610225745863,2815,0.50958904109589
"Road",1990,11,35412.4798177133,2.26666666666667,290.666666163333,35.0666666666667,4.68333333333333,-9.53333333333333,-2.425,313.333333333333,27.4433688673523,0,-0.224826711475813,0.0520519160554841,-0.419700932888885,-0.456181221580737,0.250307301705672,-0.430998401777371,-0.5136329801488,-0.541406496177731,-0.65225278445211,-0.68201806222421,-0.690320740825008,-0.681702897796991,668.533332175666,0.511229833479237,0.197896500145904,2815,0.50958904109589
"Road",1990,12,33592.31953128,1.73333333333333,279.679999796667,69.3333333333333,-3.58333333333333,-18.6666666666667,-11.125,160,10.7340541359681,0,1.11456006432012,0.435339402657393,0.478661521339778,-0.112775762714388,-0.187258799741666,0.40495943513964,-0.277267673459265,-0.384889116218023,-0.432593411888203,-0.557956608524088,-0.59177699165097,-0.601990968630637,643.263999532334,0.261883334661711,0.101883334661711,2815,0.50958904109589
"Road",1991,1,34615.741809471,0.903225806451613,337.961291406452,139.354838709677,-2.93548387096774,-19.2903225806452,-11.1129032258065,139.354838709677,12.3471676553771,0,0.497144013556967,0.896609463993258,0.587383626616901,0.634654501876122,-0.0765203146851802,-0.147610065223807,0.39459215183714,-0.238507981727469,-0.299327474463192,-0.346882959517482,-0.47074439999069,-0.512569923792417,777.31097023484,0.262136180728171,0.122781342018494,2815,0.50958904109589
"Road",1991,2,37904.9143415179,1.10714285714286,423.771429332143,153.714285714286,3.05357142857143,-15,-5.97321428571429,188.571428571429,27.9799266120535,0,-1.75771258863503,-0.815681263521419,-0.112535045826539,-0.209434603531628,-0.0555070565339108,-0.579523966969705,-0.596676814753617,0.0415638690937961,-0.483686275450419,-0.490129272716697,-0.511902221580816,-0.621650210319182,974.674287463929,0.391482637263036,0.202911208691607,2815,0.50958904109589
"Road",1991,3,42274.6838457677,4.87096774193548,478.038704167742,270.838709677419,3.09677419354839,-12.5,-4.70161290322581,243.870967741935,42.5020356504659,0,1.20278968815201,0.212650691735937,0.370369284806368,0.642219720863082,0.544223688185245,0.558469379378974,0.0307868225784124,-0.0359501504268541,0.400453341413611,-0.0952695728638684,-0.140362480330455,-0.204738570069235,1099.48901958581,0.431167844358821,0.187296876616886,2815,0.50958904109589
"Road",1991,4,46932.4800781267,2.33333333333333,568.106675206667,348.266666666667,7.18333333333333,-8.5,-0.658333333333333,325.333333333333,67.5751557133393,0,0.812938363622705,1.17587682919706,0.663811125421837,0.689127571667507,0.862712833398658,0.791472737581555,0.77499372731573,0.406063735671938,0.340556116683877,0.621288776332492,0.174820952313759,0.145064135667972,1306.64535297533,0.582184718682232,0.256851385348899,2815,0.50958904109589
"Road",1991,5,50847.7935987871,0.67741935483871,683.458071796774,358.709677419355,13.9032258064516,-2.12903225806452,5.88709677419355,496.774193548387,110.416851123292,49.0614016863396,0.0132593325305176,0.392975532718866,0.756739695428962,0.438744251059902,0.48215852020137,0.658920898896305,0.614097436746713,0.612672474699264,0.31340533193795,0.234650685146967,0.489067286923455,0.102640945715811,1571.95356513258,0.927273386995437,0.43049919344705,2815,0.50958904109589
"Road",1991,6,52784.6404947633,1.43333333333333,658.666660566667,274.533333333333,19.0333333333333,2.58333333333333,10.8083333333333,546.666666666667,136.68481828378,79.9822244355131,1.06078654776629,0.596465519223874,0.742651694907869,0.965334943881994,0.702171248935795,0.722688203965115,0.869722382811342,0.820388107677552,0.814338978384931,0.574308143530917,0.522862669539057,0.719774946784169,1514.93331930333,1.29513766758293,0.748471000916259,2815,0.50958904109589
"Road",1991,7,51929.1872479839,2.2258064516129,570.322581629032,146.064516129032,22.2741935483871,4.82258064516129,13.5483870967742,590.967741935484,154.965440961981,97.6275092667824,0.583846511016857,1.0770400984241,0.697918408966647,0.797490926327749,1.01641585248655,0.768799534414249,0.78417844502842,0.92082048581848,0.870182705434397,0.877827313056482,0.671620405255963,0.613933300140545,1311.74193774677,1.55125183793687,0.960284096001384,2815,0.50958904109589
"Road",1991,8,48495.4838709677,0.870967741935484,511.070969119355,19.3548387096774,21.6935483870968,4.96774193548387,13.3306451612903,709.677419354839,135.346506612349,90.5659834684817,0.00763833105711073,0.381220529235301,0.862559319863052,0.571105838210253,0.702720215504053,0.949166107364055,0.69291980180266,0.715612670482803,0.8522596427239,0.799836961998131,0.81135603812636,0.596827173745346,1175.46322897452,1.52938434409667,0.819706924741835,2815,0.50958904109589
"Road",1991,9,43983.3600260433,1.43333333333333,404.586664836667,0,17.6666666666667,1.1,9.38333333333333,618.666666666667,93.9607084937352,60.1083140316332,0.212353534581365,0.127228646688701,0.432249155694912,0.840894621802996,0.590685521400819,0.717551323397895,0.966733946390792,0.70294981138793,0.724408650129822,0.84814168325927,0.793076473136876,0.806124890393752,930.549329124334,1.17728864294423,0.558621976277567,2815,0.50958904109589
"Road",1991,10,39320.3612651161,1.93548387096774,336.929032354839,1.54838709677419,13.0806451612903,-3.80645161290323,4.63709677419355,449.032258064516,60.7617506506059,31.5877870396876,-0.839676793682234,-0.225445349990424,-0.236022042518573,0.164040462357744,0.594031394464666,0.371051016031805,0.524942251283286,0.782862498265133,0.535376485073391,0.565570053039129,0.686968873415633,0.643668397916522,774.93677441613,0.850019334537768,0.400987076473252,2815,0.50958904109589
"Road",1991,11,35412.4798177133,3.76666666666667,268.47999877,60.8,1.6,-11.0833333333333,-4.74166666666667,282.666666666667,22.0154649466143,0,1.34495037368999,0.194775892545456,0.412894681195559,0.344767297575536,0.566079798359041,0.878669903400259,0.660648244593093,0.767023877946847,0.994992492192051,0.747448994348537,0.767099654184667,0.868144475431333,617.503997171,0.42986524017723,0.147198573510563,2815,0.50958904109589
"Road",1991,12,33592.31953128,0.433333333333333,325.653333026667,110.133333333333,-0.816666666666667,-16.6,-8.70833333333333,170.666666666667,14.955698991773,0,-0.680394158695624,0.710433862274402,-0.148126443556205,0.148877310137759,0.110024748236415,0.420064404399292,0.77005053405258,0.567523923444524,0.691933221333161,0.926859171971599,0.680402763882763,0.703526386301859,749.002665961334,0.31693663522843,0.146269968561763,2815,0.50958904109589
"Road",1992,1,34615.741809471,0.516129032258065,337.548386848387,141.161290322581,-1.12903225806452,-17.758064516129,-9.44354838709677,160,15.5582947505559,0,-0.520150127517345,-0.666674568449194,0.259375069889095,-0.345568571580311,-0.141981753592265,-0.14243213388001,0.213499766808951,0.625970719595655,0.473386188483826,0.614977300242824,0.853413020411339,0.629871775582545,776.36128975129,0.299188588991533,0.139188588991533,2815,0.50958904109589
"Road",1992,2,37980.2483836207,1.6551724137931,397.793102393103,168.137931034483,1.96551724137931,-13.8965517241379,-5.96551724137931,213.793103448276,26.243845773832,0,-1.20279432784259,-1.07071944899017,-1.00296766899563,-0.199100193737297,-0.597066721572696,-0.465208361267992,-0.428540684616466,-0.0138133408174562,0.453502656758419,0.322145793907365,0.475654474733598,0.706167784988252,914.924135504137,0.39171273004692,0.177919626598644,2815,0.50958904109589
"Road",1992,3,42430.7612147194,2.64516129032258,483.406451319355,219.483870967742,6,-9.46774193548387,-1.73387096774194,298.064516129032,51.9157613527501,0,-0.576022284206182,-0.920695227226087,-0.892856813191816,-0.918817426775836,-0.380599858685614,-0.655896333151563,-0.608018031020424,-0.590598033435991,-0.203050397007742,0.309446793556339,0.221350655164974,0.38208584199539,1111.83483803452,0.538016882940329,0.239952366811297,2815,0.50958904109589
"Road",1992,4,47070.7200520867,1.33333333333333,593.493327843333,231.2,11.8333333333333,-3.76666666666667,4.03333333333333,396,85.8414742021785,32.4639758836928,-1.51778334647473,-1.37338731860295,-1.57525711069426,-1.48795615659356,-1.41931699056218,-0.995577389905448,-1.11099445460704,-1.0511106744588,-1.03726636831882,-0.670912708532351,-0.146991566950892,-0.135900679547854,1365.03465403967,0.814786945548187,0.418786945548187,2815,0.50958904109589
"Road",1992,5,50948.1291582613,2.03225806451613,563.612899290323,176.645161290323,15.1290322580645,0.0645161290322581,7.59677419354839,518.709677419355,114.75782986156,60.1748930576905,-0.295585244296847,-1.01524513356186,-1.010712320845,-1.18063313882403,-1.1724468037019,-1.1862042571839,-0.899299664287138,-0.994961782698746,-0.972196896822958,-0.969003335301258,-0.708440288283783,-0.280109887822124,1296.30966836774,1.04296126769779,0.524251590278434,2815,0.50958904109589
"Road",1992,6,52807.68046872,0.6,600.426670326667,88.2666666666667,18.75,2.2,10.475,534.666666666667,135.50221168077,78.0006641154237,1.0937928308232,0.424622683446986,-0.284173003769728,-0.352361556318538,-0.497689134364589,-0.535976374269719,-0.55877393878398,-0.327269918854776,-0.462122781897702,-0.473985918863458,-0.498385406045953,-0.331169594642651,1380.98134175133,1.26667736166744,0.732010695000773,2815,0.50958904109589
"Road",1992,7,51851.1485635097,2.03225806451613,466.683870377419,4,20.2096774193548,4.24193548387097,12.2258064516129,651.612903225806,141.97710068871,89.9180129369953,1.94623962325218,1.85456177683342,1.18765705555277,0.42967704739551,0.285416185707895,0.131128968665726,0.0587339910399231,0.0278235709191332,0.23026797999063,0.0915328865790588,0.0783895164430213,0.0413603865308212,1073.37290186806,1.42255130976297,0.770938406537161,2815,0.50958904109589
"Road",1992,8,48361.703125,2.70967741935484,416.412903325806,0,20.4354838709677,4.32258064516129,12.3790322580645,765.161290322581,128.782723335341,85.350590637806,1.16996384106477,1.87370374044018,2.07473174306617,1.48369957293241,0.674261519527895,0.499350502012994,0.339658330798405,0.25923632746771,0.22224857760441,0.410676442852062,0.259078164020353,0.258367045126084,957.749677649354,1.43696382603966,0.671802535717074,2815,0.50958904109589
"Road",1992,9,43822.0800781267,0.966666666666667,428.58666687,0,18.0166666666667,0.9,9.45833333333333,634.666666666667,95.7711935504707,60.4927635934367,-0.157970453510727,0.738722891280209,1.44433845351193,1.68840875840919,1.33371391854684,0.60214674873705,0.428680516413293,0.269018140078667,0.193259622248961,0.152215703302745,0.338371994226193,0.200923466076848,985.749333801,1.18324687658022,0.548580209913554,2815,0.50958904109589
"Road",1992,10,39175.4322076581,1.41935483870968,330.012903274194,0,13.5645161290323,-2.61290322580645,5.4758064516129,508.387096774194,61.6943623506327,36.0862163683982,-1.10968476698876,-0.744456726827403,0.200116289950163,1.09199419243331,1.34618823983625,1.03046021812332,0.357608491130746,0.21590473321872,0.0750480386782322,0.0103010896378349,-0.0230826068504063,0.165399616387984,759.029677530646,0.901196110327348,0.392809013553154,2815,0.50958904109589
"Road",1992,11,35308.7998697933,2.1,298.346665953333,44.5333333333333,-0.65,-13.85,-7.25,224,18.14524487172,0,1.80200039088154,0.306401883504133,0.275665112182529,0.8387443621629,1.40885564007469,1.56950181273297,1.36035895859981,0.685686201078024,0.522051816466869,0.370883285252362,0.295606693848905,0.25466089818514,686.197331692666,0.354937949477796,0.130937949477796,2815,0.50958904109589
"Road",1992,12,33580.7994792,2.13333333333333,271.359999336667,84.9333333333333,-3.31666666666667,-16.8833333333333,-10.1,178.666666666667,11.7433268650132,0,0.930880249007594,2.03846952220337,0.637978779259139,0.443506274835516,0.958523662533069,1.50485867807033,1.65639779494821,1.46855460530306,0.78982421455465,0.618306675556358,0.460955050259577,0.381697048657668,624.127998474334,0.284095780662374,0.105429113995707,2815,0.50958904109589
"Road",1993,1,34615.741809471,3.67741935483871,306.683872835484,202.58064516129,-1.64516129032258,-15.0322580645161,-8.33870967741935,203.870967741935,15.8052065145352,0,0.313529328882131,0.69267882274262,1.68903955551957,0.688356058519118,0.413210742815256,0.962016787540467,1.53206746210239,1.67397820212634,1.44821329403388,0.807722403998398,0.65623993153844,0.509781959645013,705.372907521613,0.326208573397978,0.122337605656043,2815,0.50958904109589
"Road",1993,2,37904.9143415179,6.71428571428571,336.800002507143,327.571428571429,-1.35714285714286,-13.3928571428571,-7.375,230,20.1377190314267,0,1.58603228986888,1.18196087511585,1.23788608233526,1.75977576723098,1.15341835376394,0.857667967782098,1.28339139991731,1.70808425893251,1.77526946214623,1.5825590293662,1.00923865367189,0.860836307454854,774.640005766429,0.351528793973472,0.121528793973472,2815,0.50958904109589
"Road",1993,3,42274.6838457677,2.96774193548387,554.632262196774,452.645161290323,4.82258064516129,-11.7258064516129,-3.45161290322581,267.096774193548,47.9573788479811,0,0.0757165964068712,0.877919532697272,0.814426402242705,0.981957815964207,1.449328257652,0.971108856242046,0.787857847202201,1.19126706968077,1.65929167827104,1.69480030604701,1.48777152452898,0.993020210018005,1275.65420305258,0.473624542346326,0.206527768152778,2815,0.50958904109589
"Road",1993,4,46932.4800781267,3.23333333333333,566.613329063333,513.866666666667,7.08333333333333,-7.81666666666667,-0.366666666666667,353.333333333333,66.9866703628573,0,0.981997159824197,0.783486180796715,1.0968678585689,1.02701841110001,1.15101920933257,1.46177073753503,1.12368384129925,1.02675002240723,1.31598479826295,1.71464132073596,1.72898057641347,1.52869531775652,1303.21065684567,0.594703574141965,0.241370240808632,2815,0.50958904109589
"Road",1993,5,50847.7935987871,1.61290322580645,655.070975022581,508,13.741935483871,-1.90322580645161,5.91935483870968,526.451612903226,109.224249791651,49.2765737956864,0.227055352812597,0.615856571691712,0.579737742837065,0.858278862381968,0.837338795744997,0.987394834153219,1.26650681681476,0.979914461998881,0.908281163989838,1.16654174761883,1.60888623819167,1.70214894266285,1506.66324255194,0.929346584358908,0.402894971455682,2815,0.50958904109589
"Road",1993,6,52784.6404947633,0.9,688.85333252,429.333333333333,18.3666666666667,1.35,9.85833333333333,565.333333333333,134.402709324371,74.3011877457901,1.22369542237315,0.845273533423397,0.981705294262343,0.894180010580946,1.08590977506665,1.05970688557108,1.17630433736579,1.37529225853923,1.15346525184073,1.10455455769131,1.3399423661848,1.7442527460139,1584.362664796,1.21547532372521,0.650141990391872,2815,0.50958904109589
"Road",1993,7,51929.1872479839,0.870967741935484,670.245167390323,314.451612903226,21.5483870967742,4.11290322580645,12.8306451612903,500.645161290323,151.347418045682,93.4632946138222,0.845706613231923,1.32939335519311,0.997187850409182,1.09941209363677,1.02553034550412,1.21192043438746,1.1844272159708,1.29293514636097,1.47410184210776,1.2607463523002,1.2408632239844,1.47052398529053,1541.56388499774,1.48019296226328,0.979547800972955,2815,0.50958904109589
"Road",1993,8,48495.4838709677,1.90322580645161,531.406456729032,178.838709677419,19.8870967741935,4.58064516129032,12.2338709677419,566.451612903226,124.914820490887,84.5481271240944,1.51020729416273,1.39809387261721,1.75097431652365,1.43689221524725,1.47384528762038,1.37121267967643,1.55564556407869,1.51152407120839,1.61298467092504,1.80035530516502,1.56031836702464,1.55995816700806,1222.23485047677,1.42330667975345,0.856855066850228,2815,0.50958904109589
"Road",1993,9,43983.3600260433,1.6,514.026665243333,64.8,16.9833333333333,0.133333333333333,8.55833333333333,512,91.8848485091049,55.8375869158773,0.556531151758867,1.37177723820205,1.30700940718889,1.62674772434047,1.49344578025594,1.53915314226215,1.48069342125091,1.66116117174849,1.60477066745729,1.68337688237285,1.86051119530998,1.60148389780631,1182.26133005967,1.11347303224339,0.601473032243393,2815,0.50958904109589
"Road",1993,10,39320.3612651161,2.83870967741935,325.883870770968,8.25806451612903,10.3709677419355,-4.2258064516129,3.07258064516129,447.741935483871,52.5521772293038,22.7182500784381,0.893366058242544,0.954894494567153,1.46958036649185,1.42100538119016,1.67232573772686,1.64972965171215,1.6914707713642,1.59795537553253,1.74038838770939,1.69273513906264,1.7570396947843,1.90655245496841,749.532902773226,0.761382393279775,0.313640457795904,2815,0.50958904109589
"Road",1993,11,35412.4798177133,3.33333333333333,301.43999888,50.6666666666667,0.983333333333333,-13.4833333333333,-6.25,225.333333333333,20.7964702817716,0,1.51160222296425,1.59595813373384,1.2821772160041,1.69616675842141,1.61350383632241,1.78605728743526,1.84775970893171,1.86554157507255,1.77348075553492,1.87823354452735,1.82235818430147,1.84532265525593,693.311997424,0.383287972155119,0.157954638821786,2815,0.50958904109589
"Road",1993,12,33592.31953128,1.06666666666667,304.213332113333,117.466666666667,-2,-17.6833333333333,-9.84166666666667,162.666666666667,13.0498391563326,0,0.157793336518076,1.35040205082064,1.59218886546677,1.26615826924491,1.72852281259356,1.63511177490206,1.80981839030758,1.86470216621691,1.88115556990845,1.8030554951052,1.91458822449081,1.85132783806003,699.690663860666,0.28995232636073,0.127285659694063,2815,0.50958904109589
"Road",1994,1,34615.741809471,0.67741935483871,326.090323170968,108.258064516129,-1.32258064516129,-17.2258064516129,-9.2741935483871,167.741935483871,15.5233227183906,0,-0.463137255386834,-0.185339439522344,0.784508869687847,1.18461901987427,1.11565667892686,1.67242535323612,1.57550835469746,1.75467626925969,1.72783999370646,1.73723025554694,1.68091244448331,1.82786031591521,750.007743293226,0.30319639100941,0.135454455525539,2815,0.50958904109589
"Road",1994,2,37904.9143415179,3.57142857142857,384.571429117857,178.428571428571,-1.01785714285714,-16,-8.50892857142857,187.142857142857,20.0240095867234,0,0.964768314937369,0.430278042467942,0.390440877621228,1.00923607958079,1.2312468720671,1.23624781623864,1.71532792911473,1.64156788890598,1.76092107185462,1.72394130994122,1.7405338955843,1.68688218789829,884.514286971071,0.321909086204115,0.134766229061258,2815,0.50958904109589
"Road",1994,3,42274.6838457677,1.12903225806452,535.741942370968,223.612903225806,6.74193548387097,-10.4677419354839,-1.86290322580645,270.967741935484,54.3212922353539,0,-1.1046665197929,-0.409827368676379,-0.445983106934287,-0.310108719517107,0.250580383138987,0.514890234752064,0.618494749201758,1.21270355395289,1.27912797224195,1.46283206750804,1.38775050120721,1.44116209247392,1232.20646745323,0.532923215036492,0.261955473101008,2815,0.50958904109589
"Road",1994,4,46932.4800781267,3.13333333333333,545.706670123333,270.533333333333,9.1,-5.7,1.7,386.666666666667,74.6758701752079,16.2522917391151,0.0330206779385225,-0.563549831369306,-0.152114986887805,-0.222895151689956,-0.144386151024673,0.250483681051138,0.441995671278725,0.539155432916305,1.01916501188513,1.13621608174561,1.34416503042471,1.27459097533581,1255.12534128367,0.69046325144429,0.303796584777623,2815,0.50958904109589
"Road",1994,5,50847.7935987871,0.645161290322581,668.387098741935,249.677419354839,15.9838709677419,-0.451612903225806,7.76612903225806,472.258064516129,120.665300738983,61.24683794276,-1.05169973623481,-0.670831902543679,-0.919569319800422,-0.662638224280002,-0.684223997927623,-0.613701852600961,-0.288907118055232,-0.0781180406863337,0.00308661305326112,0.421239365225065,0.614789542110026,0.962472585611744,1537.29032710645,1.05508642654007,0.582828362023942,2815,0.50958904109589
"Road",1994,6,52784.6404947633,0.4,639.040001423333,149.466666666667,22.9,4.25,13.575,542.666666666667,159.612876268747,95.9978366508733,-1.30015580047781,-1.39877094799944,-1.08367110410072,-1.21562748518163,-1.04642391640599,-1.04974394799192,-0.97332004313617,-0.710645378331317,-0.520740259554268,-0.45973365470419,-0.116471460322169,0.091198789391809,1469.79200327367,1.55394329199082,1.01127662532415,2815,0.50958904109589
"Road",1994,7,51929.1872479839,0,563.096773209677,21.9354838709677,24.4838709677419,5.58064516129032,15.0322580645161,383.225806451613,168.915920294521,106.10098031268,-1.16289021181835,-1.51147605613517,-1.48507110777154,-1.24814906942656,-1.36320374069297,-1.24906252196408,-1.24773933956363,-1.18349519710345,-0.970161595471251,-0.804284495858475,-0.75054391089692,-0.461337586282507,1295.12257838226,1.7077340447707,1.32450823831909,2815,0.50958904109589
"Road",1994,8,48495.4838709677,0.741935483870968,460.799998622581,0,23.1774193548387,6.56451612903226,14.8709677419355,353.548387096774,141.563131998411,98.8542664648003,-0.96596212681667,-1.26681089215064,-1.52751714763591,-1.52126806687591,-1.3340174724243,-1.43127345914924,-1.34424938235777,-1.34316188666415,-1.28262348011319,-1.10532981335426,-0.965525050620784,-0.915830898956948,1059.83999683194,1.69007909199343,1.33653070489665,2815,0.50958904109589
"Road",1994,9,43983.3600260433,2.23333333333333,410.026667276667,0,18.2333333333333,1.91666666666667,10.075,441.333333333333,95.6217311448903,63.6313007486301,0.0742214826318146,-0.651618040028507,-1.06805181631342,-1.45537080445027,-1.48414139378595,-1.30904161328027,-1.41078748262233,-1.32339251916311,-1.3215732583971,-1.25945258640818,-1.08604005014738,-0.947836037664084,943.061334736334,1.23325341404706,0.79192008071373,2815,0.50958904109589
"Road",1994,10,39320.3612651161,2,318.658064812903,0.387096774193548,10.3064516129032,-3.82258064516129,3.24193548387097,464.516129032258,52.1228331605239,23.715664392343,0.824112028063881,0.653614029756259,-0.0926042411332052,-0.734913382478796,-1.21414351493629,-1.34976194404186,-1.19491555972844,-1.30685417600485,-1.20982446214245,-1.21467006038001,-1.15165337860271,-0.971975307704975,732.913549069677,0.770564873592826,0.306048744560568,2815,0.50958904109589
"Road",1994,11,35412.4798177133,3.33333333333333,265.91999919,28.4,1.81666666666667,-11.05,-4.61666666666667,281.333333333333,22.3862663302457,0,1.17013172450081,1.33204240918425,0.96191814838981,0.398900260247056,-0.339053619474278,-0.952180955633594,-1.19997146228071,-1.05326004642782,-1.18241925357558,-1.07338676954415,-1.08169209295107,-1.01312004465333,611.615998137,0.433942032458772,0.152608699125439,2815,0.50958904109589
"Road",1994,12,33592.31953128,1.23333333333333,295.786665853333,88,0.0833333333333333,-14.65,-7.28333333333333,213.333333333333,16.7144643393344,0,-0.971489164068056,0.365882293534503,0.820187664639019,0.66225265627931,0.0888051293139848,-0.541941469304185,-1.0687650973855,-1.27810050622203,-1.12733065927458,-1.25030399964611,-1.1473596933749,-1.15251391416611,680.309331462666,0.354025976551008,0.140692643217675,2815,0.50958904109589
"Road",1995,1,34615.741809471,2.19354838709677,299.974193448387,111.354838709677,-1.43548387096774,-15.4193548387097,-8.42741935483871,197.41935483871,16.0021926347109,0,-0.161710271294934,-0.619205466632358,0.180376138209301,0.637770546464655,0.500245361568548,-0.0660906291380694,-0.633464795741446,-1.05929201608801,-1.24849704317152,-1.10675806159951,-1.23312519266667,-1.1354685957871,689.94064493129,0.323961556223241,0.126542201384531,2815,0.50958904109589
"Road",1995,2,37904.9143415179,4.53571428571429,411.428571971429,210.571428571429,4.17857142857143,-10.875,-3.34821428571429,274.285714285714,31.2204792861398,0,-1.71432295978762,-1.23877898124221,-1.23277036265095,-0.493243702589317,-0.0356087496184254,-0.0673907488792039,-0.509572036789764,-0.934600332206925,-1.27891292370598,-1.40186388929971,-1.24226242225904,-1.35943115906088,946.285715534287,0.47729742142673,0.203011707141016,2815,0.50958904109589
"Road",1995,3,42274.6838457677,4.48387096774194,504.258066977419,310.838709677419,5.01612903225806,-10.2741935483871,-2.62903225806452,301.935483870968,48.7411898489559,0,0.191290254715793,-0.568760862337118,-0.472186687239518,-0.640699733187214,-0.183262002737604,0.120279711023549,0.0395343811672041,-0.36314615138497,-0.768537086279658,-1.11748632868872,-1.28683905461637,-1.14504825781393,1159.79355404806,0.503551664341978,0.20161618047101,2815,0.50958904109589
"Road",1995,4,46932.4800781267,3.3,542.186668903333,367.333333333333,7.35,-7.46666666666667,-0.0583333333333333,357.333333333333,67.9805217757365,0,0.87751742257247,0.769399503378495,0.268171863373794,0.212949526972686,0.0486480202865274,0.336291409884609,0.496618110906211,0.440634446071583,0.104113665026237,-0.371562577334516,-0.73975139741512,-0.983135649199388,1247.02933847767,0.608196884089875,0.250863550756542,2815,0.50958904109589
"Road",1995,5,50847.7935987871,5.2258064516129,547.922583793548,386.193548387097,10.6935483870968,-2.54838709677419,4.07258064516129,509.677419354839,92.6620568586816,36.5241772399196,1.77923694227243,1.63127517750071,1.42492638976622,1.11507058529628,1.0171838477331,0.956355058463239,1.13534695545389,1.19025615569979,1.18457950708806,0.912820082764594,0.414538563169009,0.00208849527492947,1260.22194272516,0.817037301623884,0.307359882269045,2815,0.50958904109589
"Road",1995,6,52784.6404947633,1.86666666666667,681.59999695,317.866666666667,18.0166666666667,1.25,9.63333333333333,644,132.326466847929,72.9400088367481,1.49304505209751,2.16030478966615,1.86199639155007,1.63777433758677,1.37989261199873,1.29048326797221,1.23917510527403,1.35421778489267,1.39862305777824,1.41363793743212,1.22323480316783,0.801835272477378,1567.679992985,1.19725292195858,0.553252921958578,2815,0.50958904109589
"Road",1995,7,51929.1872479839,1.61290322580645,594.993550945161,203.612903225806,21.3709677419355,4.32258064516129,12.8467741935484,820.645161290323,149.736710213918,93.5573734579972,1.10992386397282,1.64766061148303,2.12237767916124,2.00466578388125,1.81892742285,1.57223252454632,1.48253940854954,1.4228403550861,1.51461573533307,1.55352408901654,1.60032515796958,1.42398828160569,1368.48516717387,1.48175778994284,0.661112628652513,2815,0.50958904109589
"Road",1995,8,48495.4838709677,0.903225806451613,508.180642406452,56.258064516129,23.4838709677419,6.54838709677419,15.0161290322581,885.161290322581,143.565983879165,99.6262920626461,-1.23165447481851,0.0975023937962478,0.935675081755538,1.7256388506621,1.67318049920951,1.57293040815831,1.30390923312087,1.21882962508767,1.13838071748593,1.26454327562728,1.33422106061283,1.35925727175528,1168.81547753484,1.70596129080935,0.82080000048677,2815,0.50958904109589
"Road",1995,9,43983.3600260433,2.13333333333333,404.693330893333,0,17.7166666666667,1.65,9.68333333333333,630.666666666667,93.5531256824953,61.642495043821,0.385467365993204,-0.637923917208247,0.278677790529383,0.952788891336196,1.70552811982811,1.68476345293185,1.64740772707394,1.36347781932459,1.26999560386226,1.170073161713,1.28949540835178,1.34910632298723,930.794661054666,1.20128139865811,0.570614731991446,2815,0.50958904109589
"Road",1995,10,39320.3612651161,0.870967741935484,368.412903816129,1.41935483870968,11.7096774193548,-4.95161290322581,3.37903225806452,415.483870967742,56.9700432000995,24.5155008478032,-0.306765501644769,0.242305852283272,-0.666329461966492,0.179647010111099,0.821729387448328,1.58059195584776,1.59570036179918,1.5356869882838,1.25644915776548,1.17907167666831,1.08113706767521,1.19796799326006,847.349678777097,0.778069967492205,0.362586096524463,2815,0.50958904109589
"Road",1995,11,35412.4798177133,2.13333333333333,287.4666687,11.8666666666667,6.06666666666667,-8.48333333333333,-1.20833333333333,332,29.9602145314496,0,-0.771286288648993,-0.754827037475313,-0.138751029907179,-0.910835484638049,0.0444065513659595,0.694969810234373,1.38969888339349,1.42431452488729,1.38441826862029,1.1258012704832,1.05650651281328,0.956655133901433,661.17333801,0.559212300978034,0.227212300978034,2815,0.50958904109589
"Road",1995,12,33592.31953128,1.33333333333333,279.893332926667,42.8,0.866666666666667,-13.6666666666667,-6.4,236,17.9949778093008,0,-1.30252568255158,-1.26296612809032,-1.15492196277735,-0.589500710723835,-1.20768419571198,-0.238473010025193,0.486235194187338,1.2169533677318,1.27636944876754,1.25197885659357,0.997976843434522,0.932464233825956,643.754665731334,0.378911053690948,0.142911053690948,2815,0.50958904109589
"Road",1996,1,34615.741809471,5.03225806451613,293.780644816129,276.387096774194,-2.58064516129032,-15.5967741935484,-9.08870967741935,194.838709677419,14.3492768439019,0,1.01782718564041,-0.033996365719573,-0.59435838027453,-0.693947949987708,-0.331192346042427,-0.933640240924116,-0.106017861363104,0.586032473692022,1.31630966615912,1.35467406290057,1.33907200187139,1.11494518144771,675.695483077097,0.307640689784416,0.112801980106997,2815,0.50958904109589
"Road",1996,2,37980.2483836207,4.31034482758621,455.393106393103,380.965517241379,1.48275862068966,-13.7931034482759,-6.1551724137931,228.965517241379,25.3416101548875,0,-0.232383041035928,0.572546353747916,-0.0729112895626582,-0.471968698912062,-0.570654486395631,-0.359903309519496,-0.906347473398786,-0.130672798151789,0.559715020760883,1.22118497953442,1.27235460215569,1.2593792610851,1047.40414470414,0.386078138332406,0.157112621091027,2815,0.50958904109589
"Road",1996,3,42430.7612147194,2.2258064516129,549.987098445161,447.741935483871,4.66129032258065,-11.8709677419355,-3.60483870967742,258.064516129032,47.4221169687626,0,0.0431884144322696,0.00739155291400184,0.405735330247994,0.0595227074675917,-0.245046091927776,-0.353321022050468,-0.268361615743839,-0.744099878583989,-0.112443342839618,0.56228219699009,1.16536251276439,1.22174370633965,1264.97032642387,0.468227895640138,0.210163379511106,2815,0.50958904109589
"Road",1996,4,47070.7200520867,2.46666666666667,572.586667886667,486.4,8.68333333333333,-6.58333333333333,1.05,385.333333333333,73.3159200798619,11.0492109912039,0.122250387465641,0.209591954469078,0.162277753789049,0.397772853057536,0.161253016456743,-0.0664238862391979,-0.169975495343737,-0.114242734386681,-0.525554517004923,-0.0429717448743097,0.558687726277894,1.10550775812654,1316.94933613933,0.658969908943324,0.273636575609991,2815,0.50958904109589
"Road",1996,5,50948.1291582613,0.838709677419355,658.270967545161,462.967741935484,16.3387096774194,0.32258064516129,8.33064516129032,557.41935483871,121.746108397953,64.7870906988421,-1.14077989750287,-0.682936619256331,-0.50264636062537,-0.492028269346776,-0.259035136044241,-0.422849948553779,-0.578236909878626,-0.602777612179671,-0.556371743021357,-0.872973613174669,-0.471533351230577,0.107667459145341,1514.02322535387,1.09640711405271,0.538987759213999,2815,0.50958904109589
"Road",1996,6,52807.68046872,1.6,654.186662803333,365.866666666667,20.6333333333333,3.33333333333333,11.9833333333333,509.333333333333,145.928838204771,86.8732813281892,0.138051607634204,-0.682969089676591,-0.464628297331135,-0.347297754980083,-0.352721352727843,-0.184784085755657,-0.292408957812008,-0.409427812373939,-0.448426002484512,-0.425698903776582,-0.701263315043543,-0.389800073215265,1504.62932444767,1.40000398166642,0.890670648333085,2815,0.50958904109589
"Road",1996,7,51851.1485635097,0.935483870967742,653.00645003871,218.322580645161,24.4516129032258,6.59677419354839,15.5241935483871,516.129032258065,166.624739625858,108.872700548484,-0.862888662416733,-0.446065204948176,-0.86427021077739,-0.699121256415644,-0.607975071503409,-0.617808664501858,-0.474103080062258,-0.560237044701189,-0.638046957513097,-0.654603958532288,-0.634071940506154,-0.868138835200163,1501.91483508903,1.76258605141577,1.24645701915771,2815,0.50958904109589
"Road",1996,8,48361.703125,0.354838709677419,561.961290912903,64.258064516129,23.3548387096774,5.38709677419355,14.3709677419355,532.903225806452,144.96937681912,96.1834558144572,-1.49995077206709,-1.3011833207081,-0.944873589568335,-1.16249166266802,-0.989822614774585,-0.917162768458846,-0.925615377127753,-0.796709747889747,-0.859335516521756,-0.920094995408874,-0.928055659034529,-0.904355309090563,1292.51096909968,1.63636329893933,1.10346007313288,2815,0.50958904109589
"Road",1996,9,43822.0800781267,1.66666666666667,386.240001426667,0,16.0833333333333,0.716666666666667,8.4,541.333333333333,87.2202107710372,55.0087663186561,1.18947812369717,-0.212717974877254,-0.609323227731665,-0.452785494011494,-0.879327629000708,-0.749149590413042,-0.706426097141737,-0.714711889264911,-0.585788425960348,-0.655305474532622,-0.720534432070128,-0.72996639011781,888.352003281334,1.10158085870434,0.560247525371005,2815,0.50958904109589
"Road",1996,10,39175.4322076581,3.90322580645161,349.832257183871,15.4838709677419,10.9354838709677,-5.11290322580645,2.91129032258065,419.354838709677,54.6775407634462,21.75810162238,0.711133649654199,1.22081097491414,0.218802585169686,-0.326891192252322,-0.229676192790205,-0.743719762969804,-0.640220787795516,-0.590005736159408,-0.592430892874281,-0.468560727589153,-0.541632019106159,-0.607899773072025,804.614191522903,0.752727370673271,0.333372531963594,2815,0.50958904109589
"Road",1996,11,35308.7998697933,2.76666666666667,291.62666626,82.6666666666667,4.15,-9.23333333333333,-2.54166666666667,313.333333333333,26.4248574937088,0,0.116535775691688,0.585663943750073,1.13091985746312,0.303273511226761,-0.211445721493416,-0.129171246884405,-0.687079145879379,-0.589229335929357,-0.543599252069525,-0.544285937965844,-0.41826619734502,-0.487712045346807,670.741332398,0.506826789777613,0.19349345644428,2815,0.50958904109589
"Road",1996,12,33580.7994792,4.46666666666667,255.25333481,165.066666666667,-3.28333333333333,-15.25,-9.26666666666667,212,12.2227563437993,0,1.46629405614258,0.974755282851336,1.17118467374271,1.36946443248648,0.583815168325207,0.0434405755092151,0.0716463219868877,-0.517670942564645,-0.442887342121618,-0.409022479096757,-0.414127808221798,-0.287621410245253,587.082670063,0.303375620076687,0.0913756200766872,2815,0.50958904109589
"Road",1997,1,34615.741809471,4.29032258064516,309.264516770968,198.193548387097,-2.11290322580645,-14.8387096774194,-8.4758064516129,205.161290322581,15.1865995364224,0,0.638828593941817,1.16189200977941,1.07212127969297,1.29466722654669,1.52351366533389,0.657224056742565,0.0714386163669878,0.116463868095076,-0.409595890701465,-0.339910308715707,-0.304659738907136,-0.31704748769097,711.308388573226,0.322741728093441,0.11758043777086,2815,0.50958904109589
"Road",1997,2,37904.9143415179,1.67857142857143,451.771429878571,291.714285714286,-0.571428571428571,-16.6428571428571,-8.60714285714286,175.714285714286,20.51993738214,0,0.371474775273005,0.660044432600592,1.01922503456967,0.972207831657313,1.11903205251806,1.4435650497463,0.7036390702413,0.156088944296675,0.207587765679448,-0.311854019831358,-0.258110131467109,-0.225569989060026,1039.07428872071,0.319451354657721,0.143737068943435,2815,0.50958904109589
"Road",1997,3,42274.6838457677,0.935483870967742,567.225805467742,324.129032258065,6.54838709677419,-11.0645161290323,-2.25806451612903,276.129032258065,53.5913989751729,0,-1.03700942776347,-0.636472758361706,-0.236415702448005,0.231922731901274,0.260796310699037,0.452436973870093,0.859312422059012,0.176526296007297,-0.212455581748907,-0.0566177459062301,-0.48188044246517,-0.407340772117657,1304.61935257581,0.517589112132394,0.241460079874329,2815,0.50958904109589
"Road",1997,4,46932.4800781267,3.13333333333333,537.493335976667,356.666666666667,6.83333333333333,-7.45,-0.308333333333333,353.333333333333,65.8052890722208,0,1.10032278492826,0.269929661709583,0.370924070498699,0.47520048480609,0.731438521713235,0.735856242674627,0.819800787345505,1.1236154956135,0.625372199667233,0.20713467727876,0.297481268511524,-0.0912361777836883,1236.23467274633,0.597235805491432,0.243902472158099,2815,0.50958904109589
"Road",1997,5,50847.7935987871,2.51612903225806,619.974193941935,334.838709677419,14.4354838709677,-0.661290322580645,6.88709677419355,492.903225806452,111.670452263591,55.6294992162753,0.0727036578181944,0.587883120858176,0.168740982643336,0.257467160295204,0.342220813066206,0.574114617464327,0.592382438570847,0.671712887775187,0.93327661889901,0.497556975524076,0.143597812409169,0.233587134745076,1425.94064606645,0.993478224629942,0.50057499882349,2815,0.50958904109589
"Road",1997,6,52784.6404947633,1.06666666666667,667.519999186667,236.4,20.2833333333333,3.25,11.7666666666667,642.666666666667,143.746394059353,85.6131000237335,0.311976060794619,0.149339922745198,0.546113023272936,0.228731115440141,0.28689590096519,0.355635135273264,0.558508455879542,0.564160019945361,0.636168939445941,0.845585570186543,0.49612764822694,0.190965146698694,1535.29599812933,1.38012308481475,0.737456418148083,2815,0.50958904109589
"Road",1997,7,51929.1872479839,0.838709677419355,558.34839063871,109.41935483871,22.8387096774194,5.51612903225806,14.1774193548387,725.161290322581,157.489490557806,101.240999527832,0.123867576402805,0.302027555326132,0.162814957301164,0.467104740494492,0.196654358244654,0.246162377836613,0.306401225009398,0.494236824433244,0.507426649650948,0.596526988419818,0.811487064412937,0.466332642284005,1284.20129846903,1.61597636237636,0.890815072053782,2815,0.50958904109589
"Road",1997,8,48495.4838709677,1.83870967741935,452.541937058064,1.80645161290323,21.0483870967742,5.64516129032258,13.3467741935484,770.322580645161,129.952402074292,90.6537270501303,0.917846587699621,0.573820111270865,0.561353529830813,0.359089178248115,0.629317220715263,0.336728642600349,0.383177740164006,0.438827069609076,0.62110305733624,0.625152930340058,0.708134162746793,0.944345302767973,1040.84645523355,1.53099481206356,0.760672231418396,2815,0.50958904109589
"Road",1997,9,43983.3600260433,2.73333333333333,366.61333364,0,18.3833333333333,3.25,10.8166666666667,726.666666666667,94.539292750993,67.3558633944865,0.325755333371734,0.826604936218003,0.623516585020191,0.630295139231396,0.423669813234261,0.674901929939626,0.374280204132554,0.416971755903213,0.471151781935875,0.641932290545085,0.6430220603899,0.726703421594799,843.210667372,1.29585633364011,0.569189666973439,2815,0.50958904109589
"Road",1997,10,39320.3612651161,2.09677419354839,367.793546616129,8,11.4838709677419,-4.96774193548387,3.25806451612903,440,56.2870922595625,23.8101074118948,0.0711477437493866,0.407718176264829,0.774542403139601,0.607848606420754,0.611492653953282,0.413423601543168,0.659942284664154,0.37519660821678,0.418544867720592,0.471328763947607,0.634592297708631,0.639231049441587,845.925157217097,0.771444486978589,0.331444486978589,2815,0.50958904109589
"Road",1997,11,35412.4798177133,2.8,291.73333512,55.4666666666667,3,-10.7166666666667,-3.85833333333333,282.666666666667,24.4434439426717,0,0.582742917769134,0.378471246773826,0.579895836408419,0.930420077125287,0.784813859612352,0.757399195099245,0.558144020109289,0.77213591783847,0.487273451440535,0.525000623527754,0.572039038540849,0.719955915267686,670.986670776,0.459419640856557,0.17675297418989,2815,0.50958904109589
"Road",1997,12,33592.31953128,1.23333333333333,302.400002033333,124.933333333333,-2.13333333333333,-16.7166666666667,-9.425,173.333333333333,13.242715953426,0,0.148949418451513,0.537846080625428,0.365744148966515,0.533501015293116,0.897342460873138,0.77370641962962,0.749339072661916,0.571034671779111,0.788694816625893,0.500471952208509,0.537693261113297,0.584943532181608,695.520004676666,0.299625225562423,0.12629189222909,2815,0.50958904109589
"Road",1998,1,34615.741809471,2.67741935483871,289.032259048387,119.612903225806,-1.2258064516129,-15.1451612903226,-8.18548387096774,201.290322580645,16.3773484628463,0,-0.13027904618524,0.0138232788475972,0.328285232295872,0.256589268002618,0.370937747705396,0.7862186954062,0.655722247134049,0.661570330459117,0.53072068529296,0.752688712923089,0.492423941467419,0.53407246886419,664.77419581129,0.330122485750808,0.128832163170163,2815,0.50958904109589
"Road",1998,2,37904.9143415179,2.10714285714286,385.599999017857,183.714285714286,-0.642857142857143,-14.8392857142857,-7.74107142857143,204.285714285714,21.1027742860264,0,0.33031898355803,0.2076897889263,0.217908956870711,0.4622255048742,0.390261873945796,0.410067537036579,0.808101948310192,0.697082008818001,0.710156407877827,0.584396114614204,0.784558977171701,0.539455948844112,886.879997741071,0.341711853193712,0.137426138907998,2815,0.50958904109589
"Road",1998,3,42274.6838457677,1.93548387096774,518.812904112903,236.516129032258,4.11290322580645,-11.9193548387097,-3.90322580645161,269.677419354839,45.7178571387393,0,0.26636645183513,0.411824022417187,0.323342038461761,0.367413760998003,0.543809342998317,0.470003376957803,0.476664657957287,0.807402822541538,0.70806981918941,0.750660778294298,0.646044345894655,0.825766792658931,1193.26967945968,0.457875189110773,0.188197769755933,2815,0.50958904109589
"Road",1998,4,46932.4800781267,2.56666666666667,564.159996543333,274.8,7.8,-7.46666666666667,0.166666666666667,336,69.880249200788,2.53039248773263,0.566423602959771,0.60875649646937,0.641999910833671,0.547487641039636,0.575051092387558,0.68683259456034,0.615644890576069,0.638045438841539,0.888248592479609,0.798814115598747,0.834094578013274,0.764879892271199,1297.56799204967,0.618214009523389,0.282214009523389,2815,0.50958904109589
"Road",1998,5,50847.7935987871,0.193548387096774,682.632256293548,261.032258064516,15.4677419354839,-1.24193548387097,7.11290322580645,438.709677419355,118.559006095863,57.0854569816962,-0.883223856035815,-0.295776351926319,-0.0963823014692166,0.00336686045391038,-0.0154011819388281,0.0351405253412178,0.15327189248969,0.136867577740648,0.154598812952959,0.365273339207483,0.346238047408184,0.464002693758052,1570.05418947516,1.00899299374429,0.570283316324933,2815,0.50958904109589
"Road",1998,6,52784.6404947633,0.833333333333333,627.840004473333,181.6,18.3666666666667,1.61666666666667,9.99166666666667,437.333333333333,133.98826672231,75.1048882480562,1.25538727107366,0.169823410760349,0.343074043892082,0.410534824174554,0.452645923423162,0.411770699961508,0.466904480789042,0.542550145347957,0.508714319725348,0.515844640709161,0.6981936153249,0.660782629435213,1444.03201028867,1.22638875118379,0.789055417850457,2815,0.50958904109589
"Road",1998,7,51929.1872479839,2.32258064516129,498.270970990323,47.3548387096774,23.6774193548387,7.54838709677419,15.6129032258065,596.129032258065,158.788935759936,109.370643655486,0.145504591124992,0.970737963750349,0.18752288481009,0.299471552644837,0.36719594508818,0.405878864765348,0.365270384128384,0.413151841689062,0.492845955214175,0.481733517784969,0.501844198099827,0.665144573009474,1146.02323327774,1.77264031150039,1.17651127924232,2815,0.50958904109589
"Road",1998,8,48495.4838709677,0.935483870967742,475.458064909677,0,22.8870967741935,5.66129032258065,14.2741935483871,652.903225806452,141.517752681396,95.6644033578557,-0.930655830252154,-0.39227662279217,0.393689130901577,-0.187582980227359,-0.0170531426270744,0.0629293540917151,0.109791353941628,0.0847575829734003,0.13208596017153,0.21544039431416,0.212439618104082,0.23276643354741,1093.55354929226,1.62614175757891,0.973238531772459,2815,0.50958904109589
"Road",1998,9,43983.3600260433,0.633333333333333,425.920000713333,0,21.1166666666667,3.55,12.3333333333333,685.333333333333,107.255077537216,74.8191652769051,-2.00186482521383,-1.93467788413733,-1.10125986555482,-0.281190069212503,-0.677613746412997,-0.461474710535086,-0.388405251136092,-0.339346900007515,-0.342689907122758,-0.292459774910577,-0.202401103244226,-0.18024289618155,979.616001640666,1.43265197158931,0.747318638255974,2815,0.50958904109589
"Road",1998,10,39320.3612651161,3.03225806451613,313.083871164516,1.41935483870968,10.9032258064516,-3.17741935483871,3.86290322580645,486.451612903226,53.5690639423256,27.2889451044104,0.752710039937537,-1.05654038775117,-1.42351987405243,-0.793383941307605,-0.054068692028887,-0.528826311845524,-0.340674871719245,-0.257695351446163,-0.20356084894208,-0.214984222495487,-0.167239161265944,-0.0757924366690677,720.092903678387,0.805078333954995,0.318626721051769,2815,0.50958904109589
"Road",1998,11,35412.4798177133,2.56666666666667,296.3199997,41.4666666666667,4.18333333333333,-8.85,-2.33333333333333,326.666666666667,26.4330869991095,0,0.0689116302360185,0.589976906043234,-0.759822872298149,-1.26182018123815,-0.714249174002086,0.0345016197053898,-0.472049242257622,-0.290390610973932,-0.213715513096524,-0.158404098588287,-0.169562426623894,-0.11866130582541,681.53599931,0.514713161630731,0.188046494964064,2815,0.50958904109589
"Road",1998,12,33592.31953128,0.566666666666667,290.773333236667,59.6,0.25,-14.7166666666667,-7.23333333333333,213.333333333333,16.9263921145334,0,-1.22079207495896,-0.658467749680182,-0.037427348731358,-1.09912941282654,-1.46537667743963,-0.947355658465977,-0.173462314940067,-0.614022387190741,-0.415522131226403,-0.339811802153011,-0.284866833065857,-0.289643969334193,668.778666444334,0.355394719456426,0.142061386123093,2815,0.50958904109589
"Road",1999,1,34615.741809471,3.2258064516129,288.516131493548,89.5483870967742,-0.161290322580645,-13.4032258064516,-6.78225806451613,228.387096774194,18.3052192026006,0,-0.530958470528217,-0.98216279812877,-0.78651338135325,-0.255458074470217,-1.23006452390653,-1.54547096530424,-1.05186156949414,-0.302219544355579,-0.648905288219184,-0.44305158402509,-0.361870775271214,-0.313157188066267,663.58710243516,0.367957343800799,0.139570247026605,2815,0.50958904109589
"Road",1999,2,37904.9143415179,1.85714285714286,413.942854203571,171.285714285714,1.85714285714286,-13.9821428571429,-6.0625,217.142857142857,26.0100795471527,0,-1.0899318039029,-0.993197490305639,-1.18501026611267,-0.976639828180137,-0.485109919233128,-1.34292446067514,-1.67829778110837,-1.20363701305815,-0.428427113738514,-0.734083014056352,-0.523211889881203,-0.438965857487254,952.068564668213,0.38882233276364,0.171679475620783,2815,0.50958904109589
"Road",1999,3,42274.6838457677,0.870967741935484,519.741935483871,211.741935483871,7.7741935483871,-8.04838709677419,-0.137096774193548,335.483870967742,57.7265052711663,0,-1.52846230112131,-1.72007175353833,-1.60686733237528,-1.66419174876873,-1.5275566198957,-1.07480358630337,-1.65961593110254,-1.86806601663576,-1.49166050141262,-0.81113617029591,-1.00430893210107,-0.775561630441393,1195.4064516129,0.604724461913438,0.269240590945696,2815,0.50958904109589
"Road",1999,4,46932.4800781267,4.3,502.613329063333,232,6.9,-6.88333333333333,0.00833333333333333,374.666666666667,65.8135365520734,0.22975864185633,1.22282569887242,0.009410409520118,-0.258297775996662,-0.332182838244106,-0.525281557278108,-0.488752919301421,-0.243787781612183,-0.934195594652291,-1.19360472309464,-0.946561971000478,-0.334877347024949,-0.579796575142181,1156.01065684567,0.611149805224439,0.236483138557771,2815,0.50958904109589
"Road",1999,5,50847.7935987871,2.35483870967742,646.916126867742,244.903225806452,12.7096774193548,-2.48387096774194,5.11290322580645,483.870967741935,103.976669754027,43.8229564048404,0.781960110411217,1.08697831644371,0.399949755215381,0.217702741118748,0.119780408880372,-0.0303569010761403,-0.0111763155675213,0.137436637898735,-0.449161280460855,-0.701325480114861,-0.587492971197601,-0.0920667869543897,1487.90709179581,0.878727317407053,0.394856349665118,2815,0.50958904109589
"Road",1999,6,52784.6404947633,1.03333333333333,615.466673783333,172.933333333333,19.5666666666667,1.93333333333333,10.75,640,141.227116643753,79.6363401713096,0.570862865108004,0.800701176130339,1.04841104500783,0.506075854846309,0.35027961365244,0.265544977390188,0.166849781051602,0.176578131549863,0.28239764331911,-0.205175724299639,-0.427829251870294,-0.373437201759187,1415.57334970167,1.29011682741813,0.650116827418133,2815,0.50958904109589
"Road",1999,7,51929.1872479839,3.48387096774194,440.361289732258,37.6774193548387,22.4354838709677,7.16129032258065,14.7983870967742,967.741935483871,150.756875247636,104.776963717042,1.20301468493173,1.11077840283828,1.11635832177275,1.28237892150876,0.780798029640409,0.628909463943676,0.533132166748974,0.437307817530074,0.446303582640836,0.546025900145749,0.110206117231127,-0.112635600941391,1012.83096638419,1.68218680555803,0.714444870074159,2815,0.50958904109589
"Road",1999,8,48495.4838709677,2.74193548387097,408.670966364516,0,20.6612903225806,6.25806451612903,13.4596774193548,934.193548387097,126.118783455087,91.2673425969054,1.47186888425116,1.58531730935393,1.53844317956085,1.54137395808997,1.64865932944111,1.10297135634405,0.936830196568141,0.826627797312456,0.719782043303893,0.713642962987823,0.799653017492967,0.374253981328998,939.943222638387,1.54230989926163,0.608116350874535,2815,0.50958904109589
"Road",1999,9,43983.3600260433,1.9,410.34666748,0,16.6833333333333,0.666666666666667,8.675,652,89.9804255137933,56.4463424117165,0.86795145539124,1.50491376577749,1.53748653212441,1.56001402432552,1.6859826795086,1.78695882309937,1.28733240001713,1.10691971938462,0.984988128879801,0.861761085119232,0.84715041321032,0.9254604381801,943.797335204,1.12230801395362,0.470308013953623,2815,0.50958904109589
"Road",1999,10,39320.3612651161,1.19354838709677,375.638710267742,0.774193548387097,14.4516129032258,-4.61290322580645,4.91935483870968,441.290322580645,65.3724872472028,33.1184752064125,-1.77450938024545,-0.346226591170577,0.659367186848188,1.00703888207568,1.06361491712259,1.20783708635022,1.39175601693477,0.902070357578011,0.740571152731512,0.644076922718985,0.531819897374333,0.534746061412188,863.969033615807,0.86694767795136,0.425657355370715,2815,0.50958904109589
"Road",1999,11,35412.4798177133,0.466666666666667,312.959999083333,10.6666666666667,9.51666666666667,-8.05,0.733333333333333,350.666666666667,36.7723703383686,6.32164343725545,-2.02478936791641,-2.27833964633855,-1.64036921025199,-0.332984149213186,0.439443454050684,0.575294943301021,0.693407248650227,0.93097448381946,0.492966019851096,0.357384082633127,0.281551133778127,0.186576454757983,719.807997891666,0.644093462023089,0.293426795356422,2815,0.50958904109589
"Road",1999,12,33592.31953128,1.3,264.533335116667,44.5333333333333,-0.85,-15.3,-8.075,192,15.3069047724083,0,-0.516464945890883,-1.88538653902962,-2.14026431776432,-1.5716478542384,-0.493155899278538,0.317478419673906,0.479114262736413,0.622044091199513,0.874880882411866,0.437477304258463,0.302877559433763,0.229919590507868,608.426670768334,0.332970506617899,0.140970506617899,2815,0.50958904109589
"Road",2000,1,34615.741809471,3.54838709677419,287.380643041935,160.387096774194,-0.774193548387097,-13.3387096774194,-7.05645161290323,245.161290322581,17.3871032244506,0,-0.170414326920219,-0.365952906850706,-1.71020668202747,-2.06757573625326,-1.50654382875893,-0.621221535584034,0.176017508597349,0.383074563741697,0.573808807046921,0.829190170336108,0.427708646633334,0.300908399605164,660.97547899645,0.360274709439209,0.115113419116628,2815,0.50958904109589
"Road",2000,2,37980.2483836207,3.75862068965517,386.206898655172,247.310344827586,2.12068965517241,-12.0344827586207,-4.95689655172414,251.034482758621,26.9045567333189,0,-0.821178443656248,-0.560260833041255,-0.592799788496162,-1.74985710762633,-2.13316103906633,-1.51760399084768,-0.762380871816934,0.0271443296016856,0.279970360247296,0.469821452886017,0.723355822777578,0.349716788557505,888.275866906896,0.422925386981539,0.171890904222918,2815,0.50958904109589
"Road",2000,3,42430.7612147194,2.90322580645161,507.767745477419,354.838709677419,5.32258064516129,-10.4354838709677,-2.55645161290323,282.58064516129,49.717814396924,0,-0.208868729351845,-0.448563761367974,-0.376492008183437,-0.42725628735253,-1.36685447613498,-1.74559678442153,-1.33430232225755,-0.718041154061186,-0.0495113956515247,0.242627896548457,0.440873053566274,0.683003897421593,1167.86581459806,0.506271211589658,0.223690566428368,2815,0.50958904109589
"Road",2000,4,47070.7200520867,1.33333333333333,617.92000122,391.6,11.6833333333333,-4.28333333333333,3.7,446.666666666667,85.5185664575696,30.2970503917648,-1.48440933685427,-1.12971863890542,-1.22330317660325,-1.08660768434685,-1.04434552136739,-1.68868092704014,-1.91315818861261,-1.60061373258353,-1.1224353157545,-0.531695496790482,-0.197553979357969,0.0783457792262109,1421.216002806,0.795894319000405,0.349227652333738,2815,0.50958904109589
"Road",2000,5,50948.1291582613,1.25806451612903,660.954835954839,339.870967741935,16.9677419354839,0.161290322580645,8.56451612903226,529.032258064516,125.829941799927,66.2396344366934,-1.49802500589981,-1.64524248422754,-1.46433761037442,-1.56644126571144,-1.47526270125081,-1.4392178604192,-1.87888817121845,-2.01422170941663,-1.78134748763513,-1.41132288338886,-0.958470794403981,-0.689717472506863,1520.19612269613,1.11393970128584,0.584907443221323,2815,0.50958904109589
"Road",2000,6,52807.68046872,1.03333333333333,648.320000203333,235.866666666667,21.3,3.25,12.275,460,150.518198010195,88.5625434339606,-0.400333162089964,-1.15421359658059,-1.36181073148705,-1.25382459521892,-1.32358217668899,-1.28130648370959,-1.26813960394047,-1.59131357937897,-1.74430424127539,-1.55992187417609,-1.29431017784689,-0.941614683042187,1491.13600046767,1.42716455944405,0.967164559444055,2815,0.50958904109589
"Road",2000,7,51851.1485635097,1.29032258064516,601.083877067742,96.3870967741936,24.8225806451613,6.32258064516129,15.5725806451613,525.161290322581,169.854683058783,109.144375923049,-1.13167314492853,-0.958687756054592,-1.30184732130004,-1.43652966667189,-1.38210915464864,-1.44287045712633,-1.40929843785235,-1.39258747437505,-1.63148750659416,-1.78203240091269,-1.65186020349393,-1.41794249018827,1382.49291725581,1.76806396901257,1.24290267868999,2815,0.50958904109589
"Road",2000,8,48361.703125,2,421.780646045161,0.645161290322581,23.5,6.66129032258065,15.0806451612903,750.967741935484,143.43664916776,99.9689368729289,-1.05605449629688,-1.28286716025909,-1.15903898516933,-1.39806568488505,-1.49895096539455,-1.45889687320657,-1.51235141824774,-1.48683150327722,-1.46502109918259,-1.65194065879253,-1.7672628340397,-1.67089404041034,970.09548590387,1.71306201742134,0.962094275485856,2815,0.50958904109589
"Road",2000,9,43822.0800781267,1.7,409.066667683333,0,18.95,2.23333333333333,10.5916666666667,688,98.5806628535379,66.2314756421626,-0.503716431278205,-1.08494633392278,-1.29313149740165,-1.21007875686767,-1.44898071932496,-1.54458634673761,-1.50434296665958,-1.55058227574909,-1.52495901994383,-1.49840986988327,-1.66905292441677,-1.78495378878692,940.853335671666,1.27657515441531,0.588575154415311,2815,0.50958904109589
"Road",2000,10,39175.4322076581,1,329.187098351613,0,12.3709677419355,-2.58064516129032,4.89516129032258,510.967741935484,57.8313614944061,32.9879722881947,-0.451878955961597,-0.547402883759772,-1.16534881611841,-1.35365052451928,-1.24475927917513,-1.48015833626081,-1.56639936614096,-1.53335276446371,-1.57739267867371,-1.5540131553457,-1.5253370932512,-1.70011153306596,757.13032620871,0.865485085761035,0.354517343825551,2815,0.50958904109589
"Road",2000,11,35308.7998697933,1.46666666666667,308.693334963333,35.7333333333333,0.116666666666667,-14.0833333333333,-6.98333333333333,214.666666666667,19.2957217029207,0,1.43450140867827,0.552060820561864,0.236972953328606,-0.429378180178575,-0.942860296953656,-0.928963495716576,-1.31512479759312,-1.44124238816943,-1.40626317965547,-1.45129990615825,-1.42850839432826,-1.39964034122315,709.994670415666,0.362309326293863,0.147642659627196,2815,0.50958904109589
"Road",2000,12,33580.7994792,2.46666666666667,260.373337046667,88.4,-1.13333333333333,-14.75,-7.94166666666667,205.333333333333,15.0626972958155,0,-0.0490914542344526,1.16500892565637,0.448846540259987,0.147773744006272,-0.461902050964587,-0.929499269401465,-0.919315112068202,-1.31049579708962,-1.44258491270452,-1.40760967635093,-1.45315772599211,-1.43046110771509,598.858675207334,0.336436646464003,0.13110331313067,2815,0.50958904109589
"Road",2001,1,34615.741809471,0.741935483870968,317.935482393548,99.4838709677419,-1.59677419354839,-17.9193548387097,-9.75806451612903,156.129032258065,14.8341135954629,0,-0.243916080807268,-0.160256730363355,0.751321296347431,0.280495808205634,-0.0591403276824233,-0.611949255644305,-0.986133694020278,-0.937932050955068,-1.28761601359283,-1.42971921208143,-1.39905281158838,-1.45003403509634,731.25160950516,0.291870530036398,0.135741497778333,2815,0.50958904109589
"Road",2001,2,37904.9143415179,2.32142857142857,357.257142746429,145.857142857143,0.875,-13.625,-6.375,225.714285714286,24.2235889634456,0,-0.477214463208023,-0.37401890293779,-0.277937845704433,0.454804954857683,0.141285802797449,-0.19017358196229,-0.666584602540073,-1.0286822154999,-0.967747261852206,-1.31154177272362,-1.45840886822497,-1.42363828857876,821.691428316787,0.379637437706028,0.153923151991742,2815,0.50958904109589
"Road",2001,3,42274.6838457677,2.45161290322581,461.625806254839,212.516129032258,4.79032258064516,-8.87096774193548,-2.04032258064516,316.129032258065,47.8594498631069,0,0.00995464809529537,-0.123822165621284,-0.13885808948396,-0.0941686011866694,0.415192138279034,0.172597260061902,-0.139088284815458,-0.560303472027551,-0.899042276150289,-0.863328450357546,-1.22571094042867,-1.39925171105883,1061.73935438613,0.525989332313757,0.209860300055692,2815,0.50958904109589
"Road",2001,4,46932.4800781267,1.7,595.519999186667,244.933333333333,10.3666666666667,-4.31666666666667,3.025,418.666666666667,79.4350479508897,25.7837361740098,-0.754286172799686,-0.418438854917215,-0.463215592957496,-0.440882715764473,-0.381379763301675,0.0123352514075052,-0.138649371981841,-0.362849168868138,-0.700629298564564,-0.991930785083989,-0.962443626545226,-1.30699546239768,1369.69599812933,0.758820046739128,0.340153380072461,2815,0.50958904109589
"Road",2001,5,50847.7935987871,1.32258064516129,645.161291306452,216.903225806452,16.1129032258065,-0.258064516129032,7.92741935483871,512.258064516129,121.187988719776,62.2634168013908,-1.03607026139296,-1.03678088446565,-0.827566067841005,-0.858250849962418,-0.828068318370931,-0.778869017718915,-0.469893224816084,-0.536057043426523,-0.70557231444253,-0.963541011778081,-1.164924726976,-1.16587127949181,1483.87097000484,1.06674969711952,0.554491632603387,2815,0.50958904109589
"Road",2001,6,52784.6404947633,0.533333333333333,620.266667683333,122.666666666667,21.7666666666667,3.18333333333333,12.475,505.333333333333,153.741364601429,89.7162711680713,-0.767823725118526,-1.10514395866501,-1.08495286676365,-0.93360556286243,-0.961643210851172,-0.942258137508029,-0.888638081547652,-0.638682554060511,-0.683620620689739,-0.815371783823819,-1.02851913751418,-1.19937692231121,1426.61333567167,1.44605590430521,0.940722570971875,2815,0.50958904109589
"Road",2001,7,51929.1872479839,1.96774193548387,464.825806648387,9.67741935483871,23.9354838709677,6.83870967741935,15.3870967741935,655.483870967742,162.378385699317,108.102035427397,-0.308272074708105,-0.683348038438974,-0.966113814338889,-1.00247887224141,-0.910379012458453,-0.943228591884456,-0.934029795662995,-0.889297190129335,-0.674088521276236,-0.70944188221538,-0.833063200211994,-1.01853770908025,1069.09935529129,1.74714611677355,1.0916622458058,2815,0.50958904109589
"Road",2001,8,48495.4838709677,3.45161290322581,425.909676829032,0,22.0322580645161,5.7258064516129,13.8790322580645,821.935483870968,135.993150592729,93.5375987113018,0.300915333042876,-0.0740961941843234,-0.526063357275567,-0.861244780687609,-0.918861133489823,-0.853073720881143,-0.884936832082554,-0.880750906344043,-0.838235519545658,-0.647724822321301,-0.685537375403201,-0.796665272707599,979.592256706773,1.58498371653113,0.763048232660166,2815,0.50958904109589
"Road",2001,9,43983.3600260433,0.766666666666667,430.079999796667,0,20,1.83333333333333,10.9166666666667,702.666666666667,103.943576506827,67.8540922085045,-1.50809090390021,-0.813131061173906,-0.626914848352579,-0.897174132906812,-1.13109062877951,-1.14687916377765,-1.09349446482006,-1.11923143055456,-1.1066135024884,-1.05958275461436,-0.883506391891348,-0.904291680160431,989.183999532334,1.30450776440347,0.601841097736801,2815,0.50958904109589
"Road",2001,10,39320.3612651161,1.35483870967742,340.541936564516,1.54838709677419,12.3064516129032,-3.41935483870968,4.44354838709677,485.161290322581,58.1295087819965,30.5274594376966,-0.440675249831131,-1.49708752363008,-0.89867313922431,-0.713837389027603,-0.940674760065509,-1.17638383285173,-1.18776158335762,-1.13081325628325,-1.15075637702872,-1.14094057135863,-1.09185329777831,-0.917063354922885,783.246454098387,0.838580939659988,0.353419649337407,2815,0.50958904109589
"Road",2001,11,35412.4798177133,2.5,263.253332773333,12.5333333333333,6,-7.85,-0.925,361.333333333333,29.7298060775959,0,-0.65481561113763,-0.764654613000431,-1.4762268189872,-1.07776688101186,-0.849924773441935,-1.03873500755999,-1.24805623735404,-1.24464911567568,-1.18426221832515,-1.20280065372054,-1.19030808751853,-1.13475532128566,605.482665378666,0.570944083436721,0.209610750103388,2815,0.50958904109589
"Road",2001,12,33592.31953128,1.56666666666667,284.26666565,85.6,-2.78333333333333,-16.7833333333333,-9.78333333333333,174.666666666667,12.4200027114494,0,0.534886758038491,-0.297999531282475,-0.554378145193878,-1.1595956245285,-0.876768917525682,-0.737861771720318,-0.944911891639772,-1.19484072539429,-1.20544502767786,-1.14816989357721,-1.16813761017834,-1.15585221119266,653.813330995,0.291289562919447,0.11662289625278,2815,0.50958904109589
"Road",2002,1,34615.741809471,1.03225806451613,313.909676825806,143.741935483871,-2.30645161290323,-16.7096774193548,-9.50806451612903,183.225806451613,14.3678704441653,0,-0.0254448293119017,0.280922317041586,-0.268060784877655,-0.515672396481628,-1.14939812549875,-0.928185915761313,-0.780897262291491,-0.930567460470727,-1.15416663097533,-1.17370695125931,-1.11861314199004,-1.14544736332747,721.992256699354,0.29767426370145,0.114448457249837,2815,0.50958904109589
"Road",2002,2,37904.9143415179,1.10714285714286,427.200003485714,174.285714285714,-0.357142857142857,-17.8035714285714,-9.08035714285714,158.571428571429,20.2791731957218,0,0.282914079382868,0.238538955627688,0.380991477305431,0.00325691521968362,-0.242283740598884,-0.950923739194588,-0.772865732260779,-0.686293470913482,-0.848072067654794,-1.09252785604319,-1.12512397866024,-1.06776031127202,982.560008017142,0.307842179277882,0.149270750706453,2815,0.50958904109589
"Road",2002,3,42274.6838457677,2.09677419354839,502.090321203226,236.645161290323,3.24193548387097,-13.3064516129032,-5.03225806451613,223.225806451613,42.6743042896379,0,0.766905768993046,0.741476933628707,0.613696775871576,0.716953619522372,0.465571950756939,0.222371319835548,-0.492050113942851,-0.36577871885568,-0.383699247747109,-0.559342666656737,-0.853863051402074,-0.926039259758285,1154.80773876742,0.420519088146314,0.197293281694701,2815,0.50958904109589
"Road",2002,4,46932.4800781267,1.03333333333333,588.693333943333,241.466666666667,11.95,-3.43333333333333,4.25833333333333,376,86.1217296514941,33.9064191397353,-1.57701372033512,-0.648493622317633,-0.446222440061712,-0.372498764200451,-0.208295232813147,-0.392585710717231,-0.492774245836481,-0.990644574114797,-0.889425110170863,-0.839644276225394,-0.94883935845559,-1.15749108160126,1353.99466806967,0.827762730735388,0.451762730735388,2815,0.50958904109589
"Road",2002,5,50847.7935987871,0,684.180644374194,198.064516129032,16.0645161290323,-1.43548387096774,7.31451612903226,314.838709677419,122.312266935473,58.3776532175722,-1.27982956927678,-1.57603490280089,-1.08665383960162,-0.975829663645745,-0.900193602630507,-0.766912321076941,-0.884322416069604,-0.901775807679311,-1.26204117523675,-1.1796649567046,-1.11940178323037,-1.22105730073057,1573.61548206065,1.02302585037462,0.708187140697196,2815,0.50958904109589
"Road",2002,6,52784.6404947633,0,650.026664226667,101.6,24.15,4.08333333333333,14.1166666666667,308,168.422425476708,99.053440823775,-1.97231116898443,-1.86863676454636,-1.92682262085905,-1.63114295199849,-1.57215423562983,-1.50603925008063,-1.38752772747613,-1.43275562724415,-1.40835668169598,-1.61386997494712,-1.5667227464991,-1.48240624956504,1495.06132772133,1.60962332315345,1.30162332315345,2815,0.50958904109589
"Road",2002,7,51929.1872479839,1.16129032258065,515.922582809677,3.35483870967742,26.241935483871,6.17741935483871,16.2096774193548,340.645161290323,180.268036341758,112.705991869798,-1.93118397632673,-2.33634511030702,-2.08689399575707,-2.05160808476891,-1.88727619073917,-1.86055733435202,-1.80549362541379,-1.71291883564988,-1.74156878039798,-1.73719921332355,-1.88712382740605,-1.81980534286735,1186.62194046226,1.84159639777049,1.50095123648017,2815,0.50958904109589
"Road",2002,8,48495.4838709677,0.709677419354839,473.0838751,0,23.0322580645161,4.53225806451613,13.7822580645161,329.032258064516,144.409059069258,93.0149206254425,-1.37588993111076,-1.96770691680548,-2.19926934571896,-2.0302407705392,-2.0267804987247,-1.89343014601568,-1.88006947340002,-1.84174330275291,-1.76026393068566,-1.77615415317461,-1.76786686068705,-1.89209008591317,1088.09291273,1.57504487357642,1.24601261551191,2815,0.50958904109589
"Road",2002,9,43983.3600260433,3.26666666666667,353.27999929,0,17.45,2.43333333333333,9.94166666666667,581.333333333333,91.2946492835911,62.9560191730452,0.875009156992953,-0.382396849846379,-1.51999415350862,-2.05897771881916,-1.90264376754377,-1.92437363886743,-1.77077746847544,-1.74942962616667,-1.71371978675326,-1.63102584341422,-1.64623681780174,-1.64799727603995,812.543998367,1.22228613758518,0.640952804251844,2815,0.50958904109589
"Road",2002,10,39320.3612651161,2.41935483870968,334.967740464516,2.32258064516129,10.5967741935484,-4.82258064516129,2.88709677419355,429.677419354839,53.5326531837384,21.6131774228693,0.65103932876183,1.02107161857866,0.0469511036860512,-1.25269147164212,-1.89506441985708,-1.80446814507976,-1.83936783250112,-1.70202876377716,-1.67791138945444,-1.64450008708259,-1.55961397485583,-1.58127671470711,770.425803068387,0.751436658651283,0.321759239296444,2815,0.50958904109589
"Road",2002,11,35412.4798177133,2.93333333333333,313.813330586667,67.2,3.06666666666667,-12.4166666666667,-4.675,250.666666666667,24.4486538684919,0,0.612395028999839,0.848981934016145,1.08844525966975,0.32276354762449,-1.06957272626529,-1.86124584524812,-1.77614681223418,-1.81616555359703,-1.66222110796107,-1.63388292523136,-1.59912864561699,-1.50891582665136,721.770660349334,0.432035272104633,0.181368605437966,2815,0.50958904109589
"Road",2002,12,33592.31953128,1.2,287.78666687,103.6,-1.23333333333333,-15.7,-8.46666666666667,190.666666666667,14.6989008643038,0,-0.350719995695654,0.272821955445041,0.609772123573472,0.953178806591704,0.169078976436572,-1.09939878158995,-1.81595316277581,-1.78494214551849,-1.83248429277225,-1.67667890838937,-1.64983959960382,-1.61579517924621,661.909333801,0.322971826302655,0.132305159635988,2815,0.50958904109589
"Road",2003,1,34615.741809471,0.645161290322581,323.096775177419,125.41935483871,2.12903225806452,-13.241935483871,-5.55645161290323,224.516129032258,21.9161624907018,0,-2.15462173251029,-1.49907655566758,-0.906218205950769,-0.429594568581254,0.18875400934913,-0.57063680517903,-1.47576646424041,-1.93977826788937,-1.89850805458749,-1.94723873281458,-1.80033395305448,-1.77899818174682,743.122582908064,0.404115626587106,0.179599497554848,2815,0.50958904109589
"Road",2003,2,37904.9143415179,2.89285714285714,353.028571535714,157.142857142857,-0.392857142857143,-14.7857142857143,-7.58928571428571,214.285714285714,21.5688956896013,0,0.41525261649931,-1.13229868382892,-0.912242574950286,-0.485858206973736,-0.12191540722889,0.275538504174553,-0.39762120492601,-1.35927377852821,-1.91610299710052,-1.89103009159354,-1.94747416700058,-1.78606563660892,811.965714532142,0.345752278214558,0.131466563928844,2815,0.50958904109589
"Road",2003,3,42274.6838457677,2.41935483870968,490.32257966129,219.354838709677,5.14516129032258,-9.67741935483871,-2.26612903225806,305.806451612903,49.1378468344846,0,-0.194073319940649,0.107258098498207,-0.666029872455986,-0.634779425030633,-0.381190934433611,-0.118007724262005,0.16910790539148,-0.416741818847498,-1.2309821593797,-1.81832452187051,-1.86304420348573,-1.9452654218855,1127.74193322097,0.517280293625646,0.211473842012743,2815,0.50958904109589
"Road",2003,4,46932.4800781267,2.1,593.17333374,280.533333333333,10.0166666666667,-5.55,2.23333333333333,388,78.6802720969038,20.2217054141908,-0.61167978381003,-0.432626789131906,-0.214552719590781,-0.737819951850985,-0.705784486550857,-0.515234970853328,-0.297687305054439,-0.0629640978213723,-0.527334136748717,-1.23650261827266,-1.80051025603051,-1.94835388187539,1364.298667602,0.717292427625467,0.329292427625467,2815,0.50958904109589
"Road",2003,5,50847.7935987871,1.96774193548387,638.967737016129,259.225806451613,15.5645161290323,-0.32258064516129,7.62096774193548,547.096774193548,117.961565063103,60.3283171329883,-0.637557545013958,-0.733717857843926,-0.629060592029027,-0.491203444165775,-0.83960566278044,-0.831229044720365,-0.690485532565084,-0.499386540029604,-0.3198306424049,-0.697820416392925,-1.24658250819745,-1.71595857351072,1469.6257951371,1.04468586711278,0.497589092919235,2815,0.50958904109589
"Road",2003,6,52784.6404947633,0.3,627.306664023333,160.533333333333,19.6833333333333,2.38333333333333,11.0333333333333,576,141.274141071211,81.3128898764256,0.490230304083992,-0.181767846891251,-0.349227222159661,-0.306024460511381,-0.219388910771727,-0.505406728240575,-0.491483726496824,-0.377792078246988,-0.253975897628854,-0.125433144089356,-0.449358931499756,-0.987851556920176,1442.80532725367,1.31466536298592,0.738665362985922,2815,0.50958904109589
"Road",2003,7,51929.1872479839,0.806451612903226,582.606452203226,37.5483870967742,27.3064516129032,6.33870967741935,16.8225806451613,485.161290322581,187.601858654177,116.106125240869,-2.37709877407477,-1.49346703296095,-1.34087697289055,-1.26607255635762,-1.20907214142129,-1.15045049635054,-1.31993487391662,-1.29288696031008,-1.18912095964962,-1.06109444408672,-0.945816804225035,-1.17125523077784,1339.99484006742,1.9148552855819,1.42969399525932,2815,0.50958904109589
"Road",2003,8,48495.4838709677,2.12903225806452,412.490321990323,0,23.3709677419355,6.46774193548387,14.9193548387097,592.258064516129,143.006219015911,99.1117743937327,-0.974209545874178,-2.18725494485548,-1.51662595807693,-1.41313684305467,-1.34976299020828,-1.30896033229421,-1.2657440366274,-1.40318711520551,-1.37313402631735,-1.2859189246907,-1.17930049198157,-1.08131485777911,948.727740577743,1.6953586671251,1.10310060260897,2815,0.50958904109589
"Road",2003,9,43983.3600260433,2,428.053333026667,0,18.1,0.8,9.45,596,96.2532856668145,60.4500770399706,-0.0669951596064333,-0.750461076720356,-2.10473771957141,-1.47749838366462,-1.39717980223947,-1.34389175525765,-1.31104509030995,-1.26666374232669,-1.39636364051709,-1.36314892685334,-1.27685384189774,-1.17383097771648,984.522665961334,1.18258354039958,0.586583540399579,2815,0.50958904109589
"Road",2003,10,39320.3612651161,0.67741935483871,345.290323074194,0,15.3387096774194,-1.43548387096774,6.95161290322581,557.41935483871,66.80522794795,43.6856026826659,-2.07351665562478,-1.56703831558676,-1.76917150612837,-2.60352817733653,-1.84832743028138,-1.64524305672972,-1.55977680108068,-1.52504145690785,-1.48466955184364,-1.59910976524235,-1.5606142744294,-1.48182171779053,794.167743070646,0.997889370013996,0.440470015175286,2815,0.50958904109589
"Road",2003,11,35412.4798177133,3.5,251.73333181,20.6666666666667,2.11666666666667,-9.45,-3.66666666666667,328,22.7547527084643,0,1.12560594885724,-0.932451061222928,-0.602896334183238,-1.15489626356921,-2.61662557593342,-1.70959778011271,-1.54276886680924,-1.46385711284082,-1.42625250976673,-1.37854923275663,-1.5065855815294,-1.46678836930982,578.986663163,0.466065818704206,0.138065818704206,2815,0.50958904109589
"Road",2003,12,33592.31953128,2.43333333333333,267.946666466667,63.0666666666667,-0.2,-13.7666666666667,-6.98333333333333,226.666666666667,16.4965782151375,0,-0.534606775609276,0.603385758608482,-1.04659404482249,-0.7510874709574,-1.20022433113643,-2.4631823644822,-1.70036602339919,-1.57081515654182,-1.49562548746099,-1.45672566486789,-1.41180624146861,-1.53578125407006,616.277332873334,0.362309326293863,0.135642659627196,2815,0.50958904109589
"Road",2004,1,34615.741809471,2.06451612903226,325.780647277419,157.548387096774,-1.74193548387097,-16.9838709677419,-9.36290322580645,172.903225806452,15.0390254493597,0,0.0774892736601282,-0.222486830134689,0.48708542005003,-0.938117819243721,-0.783035329789592,-1.18494951277283,-2.15905054333588,-1.58211710965568,-1.51486968341383,-1.45983021043742,-1.42632645146829,-1.38492663380974,749.295488738064,0.301091142622813,0.128187916816361,2815,0.50958904109589
"Road",2004,2,37980.2483836207,1.10344827586207,408.496554668966,180.965517241379,-0.482758620689655,-16.1379310344828,-8.31034482758621,191.724137931034,20.906322131611,0,0.110739174580426,0.194171471839879,-0.0511652484393428,0.488566003316332,-0.68623388200383,-0.66538104817352,-1.06381352403423,-2.1094404130936,-1.5628857158869,-1.49670729827302,-1.44330361719152,-1.40693591809016,939.542075738622,0.326929977360933,0.135205839429899,2815,0.50958904109589
"Road",2004,3,42430.7612147194,0.67741935483871,539.767740558064,202.58064516129,9.08064516129032,-7.66129032258065,0.709677419354839,310.967741935484,62.2266183155042,7.51097908669251,-1.98634310568199,-1.75590951064231,-1.43502054910964,-1.33783520373746,-0.868106573373165,-1.4937194119884,-1.41365071566143,-1.65789030238729,-2.29379275584396,-1.96425805445062,-1.82334891354845,-1.74025214884532,1241.46580328355,0.642994194722058,0.332026452786574,2815,0.50958904109589
"Road",2004,4,47070.7200520867,3.36666666666667,511.999995933333,202.4,10.4333333333333,-3.83333333333333,3.3,372,79.3338508540999,27.6444794029829,-0.534821687707055,-1.69128049439472,-1.48818720227223,-1.2574387104312,-1.19500497472369,-0.841323838194691,-1.34091503429006,-1.33364833782454,-1.57674163696791,-2.16872276192987,-1.91968914204012,-1.88914477241924,1177.59999064667,0.773735642737971,0.401735642737971,2815,0.50958904109589
"Road",2004,5,50948.1291582613,0.483870967741935,633.909679780645,174.58064516129,15.9677419354839,-0.354838709677419,7.80645161290323,443.870967741935,120.439789598102,61.5013736197833,-1.04521608282082,-0.937514665005469,-1.55517320659203,-1.49457809985926,-1.36740217015051,-1.34406395479484,-1.10320735829098,-1.43871529952131,-1.44080395295418,-1.59496551561314,-2.03867597032212,-1.89475580422489,1457.99226349548,1.05799164207085,0.614120674328912,2815,0.50958904109589
"Road",2004,6,52807.68046872,0.933333333333333,597.01333008,81.4666666666667,20.8,2.93333333333333,11.8666666666667,496,147.718636613343,86.1952913525571,-0.120878194225102,-0.768317184954609,-0.755012535713195,-1.22582881811844,-1.17792430051144,-1.11111670711339,-1.10430728577974,-0.902606857023318,-1.20279199493332,-1.21585442562253,-1.38309556812913,-1.82005650962611,1373.130659184,1.38926778887447,0.893267788874471,2815,0.50958904109589
"Road",2004,7,51851.1485635097,1.70967741935484,467.612903225806,2.70967741935484,21.9516129032258,5.83870967741935,13.8951612903226,616.774193548387,150.550338177731,99.623597142736,1.03043446786885,0.562837222971411,-0.183504085032448,-0.335643538233747,-0.802717005693611,-0.772518757039993,-0.737235696183513,-0.73800885827267,-0.561088377376721,-0.857558129479023,-0.905585891946051,-1.07123712963583,1075.50967741935,1.5866455385137,0.969871344965315,2815,0.50958904109589
"Road",2004,8,48361.703125,0.548387096774194,471.638709283871,0,20.5645161290323,4.45161290322581,12.508064516129,534.193548387097,129.333341574175,86.0623192021562,0.83030776640552,1.11005457428174,0.745354165772406,-0.00221762186019168,-0.178986816233398,-0.649617575061596,-0.624134072084725,-0.598015912508747,-0.599716994434349,-0.441026253663515,-0.727476334229332,-0.774274463995561,1084.7690313529,1.449200171297,0.915006622909906,2815,0.50958904109589
"Road",2004,9,43822.0800781267,1.9,393.17333628,0,16.3833333333333,1.56666666666667,8.975,598.666666666667,87.5247219913867,58.00429840788,1.18092967728543,1.28753816905958,1.33185622830939,1.07617308505192,0.352047736545849,0.110151144654996,-0.425956594960562,-0.40142289937746,-0.381050726158851,-0.388772982708851,-0.230118407768743,-0.523850249238775,904.298673444,1.14531110823593,0.546644441569262,2815,0.50958904109589
"Road",2004,10,39175.4322076581,1.38709677419355,319.070969122581,0.129032258064516,10.3548387096774,-2.35483870967742,4,521.290322580645,51.2164978682591,28.0618559727948,0.873890883260441,1.2778822670185,1.40354889888183,1.4373856580565,1.19530909708361,0.535967376288449,0.262470028074092,-0.273821218101715,-0.244474509191538,-0.232744932020612,-0.244005274771106,-0.0832771182820883,733.863228981936,0.812879992630887,0.291589670050242,2815,0.50958904109589
"Road",2004,11,35308.7998697933,2.5,288.00000076,12.5333333333333,4.78333333333333,-7.95,-1.58333333333333,358.666666666667,27.3940378928246,0,-0.162490306268395,0.542759712539637,1.10810797112259,1.30345630449525,1.37952030210736,1.1532285241476,0.53800933602579,0.271083062284809,-0.262089790287194,-0.230862618891078,-0.217746209368584,-0.224022084233709,662.400001748,0.54401407923495,0.185347412568283,2815,0.50958904109589
"Road",2004,12,33580.7994792,1.23333333333333,297.919999186667,74.5333333333333,-1.2,-15.4166666666667,-8.30833333333333,205.333333333333,14.818533123187,0,-0.379129734479758,-0.367367710516759,0.30018098725327,0.968883898127043,1.20535065719614,1.32819367641694,1.09385370994147,0.484492361063481,0.231203530455081,-0.301832374536017,-0.271906190894537,-0.255895760863497,685.215998129334,0.326981189639248,0.121647856305915,2815,0.50958904109589
"Road",2005,1,34615.741809471,5.06451612903226,326.40000053871,215.225806451613,0.564516129032258,-12.0645161290323,-5.75,260.645161290323,19.5514372044991,0,-0.358701545232272,-0.406008122376758,-0.482321484513104,0.103764992581466,0.788722894379476,1.07793902764498,1.23234488921057,0.987472992228251,0.416544571912522,0.196704825715176,-0.307061274207127,-0.282713151862443,750.720001239033,0.398204360824963,0.13755919953464,2815,0.50958904109589
"Road",2005,2,37904.9143415179,3.17857142857143,406.971429007143,273,1.21428571428571,-12.9107142857143,-5.84821428571429,235.714285714286,25.0106687878977,0,-0.457578135202761,-0.434645010978722,-0.450094148698641,-0.467663885637575,0.0131664383601696,0.567923291529621,0.896569780261246,1.11486241208351,0.903977939782407,0.372563227055417,0.169092875573255,-0.317272396117774,936.034286716429,0.395234260403911,0.159519974689625,2815,0.50958904109589
"Road",2005,3,42274.6838457677,2.25806451612903,517.677415419355,345.548387096774,3.87096774193548,-10.3709677419355,-3.25,285.161290322581,45.1151097624216,0,0.412432996229726,0.190856712609562,0.0752944806610877,0.0122224348283582,-0.049298119393473,0.254121700314224,0.671451188459928,0.941396553306014,1.14564821185584,0.957627643031259,0.4870083230136,0.292144401805264,1190.65805546452,0.480809554464797,0.195648264142216,2815,0.50958904109589
"Road",2005,4,46932.4800781267,1.46666666666667,623.253334553333,382.4,9.58333333333333,-5.4,2.09166666666667,384,76.6461273776592,19.1877933332826,-0.435087910535461,0.0384763334340335,-0.0490201364223706,-0.108162703897175,-0.139615219288872,-0.184089492735367,0.0588694479898065,0.400208842609297,0.641401219246027,0.884903828648328,0.778763237442565,0.399230644268638,1433.48266947267,0.710077362210024,0.326077362210024,2815,0.50958904109589
"Road",2005,5,50847.7935987871,1.54838709677419,688.6193572,337.806451612903,15.258064516129,-0.193548387096774,7.53225806451613,490.322580645161,115.927638539179,59.7652852753764,-0.468677542266818,-0.544653062627251,-0.256259799505953,-0.295312316324499,-0.328056421122003,-0.345618165472198,-0.367951751545615,-0.154143065724871,0.119272120412969,0.304190191890796,0.568771000817569,0.531002009472516,1583.82452156,1.03837461640288,0.548052035757715,2815,0.50958904109589
"Road",2005,6,52784.6404947633,1.56666666666667,629.43999939,244.4,18.7666666666667,2.6,10.6833333333333,542.666666666667,134.910522874474,79.2405857592692,1.23820045508068,0.418387743692913,0.150274079242632,0.285203315318173,0.225929562258097,0.169017182192955,0.170935561499731,0.144418693410845,0.275621316047843,0.481526903214612,0.642295856516266,0.846491872035997,1447.711998597,1.28439972527707,0.741733058610404,2815,0.50958904109589
"Road",2005,7,51929.1872479839,0.612903225806452,610.477414041936,104.516129032258,25.3225806451613,6.66129032258065,15.991935483871,621.935483870968,172.737158786817,111.491921649501,-1.43194899257166,-0.132607236547196,-0.38382161394169,-0.463138082573501,-0.302645577388141,-0.344607320170202,-0.374980902199224,-0.368377585188395,-0.364648453761694,-0.207749365762289,-0.0145834598907224,0.123203359775037,1404.09805229645,1.81616879171934,1.19423330784837,2815,0.50958904109589
"Road",2005,8,48495.4838709677,2.45161290322581,410.52903353871,0.903225806451613,21,5.98387096774194,13.491935483871,802.58064516129,128.907093996295,91.4424727433586,1.12430959456938,-0.507760063317289,0.289530621264563,-0.0886200538930371,-0.219746403802073,-0.0972946924967835,-0.142336578934507,-0.180621868766658,-0.178260578957423,-0.186083084402139,-0.0470750263280622,0.153582911884762,944.216777139033,1.5455562559884,0.742975610827113,2815,0.50958904109589
"Road",2005,9,43983.3600260433,2.8,405.33333181,0,18.5666666666667,2.95,10.7583333333333,706.666666666667,95.8413745716516,67.0648065365414,0.130224804801495,0.864660451932421,-0.332573252599448,0.337704377909347,-0.0578809441845304,-0.195603896431966,-0.101725499110462,-0.147377539687224,-0.183297619404411,-0.183339226427546,-0.189285387831319,-0.0453090192644179,932.266663163,1.29083303893972,0.584166372273054,2815,0.50958904109589
"Road",2005,10,39320.3612651161,2.03225806451613,319.690322629032,0.129032258064516,12.4354838709677,-1.54838709677419,5.44354838709677,553.548387096774,57.2799003297375,35.9158702372233,-0.13764308565823,0.154227620805147,0.727287731894888,-0.341553297313077,0.293018546137569,-0.098038753606781,-0.232679462953682,-0.1235754332112,-0.161107175147752,-0.19787560390491,-0.196476449301263,-0.196735046156078,735.287742046773,0.899178522513859,0.345630135417085,2815,0.50958904109589
"Road",2005,11,35412.4798177133,2.16666666666667,293.119997156667,16.9333333333333,4.83333333333333,-8.21666666666667,-1.69166666666667,357.333333333333,27.5473148004082,0,-0.269388557737915,-0.317599564018203,0.0315222262648109,0.640401681739244,-0.335736456325115,0.299294013669789,-0.0973824180192005,-0.232327994447477,-0.128417568360435,-0.163230148227422,-0.197585879377156,-0.190999169923839,674.175993460334,0.53969229070075,0.182358957367417,2815,0.50958904109589
"Road",2005,12,33592.31953128,3.96666666666667,253.973334506667,112.933333333333,-3.03333333333333,-15.7333333333333,-9.38333333333333,200,12.4195492790181,0,1.27328325431953,0.502502931777723,0.192284414030104,0.325278062270524,0.844027168400167,-0.113104985448135,0.451278413630654,0.0618589346088174,-0.0962743375980643,-0.0029738743649699,-0.0439581152131836,-0.0823725816718318,584.138669365334,0.300608146023598,0.100608146023598,2815,0.50958904109589
"Road",2006,1,34615.741809471,3.09677419354839,302.141934796774,156.774193548387,-1.40322580645161,-15.8870967741935,-8.64516129032258,183.225806451613,15.9074155053267,0,0.12380537937114,0.768651409587974,0.434428509106103,0.213821992399553,0.232213103581156,0.791477232651827,-0.184742080453501,0.400493896480796,0.0800208946100994,-0.0613658674508292,0.0366616050648387,-0.00663015881239158,694.92645003258,0.318504469547127,0.135278663095514,2815,0.50958904109589
"Road",2006,2,37904.9143415179,1.21428571428571,425.71428735,218.714285714286,-0.303571428571429,-15.6785714285714,-7.99107142857143,192.857142857143,21.4154602744631,0,0.000309737315193614,0.155153987692281,0.601024704334268,0.410089760863505,0.248278141689274,0.196017465003065,0.736144954707587,-0.161533935599343,0.419182321579208,0.116303745519554,-0.026844276258879,0.0675144388745636,979.142860905,0.335148590125746,0.142291447268603,2815,0.50958904109589
"Road",2006,3,42274.6838457677,2.41935483870968,483.819359067742,259.096774193548,3.70967741935484,-9.7741935483871,-3.03225806451613,301.935483870968,44.5549444391656,0,0.525717127500542,0.461522325207366,0.440230141140581,0.741599147420942,0.628877797160714,0.476215294272813,0.402104751045419,0.837105051078496,0.00651483699019367,0.547699018442279,0.278650677146939,0.130330609112555,1112.78452585581,0.488677973874872,0.186742490003904,2815,0.50958904109589
"Road",2006,4,46932.4800781267,1.4,644.906663006667,291.466666666667,11.3666666666667,-4.16666666666667,3.6,406.666666666667,83.9577762832231,29.6395074904731,-1.31161066235772,-0.559769643869216,-0.450862851412856,-0.339477508027367,-0.0281585130461358,-0.105837777261714,-0.159573938057311,-0.187309882313293,0.203057968294044,-0.419757355712418,0.147509127850088,-0.0203716128378398,1483.28532491533,0.790302643527609,0.383635976860942,2815,0.50958904109589
"Road",2006,5,50847.7935987871,0.612903225806452,663.019350116129,238.451612903226,16.7096774193548,0.354838709677419,8.53225806451613,421.935483870968,123.97594042254,66.0397578527891,-1.38214698827522,-1.49906898831345,-1.09066096079888,-1.03365999459196,-0.928455474601012,-0.682790040555421,-0.719832522943416,-0.694610830007252,-0.707534248937727,-0.417559485306951,-0.84005152613943,-0.355387194288947,1524.9445052671,1.11150680321031,0.689571319339338,2815,0.50958904109589
"Road",2006,6,52784.6404947633,0.766666666666667,623.360004676667,128.533333333333,22.45,4.36666666666667,13.4083333333333,456,156.334414367605,95.0527991738792,-0.986457033975728,-1.3851067122571,-1.47517998789322,-1.20349748584278,-1.16952680627306,-1.09732636154929,-0.898478023981038,-0.906513196677495,-0.880340099064282,-0.885638882424074,-0.668803922016226,-0.99175441942509,1433.72801075633,1.53715514581383,1.08115514581383,2815,0.50958904109589
"Road",2006,7,51929.1872479839,3.58064516129032,438.193544945161,10.9677419354839,23.4032258064516,8.29032258064516,15.8467741935484,778.064516129032,154.781572358602,110.680713288638,0.762567872164664,-0.223426376257057,-0.831962413626364,-1.04686782070174,-0.855821275325021,-0.837884500088513,-0.795470602119319,-0.629971679651726,-0.634030455590596,-0.626856668940054,-0.651434435642544,-0.455062071473426,1007.84515337387,1.79938872203913,1.0213242059101,2815,0.50958904109589
"Road",2006,8,48495.4838709677,2.61290322580645,411.664515341935,0,21.0322580645161,6.64516129032258,13.8387096774194,953.548387096774,127.576517211995,93.3199046728697,1.29834502443235,1.21382156641509,0.301090588904029,-0.458300343047113,-0.744830652795086,-0.588234960310135,-0.574443436413889,-0.545132387597739,-0.387987972144501,-0.403233167870163,-0.410823070673659,-0.432901486989572,946.82838528645,1.58083585287767,0.627287465780892,2815,0.50958904109589
"Road",2006,9,43983.3600260433,2.4,399.786667883333,0,15.1166666666667,0.416666666666667,7.76666666666667,644,83.245119633376,51.6615739516829,1.69625770963184,1.87185285638877,1.61159286357526,0.957005381415937,0.0884148997146795,-0.330509520470257,-0.208971334018616,-0.199562092622312,-0.18163396001649,-0.0261868650781742,-0.0520817740112655,-0.0656296407211876,919.509336131666,1.05512511638312,0.41112511638312,2815,0.50958904109589
"Road",2006,10,39320.3612651161,2.96774193548387,314.012905980645,7.2258064516129,9.09677419354839,-2.67741935483871,3.20967741935484,521.290322580645,47.5084750650039,23.5264969148941,1.65413106081223,1.80800791853777,2.03486852614862,1.85812947169622,1.30323099498189,0.506714135706826,-0.000431821887206483,0.124471314857301,0.131324291614672,0.134082430218151,0.28310477520332,0.251060036117152,722.229683755483,0.768808309777201,0.247517987196556,2815,0.50958904109589
"Road",2006,11,35412.4798177133,2.36666666666667,317.440000913333,37.7333333333333,4.8,-9.05,-2.125,325.333333333333,27.6156865343002,0,-0.240669043280756,1.24858412415475,1.63262945478691,1.88124109547563,1.73824554043769,1.23723427381975,0.495127083794596,0.0015926885891718,0.119875753129334,0.128351200715469,0.132716975632983,0.278915100999621,730.112002100666,0.522708305961035,0.197374972627702,2815,0.50958904109589
"Road",2006,12,33592.31953128,0.933333333333333,269.12000173,86,0.2,-12.4333333333333,-6.11666666666667,252,17.1945016061171,0,-1.19367741385961,-0.856216233711664,0.620722434160527,1.41901503312022,1.7553074281652,1.630885717922,1.08322509114711,0.329193610692691,-0.128468354993063,-0.0102913617967689,0.000816415210475032,0.0115369476088376,618.976003979,0.387216262714776,0.135216262714776,2815,0.50958904109589
"Road",2007,1,34615.741809471,0.903225806451613,338.270968529032,163.612903225806,-1.16129032258065,-16.741935483871,-8.95161290322581,175.483870967742,15.9464287391406,0,-0.520451163647704,-0.960025457360974,-0.938179069938585,0.311844250225187,1.29089923843362,1.69408965733666,1.56275723969815,0.954115820096069,0.246438396056849,-0.165789006528394,-0.0414781526042112,-0.0323706103523024,778.023227616774,0.310962798857078,0.135478927889336,2815,0.50958904109589
"Road",2007,2,37904.9143415179,2.57142857142857,357.714285167857,195.285714285714,1.10714285714286,-11.375,-5.13392857142857,270,24.916370834918,0,-0.600806370791323,-0.63714415918662,-0.938406382888152,-0.917046404101231,0.123812019179757,0.998170190388258,1.4477030664422,1.41429400798784,0.853778095450065,0.193622560361454,-0.197139683801154,-0.074051606301247,822.742855886071,0.417292031659999,0.147292031659999,2815,0.50958904109589
"Road",2007,3,42274.6838457677,1.35483870967742,519.432259345161,252.645161290323,7.11290322580645,-7.40322580645161,-0.145161290322581,357.41935483871,55.2667189359821,0,-1.19312432797868,-1.20010071656046,-1.13463890026811,-1.26935372262078,-1.26962570396965,-0.438598414954275,0.341475481618739,0.869540405112922,0.994216370095803,0.520462215435917,-0.0582547270826132,-0.387327140657315,1194.69419649387,0.604369918086197,0.246950563247487,2815,0.50958904109589
"Road",2007,4,46932.4800781267,1.46666666666667,594.02666626,238.266666666667,10.6,-3.26666666666667,3.66666666666667,414.666666666667,79.5729526797443,30.0782673627089,-0.799465085787449,-1.2197024182091,-1.24149985299538,-1.19177078173588,-1.27773002202343,-1.27380766344449,-0.621219864301544,-0.00659991809981125,0.445340553394057,0.634699393761384,0.277010828510488,-0.189153807297063,1366.261332398,0.794026549512616,0.379359882845949,2815,0.50958904109589
"Road",2007,5,50847.7935987871,0.806451612903226,615.638714203226,183.483870967742,14.9354838709677,-0.145161290322581,7.39516129032258,456.774193548387,113.907751598855,58.892537661377,-0.334860774511258,-0.648620825313571,-0.938647696232987,-0.992259856219775,-0.998137632213049,-1.1030824624515,-1.12257739442374,-0.63007480657927,-0.157182404772582,0.187646102970277,0.381897356084733,0.0891414295474993,1415.96904266742,1.02868706152154,0.571912867973156,2815,0.50958904109589
"Road",2007,6,52784.6404947633,0.533333333333333,620.48000183,88.4,21.2833333333333,4.05,12.6666666666667,392,148.989051868801,90.8184745876997,-0.294772533551011,-0.466224294994847,-0.623617010413996,-0.833628707303931,-0.879564383724739,-0.897875499201612,-0.972460297432672,-0.973302070225243,-0.604782722949585,-0.239669859241354,0.0453393671055165,0.219335320216222,1427.104004209,1.46436620212141,1.07236620212141,2815,0.50958904109589
"Road",2007,7,51929.1872479839,2.29032258064516,458.425807829032,0.774193548387097,24.4677419354839,7.87096774193548,16.1693548387097,575.483870967742,163.757428955511,112.481410338805,-0.425063119003311,-0.439641196119652,-0.527889137416029,-0.6772685564435,-0.862444517147204,-0.909219446203984,-0.928598999153044,-0.985541843534391,-0.978557471518183,-0.670651300818926,-0.350034367429192,-0.101605769558781,1054.37935800677,1.83686414957551,1.26138027860777,2815,0.50958904109589
"Road",2007,8,48495.4838709677,0.967741935483871,456.567741148387,0,23.0967741935484,7.69354838709677,15.3951612903226,780.645161290323,138.498803122106,101.635178771942,-0.466668922624839,-0.538915604989498,-0.59371788403956,-0.667516756579488,-0.774465619083437,-0.942872889069381,-0.984982421288999,-1.00095108611862,-1.04410231933939,-1.03821514387653,-0.774163315950805,-0.484499864072455,1050.10580464129,1.74805104986372,0.967405888573393,2815,0.50958904109589
"Road",2007,9,43983.3600260433,2.73333333333333,396.69333293,0,18.3,2.93333333333333,10.6166666666667,713.333333333333,94.5995288578997,66.3566408293921,0.316376650778864,-0.129140450104973,-0.282853316865372,-0.408907083621839,-0.577413513159168,-0.707903978823544,-0.900500383575061,-0.94001471208006,-0.955292421660819,-0.995565014309055,-0.987724025866944,-0.725267784117682,912.394665739,1.27870495257236,0.565371619239029,2815,0.50958904109589
"Road",2007,10,39320.3612651161,1.64516129032258,351.999999016129,0.387096774193548,12.1612903225806,-2.96774193548387,4.59677419354839,500.645161290323,57.4086278603072,31.367624216779,-0.240091446966454,0.229818228658287,-0.171589455856524,-0.326654796572907,-0.429196453170341,-0.616818398834187,-0.74312409997824,-0.918223494795705,-0.950658118021225,-0.96902077749339,-1.00647756282863,-0.997442176875004,809.599997737097,0.847625021231433,0.34697985994111,2815,0.50958904109589
"Road",2007,11,35412.4798177133,0.4,296.85333303,1.2,7.78333333333333,-7.48333333333333,0.15,369.333333333333,33.2016733675249,1.77371306363633,-1.58685540070976,-1.28636228205227,-0.692454985396133,-0.906357160046474,-0.80350575642043,-0.777965176631709,-0.873073998367152,-0.94988940503892,-1.10668287105711,-1.13571505917392,-1.14648713185863,-1.17230442079135,682.762665969,0.617467014775109,0.248133681441776,2815,0.50958904109589
"Road",2007,12,33592.31953128,6.06666666666667,248.000000256667,105.866666666667,-3.93333333333333,-15.3833333333333,-9.65833333333333,208,11.4072223741299,0,2.06478200716373,-0.308421783965102,-0.440406950054635,-0.000733087203827131,-0.273093291430065,-0.358148146982021,-0.439761890694063,-0.627272692310235,-0.752646239625186,-0.934950018617752,-0.967308005988706,-0.982857948686822,570.400000590334,0.294173585493187,0.0861735854931874,2815,0.50958904109589
"Road",2008,1,34615.741809471,5.64516129032258,319.174193845161,266.322580645161,-5.45161290322581,-18.3548387096774,-11.9032258064516,163.870967741935,9.67097477543379,0,1.99247939373759,2.2462450958003,1.09243707208864,0.704050635104579,0.67461625731536,0.351549722938347,0.0795995866694616,-0.0614143688271887,-0.269469966446199,-0.446501488514228,-0.656169195519324,-0.700306119756605,734.10064584387,0.246066591541904,0.0821956237999689,2815,0.50958904109589
"Road",2008,2,37980.2483836207,4.55172413793103,416.772414634483,426.896551724138,-0.706896551724138,-14.1896551724138,-7.44827586206897,216.551724137931,21.1641264898669,0,0.927915051097974,1.6523442065797,1.93699492532446,1.18179778677792,0.909840895666398,0.848822205679378,0.582485136070555,0.280786859804051,0.132910940542278,-0.0901128636469969,-0.295792093940039,-0.516763258040913,958.576553659311,0.349543900576535,0.132992176438604,2815,0.50958904109589
"Road",2008,3,42430.7612147194,2.09677419354839,554.632255309677,506.709677419355,2.93548387096774,-13.3064516129032,-5.18548387096774,233.548387096774,41.7699547582728,0,0.903879180796682,1.08327713534651,1.4830489676595,1.79410959580852,1.3209096087864,1.10415138015187,1.10687911912096,0.843488320202998,0.516500592168041,0.384516589666952,0.172672711054684,-0.0526637144168769,1275.65418721226,0.415664077718361,0.182115690621587,2815,0.50958904109589
"Road",2008,4,47070.7200520867,2.16666666666667,605.65333557,581.333333333333,7.28333333333333,-8.26666666666667,-0.491666666666667,334.666666666667,67.9415217769419,0,0.750709833287907,1.01123073746453,1.10234603202504,1.36632825376311,1.63012876136485,1.29353551256683,1.13323122988575,1.16425776666181,0.981203775083205,0.697295136904072,0.569609518379875,0.406540170209705,1393.002671811,0.589309408437934,0.254642741771267,2815,0.50958904109589
"Road",2008,5,50948.1291582613,1.80645161290323,623.483870967742,575.612903225806,13.0483870967742,-1.46774193548387,5.79032258064516,504.516129032258,104.637044759697,48.4144694575057,0.676415902388909,0.779825644212882,0.950915687446366,1.04769106357787,1.27559227434385,1.5605894744575,1.28317445137242,1.14814256752633,1.19231056093092,1.04147989536586,0.79937101357127,0.680894622438691,1434.01290322581,0.92107829643442,0.416562167402162,2815,0.50958904109589
"Road",2008,6,52807.68046872,0.366666666666667,719.466664633333,486,20.3666666666667,2.88333333333333,11.625,512,144.93502896102,84.7866382924959,0.11274340092621,0.439585282608361,0.607881317210514,0.785067211232268,0.884142415479559,1.11631852963977,1.34915726873868,1.08333552279525,0.984670370431661,1.01114938890559,0.898950352835226,0.705862621849248,1654.77332865667,1.3672587967631,0.855258796763102,2815,0.50958904109589
"Road",2008,7,51851.1485635097,0.870967741935484,671.690320416129,344.516129032258,24.258064516129,6.58064516129032,15.4193548387097,415.483870967742,165.273222806718,108.283490998144,-0.734719540416527,-0.375064847307595,-0.000589888933941491,0.207849169997796,0.433165629560817,0.551782602627981,0.816924037970786,1.06441726144395,0.782237405402929,0.711558871738952,0.739908416804335,0.613744433256698,1544.8877369571,1.75076831877086,1.33528444780312,2815,0.50958904109589
"Road",2008,8,48361.703125,1.54838709677419,560.619353264516,175.483870967742,22.4677419354839,6.41935483870968,14.4435483870968,501.935483870968,137.316878175847,96.5722883197984,-0.192610549885882,-0.62522567123288,-0.450264986963531,-0.144241847333369,0.0778672349133876,0.29760536491006,0.423018027331932,0.70691421185086,0.963417450003556,0.66584347752635,0.595474603143612,0.626877310933146,1289.42451250839,1.64406645918529,1.14213097531432,2815,0.50958904109589
"Road",2008,9,43822.0800781267,0.9,488.5333313,49.2,18.2833333333333,1.75,10.0166666666667,494.666666666667,96.0530815523057,63.3360854508594,-0.215779168781838,-0.294660542871528,-0.574714105534281,-0.437920605906068,-0.198998665516953,0.0175760473656827,0.21556796564595,0.339698819233526,0.627433752026723,0.87343871312351,0.578177848352683,0.517586610598856,1123.62666199,1.22844460530432,0.733777938637649,2815,0.50958904109589
"Road",2008,10,39175.4322076581,1.03225806451613,354.167742325806,1.54838709677419,12.8709677419355,-2.82258064516129,5.0241935483871,491.612903225806,59.5857126331978,33.6825210445121,-0.787589593695768,-0.546626461417907,-0.595581070421181,-0.773296985740112,-0.589247961529041,-0.362740436834444,-0.140377848800467,0.0719804362034466,0.198658513349987,0.480962274164391,0.719860974101805,0.446036038200385,814.585807349354,0.873310864297554,0.381697961071748,2815,0.50958904109589
"Road",2008,11,35308.7998697933,1.8,268.799999743333,10.2666666666667,6.38333333333333,-6.91666666666667,-0.266666666666667,368,30.270090410088,0,-0.892130681367421,-1.12068528252371,-0.891639136162187,-0.904679179316605,-0.996001824199719,-0.730974895945232,-0.477734841140532,-0.244603087148363,-0.0373929137591524,0.090411358343086,0.36869785320243,0.598275652279405,618.239999409666,0.599050392856517,0.231050392856517,2815,0.50958904109589
"Road",2008,12,33580.7994792,5.3,244.693333186667,85.3333333333333,-2.11666666666667,-13.7833333333333,-7.95,222.666666666667,13.9307170781625,0,1.22243579724199,-0.121132284400369,-0.646597822738953,-0.474781497558201,-0.545401990449466,-0.737323731238602,-0.548665793713559,-0.333974604341208,-0.114948924259197,0.0842389539900565,0.208848547237413,0.486123525151606,562.794666329334,0.336219075478507,0.11355240881184,2815,0.50958904109589
"Road",2009,1,34615.741809471,2.87096774193548,308.954840387097,142.322580645161,-0.32258064516129,-13.5806451612903,-6.95161290322581,224.516129032258,18.0348212294456,0,-0.555444675045083,0.349042060113566,-0.386364660040047,-0.785085982834564,-0.725583739658922,-0.768437580135792,-0.877347828789034,-0.650214416592154,-0.386553149351768,-0.156769720820228,0.0457365041742436,0.166913292253743,710.596132890323,0.36319516629393,0.138679037261672,2815,0.50958904109589
"Road",2009,2,37904.9143415179,3.10714285714286,409.028574807143,201.714285714286,1.73214285714286,-13,-5.63392857142857,232.857142857143,26.0004941161477,0,-0.75222640664832,-0.765595664455189,-0.031595052526825,-0.507795492919706,-0.817359807699441,-0.835237557858441,-0.879963957895723,-0.973256740594504,-0.718519308406542,-0.433930047934282,-0.205749661071025,-0.00681418720217095,940.765722056429,0.401740059279807,0.168882916422664,2815,0.50958904109589
"Road",2009,3,42274.6838457677,2.19354838709677,508.800000590323,252.387096774194,5.5,-9.58064516129032,-2.04032258064516,309.677419354839,50.2842297968151,0,-0.402525861725447,-0.573885353137166,-0.613522362169518,-0.161878754093062,-0.510685411006661,-0.74422750877942,-0.837897450321556,-0.881585456226982,-0.966351941359177,-0.73383361394641,-0.443260068126302,-0.221236364374228,1170.24000135774,0.525989332313757,0.216311912958918,2815,0.50958904109589
"Road",2009,4,46932.4800781267,2.6,576.746665446667,336.4,8.28333333333333,-6.11666666666667,1.08333333333333,404,71.3304113411945,11.3292433390352,0.391316685051083,0.143560287696456,-0.0370976848715248,-0.143651495555298,0.133972521665279,-0.132368263246636,-0.359606578034328,-0.484243935161775,-0.544461065729217,-0.713755692641251,-0.524461495060057,-0.248943226796215,1326.51733052733,0.660553427972052,0.256553427972052,2815,0.50958904109589
"Road",2009,5,50847.7935987871,1.74193548387097,621.109679190323,288.129032258065,15.7258064516129,1.32258064516129,8.5241935483871,607.741935483871,116.308414598459,65.9897652087723,-0.488288989921385,-0.141246124069624,-0.20049357647578,-0.297043614242729,-0.36237540625618,-0.146449926279791,-0.337133200502005,-0.48834430123457,-0.593448337321182,-0.658313242773564,-0.799277092893199,-0.660179072580777,1428.55226213774,1.11089931161346,0.503157376129589,2815,0.50958904109589
"Road",2009,6,52784.6404947633,1.4,604.90666199,185.2,17.8166666666667,3.06666666666667,10.4416666666667,661.333333333333,127.770650000202,77.8018229958039,1.8278794815966,0.856478111789966,0.768271149199525,0.599979901159702,0.488280717523717,0.394027570000049,0.565638074468204,0.409474843614009,0.240159411483928,0.130938636182209,0.0596716356822458,-0.167865281965907,1391.285322577,1.26386186804252,0.602528534709183,2815,0.50958904109589
"Road",2009,7,51929.1872479839,1.48387096774194,537.909677812903,49.2903225806452,23.2741935483871,6.04838709677419,14.6612903225806,689.032258064516,159.425368805777,103.998880524465,-0.0267208841834798,1.30896047979502,0.641124586634111,0.610745835565091,0.488777758541841,0.387967197847378,0.299529208318853,0.458954712024253,0.322035454806557,0.187469798993564,0.0951105998237714,0.0184107043901187,1237.19225896968,1.66736743715405,0.97833517908953,2815,0.50958904109589
"Road",2009,8,48495.4838709677,0.580645161290323,473.290320612903,0,21.8387096774194,4.66129032258065,13.25,673.548387096774,136.806256672129,90.1269477544183,-0.263738656466387,-0.169582482727188,0.977945493279322,0.430740997382036,0.44690806406479,0.33676683491667,0.242068226795215,0.162603255259924,0.318774881109647,0.181948821248882,0.0506088887506452,-0.0328492961550259,1088.56773740968,1.52135432697869,0.847805939881921,2815,0.50958904109589
"Road",2009,9,43983.3600260433,2.06666666666667,393.706669106667,0,17.9666666666667,2.16666666666667,10.0666666666667,576,94.0674933479765,63.5891480198934,0.295353642153774,-0.00301594596707424,0.024648252037095,0.958848684622096,0.482602531830908,0.491392182734655,0.367288753971906,0.268952504466203,0.189218457158165,0.336511264613494,0.200998634655886,0.0796289579750069,905.525338945334,1.23256542731054,0.656565427310538,2815,0.50958904109589
"Road",2009,10,39320.3612651161,2,323.303227087097,3.35483870967742,8.09677419354839,-4.25806451612903,1.91935483870968,459.354838709677,45.6769779787732,15.5856506948808,1.76242966436354,1.26347919595368,0.932022716135675,0.656994493593394,1.33793936557543,0.938848159526732,0.881317226475051,0.741074684331374,0.630503075862684,0.536061123182548,0.669967323669153,0.528471955006818,743.597422300323,0.70138824326071,0.242033404551033,2815,0.50958904109589
"Road",2009,11,35412.4798177133,0.9,333.439998373333,24.6666666666667,6.51666666666667,-8.05,-0.766666666666667,352,30.7753602024332,0,-1.13950686760075,0.714823653063689,0.745375681728963,0.520656810915734,0.41204981099341,1.10523048087813,0.709103980131375,0.681697161822928,0.558693041854325,0.460996251599861,0.377948340317241,0.509246524899999,766.911996258666,0.577594749608036,0.225594749608036,2815,0.50958904109589
"Road",2009,12,33592.31953128,2.86666666666667,265.493332416667,85.3333333333333,-3.85,-17.1333333333333,-10.4916666666667,170.666666666667,11.0289896622735,0,1.35496612089345,-0.289963661032486,1.23788291807509,0.984193335532675,0.752637529605893,0.601434992089781,1.24283815083003,0.88283184138997,0.838554937280685,0.70525044185812,0.59964980015121,0.510144618663574,610.634664558334,0.275417417313662,0.104750750646995,2815,0.50958904109589
"Road",2010,1,34615.741809471,2.12903225806452,312.258064512903,156.258064516129,-0.983870967741935,-14.2903225806452,-7.63709677419355,209.032258064516,16.9260462743296,0,-0.448922361499115,0.491144098193178,-0.464495673407875,0.879552999114761,0.781157263510858,0.547623990831404,0.415295448424943,1.13434367384368,0.784678661748259,0.762049452928616,0.651293787108408,0.559204673866724,718.193548379677,0.344475019415355,0.135442761350839,2815,0.50958904109589
"Road",2010,2,37904.9143415179,2.35714285714286,423.314284732143,229.428571428571,-1.53571428571429,-15.5535714285714,-8.54464285714286,190,19.2944443208473,0,0.851690336438473,0.362534354454287,0.773200140619484,0.0938904056679738,0.998753256801741,0.916860539784496,0.730649449297994,0.574968874775307,1.20895530968324,0.890170860893339,0.858266862530328,0.750496395541319,973.622854883929,0.321013424570051,0.131013424570051,2815,0.50958904109589
"Road",2010,3,42274.6838457677,0.645161290322581,569.703223445161,275.612903225806,4.20967741935484,-11.2258064516129,-3.50806451612903,265.806451612903,46.1344862977335,0,-0.0028305016796673,0.451444237532029,0.256204932750844,0.609327490602961,0.144991501826624,0.819728051748794,0.809027056135137,0.636168897160816,0.515351769811568,1.15204208311026,0.863164369618846,0.843500326362589,1310.31741392387,0.471629909032479,0.205823457419576,2815,0.50958904109589
"Road",2010,4,46932.4800781267,2.6,552.213334656667,307.466666666667,8.06666666666667,-5.1,1.48333333333333,398.666666666667,69.6522021781213,14.5712489646206,0.59818985768151,0.496457028969191,0.680510505246901,0.520234728850509,0.750967558628542,0.42810387140476,0.876603801623873,0.893713548032861,0.770889847615441,0.646739188818703,1.18644267496905,0.951990755254343,1270.09066971033,0.67982042444191,0.281153757775243,2815,0.50958904109589
"Road",2010,5,50847.7935987871,1.09677419354839,670.554836151613,279.870967741935,12.9354838709677,-1.54838709677419,5.69354838709677,414.193548387097,104.091943091484,47.7653801580735,0.661780397337076,0.694849703079671,0.619129965232359,0.747551474698991,0.631279553419934,0.838577712266064,0.605788711878419,0.940068230255528,0.96897556905724,0.857753287661711,0.748627587889175,1.2613044719238,1542.27612314871,0.91491981318055,0.500726264793453,2815,0.50958904109589
"Road",2010,6,52784.6404947633,0.9,640.426662193333,178.133333333333,21.4666666666667,4.36666666666667,12.9166666666667,536,149.629392001701,92.2511557613854,-0.322978684292508,0.156488209210067,0.345776184942615,0.344988557542541,0.467835055630311,0.387495129237981,0.575265969791128,0.371144633044148,0.678518483683596,0.685261512287316,0.604963998324655,0.532730428368005,1472.98132304467,1.48855553682291,0.952555536822907,2815,0.50958904109589
"Road",2010,7,51929.1872479839,1.90322580645161,503.329031667742,41.5483870967742,24.0806451612903,7.35483870967742,15.7177419354839,678.709677419355,162.207210667063,109.958396121347,-0.296343315456387,-0.379341085338607,-0.0117039970596862,0.147566202753047,0.169361252191927,0.286271317027292,0.214674801729987,0.390893680989778,0.211582519701453,0.529284310581325,0.545262471137522,0.455743032909219,1157.65677283581,1.78458750103761,1.10587782361826,2815,0.50958904109589
"Road",2010,8,48495.4838709677,2.61290322580645,412.90322236129,0,21.1129032258065,6.56451612903226,13.8387096774194,891.612903225806,128.289639129151,93.3199046728697,1.21651155881234,0.478593436954063,0.122186557880836,0.30639645160219,0.410350217750078,0.397190598927769,0.508883005837433,0.428225331697155,0.597247454119525,0.404575091207426,0.712891026552835,0.745100595341106,949.677411430967,1.58083585287767,0.68922294965186,2815,0.50958904109589
"Road",2010,9,43983.3600260433,0.933333333333333,441.91999868,0,20.4,2.7,11.55,705.333333333333,104.862629548658,70.9888515021637,-1.61940631911017,-0.1517435736683,-0.220142833701522,-0.374246462069829,-0.154025272382709,0.0107402649957928,0.00653961281492445,0.12161251052065,0.0618667885774411,0.225565519206501,0.0532553696160697,0.372246453327426,1016.415996964,1.36049112131721,0.655157787983881,2815,0.50958904109589
"Road",2010,10,39320.3612651161,2.7741935483871,303.896775032258,3.61290322580645,12.1935483870968,-1.46774193548387,5.36290322580645,567.741935483871,56.4189467150962,35.4891216623277,0.177618022588876,-1.12056294421167,0.00895371315857202,-0.137287619722809,-0.294017830129946,-0.126049978952378,0.0246841018878802,0.0351115224273068,0.151663327113648,0.0909488977941662,0.249666237247286,0.0862373828312846,698.962582574193,0.894152011450331,0.32641007596646,2815,0.50958904109589
"Road",2010,11,35412.4798177133,2.16666666666667,304.32000122,38.9333333333333,2.98333333333333,-10.65,-3.83333333333333,301.333333333333,24.4127780691322,0,0.442967051652938,0.370010922703055,-0.623568912049198,0.230827818512209,0.0642663610140878,-0.12487305188179,0.00210872710565212,0.131953941039583,0.131761788538692,0.245249940911268,0.183210922766333,0.336309972539576,699.936002806,0.460281730014248,0.158948396680915,2815,0.50958904109589
"Road",2010,12,33592.31953128,5.86666666666667,237.97333475,99.6,1.3,-9.31666666666667,-4.00833333333333,317.333333333333,18.6069285460163,0,-0.0976688486034896,0.278202139278981,0.254989954641704,-0.642374926615667,0.138867493048797,0.0145201894557573,-0.158450181427429,-0.0132827527883827,0.122615413255338,0.118192616982959,0.231436930705739,0.170665520005316,547.338669925,0.454277170038173,0.13694383670484,2815,0.50958904109589
"Road",2011,1,34615.741809471,1.38709677419355,302.967741932258,63.4838709677419,-3.03225806451613,-17.1129032258065,-10.0725806451613,170.322580645161,13.2389140513957,0,0.388469149638105,0.210715159580362,0.405363540103695,0.38735643279712,-0.595849775894649,0.137381531159535,-0.00966140562329842,-0.144904714445777,0.0454470995603366,0.182532315558791,0.185370607998975,0.294572478598791,696.825806444193,0.28471235139031,0.114389770745149,2815,0.50958904109589
"Road",2011,2,37904.9143415179,3.53571428571429,353.714285171429,123.428571428571,-2.17857142857143,-16.3035714285714,-9.24107142857143,195.714285714286,17.9106731660532,0,1.40598392515063,1.10630867884779,0.870937099224624,0.96660160917752,0.883974821984149,-0.0865914629371366,0.547600166853296,0.314051474033326,0.148591581952268,0.302197012566033,0.399294751294622,0.391906234416265,813.542855894287,0.303985796575418,0.108271510861132,2815,0.50958904109589
"Road",2011,3,42274.6838457677,2.61290322580645,464.516127064516,213.032258064516,4.19354838709677,-8.90322580645161,-2.35483870967742,318.709677419355,45.9249969069393,0,0.340669523786036,0.949631047780782,0.889455405425897,0.836025000262761,0.941119458767632,0.867505077101465,0.0851900175588157,0.599841480058319,0.376374229587747,0.258418015655763,0.407910545445498,0.490783387150826,1068.38709224839,0.513894071949202,0.195184394529847,2815,0.50958904109589
"Road",2011,4,46932.4800781267,3.7,546.6666687,259.2,7.21666666666667,-5.63333333333333,0.791666666666667,410.666666666667,66.3414120429176,8.81273618608524,1.10360923665114,0.977560192252562,1.18980610267475,1.12045177330907,1.10674036424287,1.17046204577385,1.09943803114607,0.575128097562754,0.937339172855131,0.702506647036512,0.565095954293723,0.697600444299589,1257.33333801,0.646811277647491,0.236144610980824,2815,0.50958904109589
"Road",2011,5,50847.7935987871,1.38709677419355,619.664516325806,235.741935483871,11.5322580645161,-1.58064516129032,4.9758064516129,543.225806451613,96.0172730305888,42.8793792680622,1.32545910298177,1.38864490548464,1.2669045906655,1.39084261351711,1.33920436414081,1.39824497873822,1.45177382103884,1.37986094719974,1.02745614719014,1.29364055004521,1.08153750936866,0.917179252245825,1425.22838754935,0.870368895786027,0.327143089334414,2815,0.50958904109589
"Road",2011,6,52784.6404947633,0.266666666666667,663.679999796667,142.533333333333,20.6666666666667,3.13333333333333,11.9,625.333333333333,146.498596907282,86.3891376875937,-0.0627614846581933,0.861224696338091,1.04089289933671,1.00223550397103,1.15136947616006,1.12920295724398,1.15424462783913,1.18597742765198,1.14433270749449,0.815521913177009,1.06993718739291,0.908490786596832,1526.46399953233,1.39232785278883,0.7669945194555,2815,0.50958904109589
"Road",2011,7,51929.1872479839,1.64516129032258,471.7419345,19.4838709677419,23.741935483871,7.74193548387097,15.741935483871,842.58064516129,158.763249934002,110.093920271221,0.0691593865163995,0.0167138211171218,0.685586213047189,0.891379435094942,0.902912299224741,1.06887104756006,1.0564184495154,1.07429673050952,1.10198875072135,1.07587928779982,0.768352832726003,1.00798570287717,1085.00644935,1.78735456126933,0.944773916108044,2815,0.50958904109589
"Road",2011,8,48495.4838709677,0.612903225806452,476.593548190323,0,23.8548387096774,7,15.4274193548387,597.41935483871,145.018800704696,101.805689998818,-1.47193635946462,-0.722901717691922,-0.60932455337908,0.0878275576984656,0.39967801659578,0.466158582386807,0.666095880142544,0.676467931734396,0.690787268107076,0.737129329306525,0.727997742178274,0.384405654877984,1096.16516083774,1.75167489881482,1.15425554397611,2815,0.50958904109589
"Road",2011,9,43983.3600260433,1.26666666666667,404.266668193333,0,18.5833333333333,2.91666666666667,10.75,589.333333333333,95.9666687006968,67.0232013614606,-0.140673538628975,-1.16550031117496,-0.633051677437202,-0.566460612980443,0.0387496627047458,0.342933933270279,0.39931173563831,0.598892454879547,0.612072370327544,0.616402762487712,0.662840062110044,0.660414737580298,929.813336844666,1.29011682741813,0.7007834940848,2815,0.50958904109589
"Road",2011,10,39320.3612651161,2.25806451612903,337.341938629032,1.29032258064516,11.8064516129032,-2.69354838709677,4.55645161290323,492.903225806452,56.1013091811048,31.1470764227202,0.139012336613597,0.124498570042587,-0.944551550768112,-0.539363138010649,-0.487398801236568,0.0539087118510772,0.344981642189757,0.411705642592735,0.604710910170284,0.618697349218525,0.620964241133049,0.668597185922845,775.886458846774,0.845236674778812,0.35233344897236,2815,0.50958904109589
"Road",2011,11,35412.4798177133,1.36666666666667,298.45333481,19.8666666666667,4,-9.33333333333333,-2.66666666666667,310.666666666667,26.1593756635086,0,-0.139990409846485,-0.0339112856631291,0.0645544587716089,-0.884947998699129,-0.504070394928217,-0.446173653050145,0.0762670366557434,0.354742317062399,0.415243356919763,0.601710218874862,0.615562883147146,0.614019419958716,686.442670063,0.502146642705325,0.191479976038658,2815,0.50958904109589
"Road",2011,12,33592.31953128,0.433333333333333,289.06666667,36.4,0.0166666666666667,-14.1666666666667,-7.075,220,16.7243906207178,0,-1.20192302440877,-0.792088162817467,-0.562504003448904,-0.362234781601257,-1.15691675795865,-0.747877569891536,-0.634244856205298,-0.0839107580208949,0.217352582488694,0.281513713283752,0.474328720315614,0.494596304466435,664.853333341,0.359760194517399,0.139760194517399,2815,0.50958904109589
"Road",2012,1,34615.741809471,2.80645161290323,312.258062545161,116.258064516129,0.935483870967742,-14.1129032258065,-6.58870967741935,214.193548387097,19.8567048432584,0,-1.09061903668513,-1.28459933255581,-1.11957700043225,-0.896664370586198,-0.783333392883653,-1.42043276988778,-0.984635389725055,-0.805197588343737,-0.221273048271403,0.096435080347144,0.173762636025412,0.365113093164969,718.19354385387,0.373467796360673,0.159274247973576,2815,0.50958904109589
"Road",2012,2,37980.2483836207,2.13793103448276,395.144830106897,188.827586206897,-0.46551724137931,-14.5689655172414,-7.51724137931035,205.51724137931,21.501589934391,0,0.23102630745937,-0.452449036066375,-0.816449199039293,-0.765879745940898,-0.607218846803934,-0.633784365736476,-1.26561899395152,-0.89820736111848,-0.726659373726239,-0.14416286089434,0.153359292439987,0.225592038483302,908.833109245863,0.347684883979784,0.142167642600474,2815,0.50958904109589
"Road",2012,3,42430.7612147194,0.645161290322581,567.122578283871,243.354838709677,7.61290322580645,-8.24193548387097,-0.314516129032258,336.774193548387,57.2048810717436,0,-1.49659970040022,-1.1618883610194,-1.30150318873301,-1.40946525868259,-1.36282049633871,-1.14097060201215,-1.1448339259287,-1.57640734544905,-1.25047345758275,-1.06579405552037,-0.458782158028268,-0.14037694118354,1304.3819300529,0.596966959956568,0.260192766408181,2815,0.50958904109589
"Road",2012,4,47070.7200520867,1,586.453331503333,229.333333333333,12.2166666666667,-3.1,4.55833333333333,396,87.1036552075663,35.8063361302796,-1.67840424051202,-2.11148472906867,-1.87781342921006,-1.90714963126508,-1.87174004724503,-1.78978686055672,-1.53995820157139,-1.52728052360597,-1.88684873669514,-1.56330665705278,-1.42155780592361,-0.817750729552507,1348.84266245767,0.845347998402466,0.449347998402466,2815,0.50958904109589
"Road",2012,5,50948.1291582613,0.419354838709677,657.341939616129,174.967741935484,17.0322580645161,-0.0161290322580645,8.50806451612903,304.516129032258,126.461032418638,65.8897516484324,-1.63627777973968,-1.81272954748166,-2.06335898859648,-2.02007917814943,-2.04475863229535,-2.02946805987886,-2.00197400699623,-1.79111122958393,-1.77027621079624,-1.97164849895157,-1.72664013019597,-1.66664714889538,1511.8864611171,1.10968520708012,0.805169078047864,2815,0.50958904109589
"Road",2012,6,52807.68046872,0.1,615.4666687,68.9333333333333,24.2333333333333,5.26666666666667,14.75,324,166.990309623536,102.596714335198,-1.87105736880891,-1.94854126870723,-2.01837154994451,-2.19249227149162,-2.1662043553159,-2.19268176322725,-2.21075806270771,-2.15301891017686,-1.99715249270376,-1.93164182506025,-2.10411464983835,-1.89890408689798,1415.57333801,1.6769432831691,1.3529432831691,2815,0.50958904109589
"Road",2012,7,51851.1485635097,2.51612903225806,437.677419354839,0,24.241935483871,7.70967741935484,15.9758064516129,556.129032258065,162.507603242109,111.40186003508,-0.261255903472178,-1.44845463783357,-1.63246080048278,-1.72655973153968,-1.88893224434397,-1.86639592343527,-1.8885075440943,-1.90479447967321,-1.88325247291821,-1.81839784985094,-1.80897916273001,-1.9398469271497,1006.65806451613,1.81429758272808,1.25816855047002,2815,0.50958904109589
"Road",2012,8,48361.703125,1.67741935483871,448.206449941935,0,23.2741935483871,6.56451612903226,14.9193548387097,770.322580645161,142.185123890412,99.1117743937327,-0.919600882517312,-0.649126718089292,-1.4708653642805,-1.62606910016443,-1.71509235169291,-1.84297006701643,-1.8310285187401,-1.85480364641593,-1.86087079285684,-1.83655564213115,-1.78138698423132,-1.78427995919712,1030.87483486645,1.6953586671251,0.925036086479938,2815,0.50958904109589
"Road",2012,9,43822.0800781267,1.26666666666667,408.533332316667,0,18.9333333333333,2.51666666666667,10.725,677.333333333333,98.1508688298895,66.8983472692608,-0.504306305297203,-0.989220582286948,-0.7077486467102,-1.53096015894662,-1.66960078484019,-1.75419871067901,-1.86093698596876,-1.84544439392694,-1.86719570796757,-1.86703338127792,-1.84159973276469,-1.79848900358636,939.626664328334,1.28797029265061,0.610636959317273,2815,0.50958904109589
"Road",2012,10,39175.4322076581,0.483870967741935,353.135485248387,0.774193548387097,12.5967741935484,-2.61290322580645,4.99193548387097,509.677419354839,58.5770274842059,33.5092203740266,-0.698931819418087,-0.729494786532109,-1.1990005185429,-0.87034965702635,-1.60657537482039,-1.71743148921449,-1.78665428787324,-1.90357594124876,-1.89098279451694,-1.91307965319148,-1.91060757117022,-1.89286315885052,812.21161607129,0.871348576750933,0.361671157396094,2815,0.50958904109589
"Road",2012,11,35308.7998697933,0.666666666666667,303.360001626667,10.8,7.66666666666667,-7.41666666666667,0.125,353.333333333333,32.9557528276153,1.53275205106007,-1.5145304996565,-1.46858022446843,-1.48628629189696,-1.86534476226772,-1.35238894990183,-1.9754201610781,-1.91563958795179,-1.94273818959369,-2.04587790170531,-2.03825972049336,-2.05842735338897,-2.05746972977417,697.728003741334,0.616348023373998,0.263014690040665,2815,0.50958904109589
"Road",2012,12,33580.7994792,2.33333333333333,240.10666606,40.8,-1.56666666666667,-13.4833333333333,-7.525,241.333333333333,14.6866610863122,0,0.0328077207546286,-1.28213560482355,-1.34485946054378,-1.3055976136583,-1.62960574349177,-1.28662117560905,-1.87659846594369,-1.89781268624407,-1.93924829002465,-2.03567272176711,-2.02719805863685,-2.04890186023562,552.245331938,0.347476296276488,0.106142962943155,2815,0.50958904109589
"Road",2013,1,34615.741809471,1.70967741935484,302.245161487097,82.1935483870968,-3.11290322580645,-17.2258064516129,-10.1693548387097,184.516129032258,13.0880831222085,0,0.51436102167252,0.359839272812916,-0.874366710172757,-1.09061530281003,-1.12154556249,-1.44770316304122,-1.15190002031745,-1.68295404538351,-1.80665922166629,-1.88813981107111,-2.00241367357319,-1.99012695257531,695.163871420323,0.282541526069377,0.0980253970371192,2815,0.50958904109589
"Road",2013,2,37904.9143415179,1,419.771426610714,110.571428571429,-1.91071428571429,-17.0892857142857,-9.5,167.142857142857,18.0049458867776,0,0.835600828860205,0.843333169140469,0.682095490049442,-0.269081680594577,-0.587199456046717,-0.774649054627638,-1.1402387547215,-0.946152388034269,-1.57258665915894,-1.75009574560708,-1.85131895480022,-1.97839381561807,965.474281204642,0.297863180246818,0.130720323103961,2815,0.50958904109589
"Road",2013,3,42274.6838457677,1.83870967741935,484.025804583871,159.612903225806,4.20967741935484,-10.5322580645161,-3.16129032258065,278.709677419355,46.1800680754999,0,0.178010433783384,0.571075985782844,0.643031342135108,0.632513492799341,-0.0257238228010438,-0.30611690615132,-0.566857661359021,-0.888503727726132,-0.782181415859713,-1.40540984693169,-1.65644854696429,-1.79456881355244,1113.2593505429,0.484001516564765,0.20529183914541,2815,0.50958904109589
"Road",2013,4,46932.4800781267,3.23333333333333,538.56000061,201.466666666667,7.55,-5.78333333333333,0.883333333333333,386.666666666667,67.9107541690852,9.62091807011507,0.877871440207961,0.763528131602334,0.886944838500051,0.881235621206336,0.883794308245622,0.442869513952933,0.190753592289539,-0.043503531507725,-0.352731607916339,-0.383996574094672,-1.01952198569649,-1.3965569588722,1238.688001403,0.651102672813554,0.264436006146887,2815,0.50958904109589
"Road",2013,5,50847.7935987871,1.70967741935484,605.522579070968,177.806451612903,14.0483870967742,-0.467741935483871,6.79032258064516,543.225806451613,109.072636702198,55.0026188952214,0.251536304167044,0.574858197439199,0.578409994407475,0.709053515999906,0.729402927991563,0.77234904876502,0.433826570758048,0.238560905832881,0.0488141096964441,-0.232193592449642,-0.29690072311105,-0.861267664810915,1392.70193186323,0.986893794304784,0.443667987853171,2815,0.50958904109589
"Road",2013,6,52784.6404947633,0,628.160001626667,72.9333333333333,23.0166666666667,4.55,13.7833333333333,640,159.881049397248,97.1758917704211,-1.35450838532608,-0.796383663957984,-0.274247020992145,-0.142459030595919,0.00476372321547532,0.0748512508829877,0.122506976782361,-0.165913583899236,-0.288566194740465,-0.445646197844607,-0.655573662469921,-0.674414348971601,1444.76800374133,1.5751550034981,0.935155003498097,2815,0.50958904109589
"Road",2013,7,51929.1872479839,2.80645161290323,446.554839103226,0,24.1935483870968,7.95161290322581,16.0725806451613,749.677419354839,161.535896331896,111.941958827677,-0.117674934307801,-0.992159331927071,-0.657245018759187,-0.30211649355004,-0.202035335086163,-0.0801585618926762,-0.0208454558619793,0.0204665321767194,-0.220447629908222,-0.314690026139873,-0.45624872063441,-0.649273393117576,1027.07612993742,1.82555026555787,1.07587284620303,2815,0.50958904109589
"Road",2013,8,48495.4838709677,1.90322580645161,436.541938041936,0,21.8548387096774,6.41935483870968,14.1370967741935,801.290322580645,133.3892880449,94.927877148653,0.455882120158643,0.14291241673312,-0.727810854241611,-0.550855288486386,-0.242788697306613,-0.169000817052495,-0.053249031248696,0.00365031842555862,0.0411651834282176,-0.19693685379368,-0.293155884863888,-0.421008714693013,1004.04645749645,1.61175728957427,0.810466966993624,2815,0.50958904109589
"Road",2013,9,43983.3600260433,4.7,369.920000203333,0.266666666666667,18.1333333333333,4.16666666666667,11.15,820,91.8799938302856,69.0131114939173,0.986845444392258,0.938124981399659,0.574528707059854,-0.304423043151986,-0.277043777471554,-0.0119703192635257,0.0242619344196337,0.136926634231332,0.187313441813116,0.215293064398795,-0.0285202512464137,-0.123256516760842,850.816000467666,1.3248925525855,0.504892552585499,2815,0.50958904109589
"Road",2013,10,39320.3612651161,1.45161290322581,349.006452496774,1.54838709677419,9.82258064516129,-4.03225806451613,2.89516129032258,456.774193548387,50.7639810806671,21.6615122666976,0.959899930785458,1.20981775660286,1.18719758957695,0.82021097294306,-0.0163029797969155,-0.0718117184349508,0.158084355028181,0.199842403061863,0.310646465355361,0.352137636738176,0.374437952641709,0.133196252928403,802.71484074258,0.751866678099684,0.295092484551297,2815,0.50958904109589
"Road",2013,11,35412.4798177133,1.96666666666667,290.560000866667,15.7333333333333,4.35,-7.9,-1.775,345.333333333333,26.5515262637792,0,-0.0935997169334569,0.664344205119619,1.06128177848115,1.11934196901168,0.836989799179529,0.0371225284899717,-0.0391774277224591,0.18041887080038,0.215909283099784,0.32459287183936,0.365386245947871,0.386187947052626,668.288001993334,0.536388604235399,0.191055270902066,2815,0.50958904109589
"Road",2013,12,33592.31953128,2.4,280.320000716667,61.3333333333333,-3.01666666666667,-15.5666666666667,-9.29166666666667,198.666666666667,12.480448880693,0,0.784136961934082,0.340387538705597,0.917233615341065,1.15711316601648,1.20963064653996,0.916564833441094,0.12379111906777,0.0539943417728365,0.266088028289006,0.292764897814327,0.398676850727653,0.437272880417811,644.736001648334,0.302780687053812,0.104114020387145,2815,0.50958904109589
"Road",2014,1,34615.741809471,3.16129032258065,309.987095990323,163.096774193548,-1.16129032258065,-14.5645161290323,-7.86290322580645,206.451612903226,16.6100442968005,0,-0.0579097177000627,0.394527395907503,0.214462409375834,0.766629172694973,1.09150065840568,1.15054282323521,0.821937661197165,0.0525045291665022,0.0474664291970723,0.265523909741827,0.301848903948804,0.406823253677582,712.970320777743,0.338499241869343,0.132047628966117,2815,0.50958904109589
"Road",2014,2,37904.9143415179,4.10714285714286,379.657141278571,276.428571428571,0.0178571428571429,-11.4285714285714,-5.70535714285714,272.857142857143,22.7838088615602,0,0.415087133195164,0.30042479941586,0.516514333653856,0.415844876440107,0.779815821062372,1.06685522510578,1.1492788897111,0.866567712208583,0.153618258211435,0.142388088714123,0.338004706252376,0.3692995569785,873.211424940713,0.399560956186083,0.12670381332894,2815,0.50958904109589
"Road",2014,3,42274.6838457677,2.64516129032258,569.083874116129,310.967741935484,4.17741935483871,-10.758064516129,-3.29032258064516,276.129032258065,46.0725153933095,0,0.322467706359476,0.48751950811001,0.405021361124678,0.59059729674925,0.537277658324929,0.782520336874953,1.06926499417283,1.1456761637654,0.883794425262285,0.258511551459989,0.258053550741136,0.431103478156935,1308.8929104671,0.479364854764377,0.203235822506312,2815,0.50958904109589
"Road",2014,4,46932.4800781267,1.2,582.613334146667,332.8,7.66666666666667,-5.36666666666667,1.15,420,68.1007333351093,11.8842358438568,0.616515051597387,0.666885792023076,0.709907943797142,0.62132593717866,0.746101602260102,0.703461940365262,0.856901885623717,1.08886450429387,1.15874793207563,0.961999083227198,0.424340004502702,0.446842622089369,1340.01066853733,0.663730587239844,0.243730587239844,2815,0.50958904109589
"Road",2014,5,50847.7935987871,2.38709677419355,646.296772619355,306.58064516129,13.5645161290323,-0.338709677419355,6.61290322580645,527.741935483871,105.974992287824,53.8486879531968,0.608549684821166,0.668530679785228,0.696037318454274,0.742575759535003,0.679839549415536,0.811677736733637,0.790534436921953,0.903857766080247,1.1047840811631,1.16753464358775,1.01277061880042,0.524346302659007,1486.48257702452,0.974922379860573,0.447180444376702,2815,0.50958904109589
"Road",2014,6,52784.6404947633,0.166666666666667,688.64000244,210.133333333333,20.6333333333333,2.93333333333333,11.7833333333333,501.333333333333,146.615036017904,85.7102001305549,-0.0855153484597286,0.266918535634705,0.432446143946811,0.499063899154847,0.547494386931276,0.510127460617286,0.628999832882512,0.602401296469088,0.716682027924313,0.87652821432071,0.950827037131278,0.839667723623395,1583.872005612,1.38164351263757,0.880310179304237,2815,0.50958904109589
"Road",2014,7,51929.1872479839,1.2258064516129,547.303223641935,66.8387096774194,24.2096774193548,7.43548387096774,15.8225806451613,621.935483870968,162.949765087933,110.54536831779,-0.453062377339432,-0.320438790745057,0.00141528017042969,0.164356653141701,0.258836452310351,0.312215879946799,0.284327380446095,0.396551195965533,0.384537217222103,0.524180654496569,0.687815609632488,0.74850089447198,1258.79741437645,1.79660531392408,1.17466983005311,2815,0.50958904109589
"Road",2014,8,48495.4838709677,2.45161290322581,417.548388080645,0,20.4516129032258,5.91935483870968,13.1854838709677,703.225806451613,125.571253444906,89.7753359593006,1.4989269503191,0.56765021481422,0.327724095441603,0.441546172947919,0.528702771960164,0.579937589185527,0.624935356026383,0.583825968231021,0.687254718493606,0.659472275567694,0.785108370766188,0.973262943987139,960.361292585483,1.51495703033495,0.811731223883333,2815,0.50958904109589
"Road",2014,9,43983.3600260433,2.73333333333333,405.333332823333,0,18.8166666666667,3.91666666666667,11.3666666666667,740,95.6105766826337,70.0850244816931,0.156561600982125,1.16242274735315,0.555060454160859,0.378958612398206,0.453000687893556,0.536641437124225,0.579899992048285,0.622008482081747,0.580369614196673,0.672526474992773,0.64328421928559,0.770163321559572,932.266665493666,1.34407192063397,0.60407192063397,2815,0.50958904109589
"Road",2014,10,39320.3612651161,1.29032258064516,341.574194632258,0,13.3709677419355,-0.935483870967742,6.21774193548387,576.774193548387,59.8665539925445,39.951708084109,-0.791951904012965,-0.238574909232587,0.740138866447881,0.2973504856579,0.17083198714468,0.250202772790448,0.357581345312614,0.419494126846432,0.466653135204285,0.434915579867631,0.526124000249857,0.507703702940824,785.620647654193,0.948718701246219,0.371944507697832,2815,0.50958904109589
"Road",2014,11,35412.4798177133,2.8,272.960000856667,22.9333333333333,4,-9.23333333333333,-2.61666666666667,320,26.1471983127313,0,0.188000296611023,-0.494773782443559,-0.0826001536482991,0.791378725288159,0.416185045107231,0.276285830858051,0.328477708894362,0.419363935403574,0.472149175389225,0.515951265610357,0.483955284064043,0.56733884854209,627.808001970334,0.504014075719448,0.184014075719448,2815,0.50958904109589
"Road",2014,12,33592.31953128,2.23333333333333,250.239999386667,78.5333333333333,-0.383333333333333,-11.6666666666667,-6.025,270.666666666667,16.3773440173524,0,-0.560521951796902,-0.192208839225852,-0.69330824684554,-0.297434461927921,0.60470841974429,0.286094380802936,0.170908896988166,0.252449920999072,0.358714259833206,0.411857074063511,0.458274464693907,0.42915020600466,575.551998589334,0.38993769573474,0.119271029068073,2815,0.50958904109589
"Road",2015,1,34615.741809471,0.967741935483871,311.638707316129,130.709677419355,0.645161290322581,-12.6290322580645,-5.99193548387097,241.290322580645,19.6421667869083,0,-1.52322461981935,-1.20337106161001,-0.891853624930403,-1.14480439308682,-0.859324373460262,0.0864242906930896,-0.125766829390455,-0.135487134551055,0.0305291151992325,0.174693383257427,0.244961770501289,0.297533498439634,716.769026827097,0.390923493943249,0.149633171362604,2815,0.50958904109589
"Road",2015,2,37904.9143415179,1.53571428571429,410.97142955,161.142857142857,3.07142857142857,-10.5357142857143,-3.73214285714286,284.285714285714,28.8941351847698,0,-1.8680046569078,-2.32251561133597,-1.73856030386862,-1.3921895457048,-1.49569920876242,-1.24130391097478,-0.418893043835713,-0.490840870101257,-0.40457663098017,-0.196762403345893,-0.0314097981212265,0.0455115982691505,945.234287965,0.463785841188155,0.179500126902441,2815,0.50958904109589
"Road",2015,3,42274.6838457677,1.48387096774194,536.051615067742,222.322580645161,7.41935483870968,-7.56451612903226,-0.0725806451612903,341.935483870968,56.3809057644994,0,-1.30999290893084,-1.84906272411038,-2.06863063566104,-1.86762991319095,-1.67690288823856,-1.6751542945857,-1.4997023049252,-0.896137784757389,-0.863729259227276,-0.713128069575986,-0.450977811031468,-0.26206073939105,1232.91871465581,0.607567459823507,0.265631975952539,2815,0.50958904109589
"Road",2015,4,46932.4800781267,1.33333333333333,575.786665853333,224.266666666667,9.9,-4.31666666666667,2.79166666666667,349.333333333333,77.2867798282222,24.1783763067633,-0.533091354836601,-1.11645923608326,-1.56210308805298,-1.74478806000911,-1.60994530638085,-1.47112351064611,-1.49150706313113,-1.41030154309297,-0.898516938184434,-0.896166400773426,-0.764392930968551,-0.488716572710686,1324.30933146267,0.746364604227778,0.397031270894445,2815,0.50958904109589
"Road",2015,5,50847.7935987871,3.96774193548387,505.083872148387,184.258064516129,11.8870967741935,-0.112903225806452,5.88709677419355,556.129032258065,95.5275486349605,49.0614016863396,1.53070808310066,0.843109716861704,0.276530586415904,-0.0633564019115997,-0.313983694473814,-0.35817944903481,-0.308947320027639,-0.464078888054928,-0.480275191727961,-0.0581860791752015,-0.206040190447477,-0.151632583391268,1161.69290594129,0.927273386995437,0.371144354737372,2815,0.50958904109589
"Road",2015,6,52784.6404947633,1.26666666666667,604.48000183,80.6666666666667,21.5333333333333,5.08333333333333,13.3083333333333,732,148.62931157977,94.484654539659,-0.181277194398193,0.982960641495246,0.528892424637377,0.122868100268197,-0.147693549457694,-0.34101245283892,-0.353480283896085,-0.309037616842944,-0.437101965114812,-0.460983814551036,-0.121315081677174,-0.250350920383703,1390.304004209,1.52715898562928,0.795158985629282,2815,0.50958904109589
"Road",2015,7,51929.1872479839,3.25806451612903,404.851612706452,0,20.758064516129,6.46774193548387,13.6129032258065,962.58064516129,140.517677294211,97.9996375934676,2.19449312859833,1.28984768192708,1.69960587391014,1.22365418137672,0.795631788576045,0.533561417263204,0.322526556548476,0.300783206778053,0.331560386926385,0.195892671139554,0.173997287122102,0.490650628050973,931.15870922484,1.55778366202094,0.595203016859655,2815,0.50958904109589
"Road",2015,8,48495.4838709677,2.25806451612903,437.264518490323,0,21.6774193548387,6.24193548387097,13.9596774193548,947.096774193548,132.648273869609,93.9726094485287,0.611902172708202,1.77442057518936,1.30180902445968,1.82810203193841,1.30631410684143,0.863857819015812,0.593391567975869,0.378976498169041,0.351934340490482,0.375165737649524,0.232886281278534,0.220736938325247,1005.70839252774,1.59330815081391,0.646211376620359,2815,0.50958904109589
"Road",2015,9,43983.3600260433,1.86666666666667,396.58666484,0,19.2,3.81666666666667,11.5083333333333,809.333333333333,97.6207978413201,70.7836887351432,-0.315814616347573,0.217380565595062,1.32457581688343,1.04222132035601,1.60728331882961,1.17060711492582,0.760677703526006,0.488643371742606,0.280339877521407,0.248528904551271,0.274306989961675,0.147929276476884,912.149329132,1.35674405936207,0.547410726028735,2815,0.50958904109589
"Road",2015,10,39320.3612651161,1.67741935483871,315.561291106452,0.129032258064516,13.741935483871,-0.145161290322581,6.79838709677419,614.193548387097,60.4085600293191,42.9127606013918,-0.82155548449863,-0.657965196381268,-0.144277746847351,1.04366236135144,0.789390997499315,1.36917329453392,0.977788447013095,0.587683717124875,0.334407563551306,0.141841009655266,0.115292007640246,0.149849904079669,725.79096954484,0.987441020902739,0.373247472515642,2815,0.50958904109589
"Road",2015,11,35412.4798177133,1.53333333333333,296.426665756667,17.6,4.01666666666667,-9.43333333333333,-2.70833333333333,310.666666666667,26.2012345334308,0,-0.112171488236292,-0.68814246007342,-0.548998549619625,-0.115175667071731,1.03630482627948,0.794836241518544,1.32244105677609,0.962323244283588,0.589591863457063,0.344959046660666,0.158238100933664,0.134356844631895,681.781331240334,0.500595145075726,0.189928478409059,2815,0.50958904109589
"Road",2015,12,33592.31953128,2.7,262.613334913333,58.9333333333333,-1.36666666666667,-14.2,-7.78333333333333,220,14.8578786109848,0,0.0988169233151719,-0.0704836979869116,-0.6354805909221,-0.522917215715001,-0.140965129552142,1.02458223274714,0.781062497007436,1.32977946231331,0.973273158333952,0.598471005648771,0.350995382856279,0.16367079730109,604.010670300666,0.340594378061958,0.120594378061958,2815,0.50958904109589
"Road",2016,1,34615.741809471,2.12903225806452,308.645159319355,122.322580645161,-2.20967741935484,-16.1129032258065,-9.16129032258065,181.935483870968,14.7066335543568,0,0.189182862691512,0.185616650210776,0.0232453903913925,-0.509363544962732,-0.551637916845271,-0.192624342626869,0.981176400023061,0.74093490901946,1.29904036338587,0.96465421475894,0.622638356148345,0.388237359218681,709.883866434516,0.305894754075752,0.123959270204784,2815,0.50958904109589
"Road",2016,2,37980.2483836207,1.44827586206897,438.399998106897,204.827586206897,1.74137931034483,-13.051724137931,-5.6551724137931,237.241379310345,26.0087379876959,0,-1.195553903817,-0.589433575673331,-0.370287625816291,-0.374303989542096,-0.728108215015361,-0.80611675543,-0.472252873433584,0.745271928542257,0.56534577655955,1.08493927914095,0.804873143347892,0.489981422616054,1008.31999564586,0.401090862404946,0.163849483094601,2815,0.50958904109589
"Road",2016,3,42430.7612147194,1.96774193548387,504.4645179,234.967741935484,5.12903225806452,-8.41935483870968,-1.64516129032258,326.451612903226,48.8563414933968,0,-0.220245612362575,-0.6306021982775,-0.399310483008958,-0.284721697238298,-0.312780640007515,-0.593242030222623,-0.744817568800757,-0.487753525608196,0.612926874744517,0.504756371156715,0.993029237800508,0.755108726138695,1160.26839117,0.54154380228173,0.215092189378504,2815,0.50958904109589
"Road",2016,4,47070.7200520867,2.3,546.34666443,252.533333333333,8.9,-4.26666666666667,2.31666666666667,417.333333333333,72.6622368444187,20.8237593008297,0.18466547311567,0.106618782501709,-0.201537036517164,-0.11042109278809,-0.0523153479311537,-0.0863596708307426,-0.328271202191764,-0.484959846292832,-0.281728201811167,0.600107331589779,0.523843828088985,0.973481066463867,1256.597328189,0.721566848772325,0.304233515438992,2815,0.50958904109589
"Road",2016,5,50948.1291582613,2.09677419354839,612.851613690323,203.354838709677,13.258064516129,-0.564516129032258,6.34677419354839,501.935483870968,104.515297953525,52.1061345338636,0.712782853034004,0.529578995787327,0.416134569653136,0.213514959097031,0.22855725969007,0.271315656467145,0.250081332450045,0.0397527574535572,-0.104512343316575,0.0217098030762793,0.72727755261338,0.651176780871323,1409.55871148774,0.957205739676367,0.455270255805399,2815,0.50958904109589
"Road",2016,6,52807.68046872,0.3,634.559999593333,99.4666666666667,22.8166666666667,4.93333333333333,13.875,640,157.792236058574,97.6931104205315,-1.15573151965562,-0.365804187451925,-0.197600222397017,-0.179248321108108,-0.32936673779696,-0.284666189784446,-0.224760791390755,-0.231535966256962,-0.370596427665241,-0.48811962129679,-0.384092686259045,0.242864113140332,1459.48799906467,1.58456850015094,0.944568500150936,2815,0.50958904109589
"Road",2016,7,51851.1485635097,1.90322580645161,465.96128796129,2.06451612903226,22.9677419354839,6.69354838709677,14.8306451612903,825.806451612903,155.767650322404,104.959833076585,0.451880983102936,-0.535568778751885,-0.0966315062397363,-0.0525105463850545,-0.0619882106975276,-0.204052155338336,-0.178971703688468,-0.129411182135421,-0.125639547155531,-0.243809472965951,-0.354379683423946,-0.267124805993006,1071.71096231097,1.68569048282125,0.859884031208351,2815,0.50958904109589
"Road",2016,8,48361.703125,3.32258064516129,400.929031864516,0,19.9677419354839,5.45161290322581,12.7096774193548,824.516129032258,123.574374810012,87.1714773698358,1.78208593348577,1.35552323296708,0.308577326429399,0.482719669742117,0.424923766094499,0.360042324933348,0.20679202606212,0.21422208476505,0.254853670740591,0.239655065776038,0.0998811086892171,-0.00128521914980029,922.136773288387,1.46850301356089,0.643986884528632,2815,0.50958904109589
"Road",2016,9,43822.0800781267,1.06666666666667,412.586666363333,0,17.8833333333333,2.41666666666667,10.15,728,93.3482499295903,64.0103636809115,0.251248221410789,1.4279070013598,1.17866812526844,0.393399793644749,0.518835638339268,0.459378378673204,0.380523814003816,0.224048414380409,0.231356516412546,0.26447951504322,0.248954113076739,0.119590531275019,948.949332635666,1.23946053965742,0.51146053965742,2815,0.50958904109589
"Road",2016,10,39175.4322076581,0.645161290322581,342.7096784,0,13.8225806451613,-1.06451612903226,6.37903225806452,570.322580645161,61.4794595908465,40.7795446054488,-1.21066661527483,-0.463776277150901,0.82869707054974,0.793495162119038,0.0746565462783162,0.215237329286518,0.199195040053552,0.151082266917982,0.01451630813906,0.0290741208466753,0.0664257616856579,0.0638293060049866,788.23226032,0.959337951220048,0.389015370574887,2815,0.50958904109589
"Road",2016,11,35308.7998697933,1.56666666666667,273.386667383333,3.86666666666667,7.45,-6.46666666666667,0.491666666666667,404,32.3031072460508,4.58965169735285,-1.28018572714143,-1.58065160239244,-1.08557707168943,0.342705266493196,0.505968901546155,-0.170176017109301,-0.0123634364352002,0.00320906147770979,-0.0352994675253779,-0.158560118650956,-0.136183914446782,-0.0906396354495546,628.789334981666,0.632941474792941,0.228941474792941,2815,0.50958904109589
"Road",2016,12,33580.7994792,4.06666666666667,248.31999919,65.8666666666667,-1.53333333333333,-13.3,-7.41666666666667,244,14.7478043831794,0,0.591200560504507,-0.842418871748043,-1.30359312793824,-0.830501147468773,0.405529667330524,0.56201514083089,-0.105172889360826,0.0563205295884494,0.0660566457409908,0.0184399788382326,-0.109505822058118,-0.0874670780403475,571.135998137,0.350398902417063,0.106398902417063,2815,0.50958904109589
"Road",2017,1,34615.741809471,6.93548387096774,290.167740116129,188.645161290323,-2.40322580645161,-13.1451612903226,-7.7741935483871,246.451612903226,15.0026228033299,0,1.28625013810107,1.14821518122723,0.0112812960422705,-0.735642087888997,-0.441652762372147,0.686392530911586,0.727029168642315,0.0745759489441586,0.262675595702404,0.257072242028381,0.210731962747278,0.0770922497052758,667.385802267097,0.340835773140568,0.0943841602373417,2815,0.50958904109589
"Road",2017,2,37904.9143415179,3.64285714285714,393.8285735,267.571428571429,2.35714285714286,-9.23214285714286,-3.4375,321.428571428571,27.2242958291511,0,-0.938687001181102,0.375983962920215,0.502202840591487,-0.273614228140977,-0.83380170382801,-0.644041090287635,0.413972785862343,0.541202680692537,-0.0362553334779247,0.162438066859495,0.169587433144557,0.129908474926569,905.80571905,0.474124370190374,0.152695798761803,2815,0.50958904109589
"Road",2017,3,42274.6838457677,1,549.470970890323,303.741935483871,7.11290322580645,-6.54838709677419,0.282258064516129,400,54.9127307763066,3.58945701530412,-1.19322732196497,-1.33994950745646,-0.554097143167458,-0.289799423049307,-0.814730703999977,-1.13549383654357,-1.01206457813022,-0.166218794935151,0.0849146821417543,-0.335757140153395,-0.0870436655663336,-0.0447140266306836,1263.78323304774,0.623416868960737,0.223416868960737,2815,0.50958904109589
"Road",2017,4,46932.4800781267,1.7,612.693333943333,292.4,9.15,-4.98333333333333,2.08333333333333,404,74.4091454925805,19.1265485273345,-0.117647735269668,-0.735585261057941,-0.89256743591098,-0.379347403895735,-0.203516401054641,-0.602623791192015,-0.884803196139433,-0.831733656380527,-0.131422205819083,0.0505125720280089,-0.306687880088273,-0.0427200328827209,1409.19466806967,0.709654955734303,0.305654955734303,2815,0.50958904109589
"Road",2017,5,50847.7935987871,1.19354838709677,647.432256883871,260.258064516129,13.9032258064516,-0.629032258064516,6.63709677419355,434.838709677419,108.453191159219,54.0064018349947,0.261686796501253,0.0746796685068582,-0.335878185299979,-0.464481433676511,-0.17435574568786,-0.0595268407690258,-0.35567296744349,-0.598414566046536,-0.58605483363398,-0.050518427020357,0.0757299119023381,-0.246722382447172,1489.0941908329,0.976547255028891,0.541708545351472,2815,0.50958904109589
"Road",2017,6,52784.6404947633,0,674.34666748,159.733333333333,22.2833333333333,4.58333333333333,13.4333333333333,410.666666666667,154.79243802679,95.1947032763198,-0.915949790935545,-0.496026267616183,-0.404647738648085,-0.643408613038174,-0.740512847317951,-0.50944719256924,-0.392230432380991,-0.607463640182164,-0.782216674975533,-0.771272519405717,-0.355682803456586,-0.232132232817522,1550.997335204,1.53966315666594,1.12899648999927,2815,0.50958904109589
"Road",2017,7,51929.1872479839,2.16129032258065,476.800001574194,26.1935483870968,23.5806451612903,7.5,15.5403225806452,621.935483870968,158.206164500425,108.963277719772,0.195031728670331,-0.501013785838444,-0.302503296472592,-0.307927524433924,-0.534023241096255,-0.62737304841795,-0.443993102808029,-0.345041591465113,-0.519142884876444,-0.674496765046272,-0.677126302881757,-0.304656789245131,1096.64000362065,1.76441036606041,1.14247488218944,2815,0.50958904109589
"Road",2017,8,48495.4838709677,1,475.045162077419,0,21.4838709677419,5.85483870967742,13.6693548387097,658.064516129032,132.257186374116,92.4042046194086,0.4889010339565,0.374345116259631,-0.305275394791902,-0.221295407979909,-0.240203442212293,-0.473207940560466,-0.561652612446777,-0.393697478210301,-0.301023997989091,-0.470657727264371,-0.621244026242962,-0.62168220681075,1092.60387277806,1.56351882920189,0.905454313072855,2815,0.50958904109589
"Road",2017,9,43983.3600260433,1.43333333333333,395.83999939,0,18.6666666666667,2.86666666666667,10.7666666666667,637.333333333333,96.4304327741817,67.1064052937487,-0.189886252871612,0.205900974124931,0.272818198408948,-0.29490705162677,-0.265403682770966,-0.282262569120954,-0.530087721239541,-0.614024407041251,-0.448837689323624,-0.359034100848325,-0.517340480909881,-0.652452885822056,910.431998597,1.29154960067083,0.654216267337502,2815,0.50958904109589
"Road",2017,10,39320.3612651161,1.32258064516129,365.625804780645,1.80645161290323,12.5322580645161,-3.01612903225806,4.75806451612903,500.645161290323,58.6179501914623,32.2460054127798,-0.543297387604978,-0.350710966371857,-0.018917386001842,0.102919377862828,-0.395696625864921,-0.376882336437313,-0.383151449390368,-0.600081874534023,-0.672858081479949,-0.514752945399091,-0.424618193954695,-0.571708005922031,840.939350995483,0.857238203731981,0.356593042441658,2815,0.50958904109589
"Road",2017,11,35412.4798177133,1.76666666666667,281.386664073333,15.8666666666667,8.1,-5.18333333333333,1.45833333333333,425.333333333333,33.2273451798582,10.9628859063746,-1.39246486043836,-1.30615442435181,-1.07403977324938,-0.621735547153356,-0.259747972252112,-0.679026664484128,-0.601001602395513,-0.572291949930235,-0.771737708067199,-0.837412936233586,-0.678576157912113,-0.580462048407573,647.189327368666,0.678601809285053,0.25326847595172,2815,0.50958904109589
"Road",2017,12,33592.31953128,0.866666666666667,279.46666616,35.0666666666667,2.83333333333333,-11.2333333333333,-4.2,268,21.1202158943487,0,-2.13752444633278,-2.0090753774757,-1.81243008406499,-1.69812295067057,-1.25471375106768,-0.757503698342949,-1.02949352989693,-0.866810272447352,-0.798998951552623,-0.97583799760064,-1.03770673447393,-0.882811358771039,642.773332168,0.447780708084912,0.179780708084912,2815,0.50958904109589
"Road",2018,1,34615.741809471,1.67741935483871,322.787097074194,147.096774193548,1.75806451612903,-13.1935483870968,-5.71774193548387,230.967741935484,21.3303869574882,0,-1.76938435947577,-2.18769178405658,-2.25802105624129,-2.08546082313155,-1.95977535110183,-1.66085748182804,-1.12510432545744,-1.24635032018363,-1.02794729874222,-0.938071443175166,-1.09742317205934,-1.16337853112927,742.410323270646,0.399184199030085,0.168216457094601,2815,0.50958904109589
"Road",2018,2,37904.9143415179,2.39285714285714,373.828569689286,192.428571428571,0.964285714285714,-11.9107142857143,-5.47321428571429,268.571428571429,24.6275803095554,0,-0.570134911401569,-1.51055467870528,-1.96335460742324,-2.29361784126464,-2.09696482714097,-1.8637588763271,-1.67551140575876,-1.18072168776276,-1.29805972311612,-1.05291189102575,-0.960811127385122,-1.12022010710124,859.805710285358,0.406681728112407,0.138110299540978,2815,0.50958904109589
"Road",2018,3,42274.6838457677,1.61290322580645,532.748389458064,239.612903225806,5.53225806451613,-9.2741935483871,-1.87096774193548,313.548387096774,50.3604272072757,0,-0.499840129340373,-0.573667258422932,-1.06789172469355,-1.54058715878501,-1.94441805793692,-1.81797011099151,-1.70954811053791,-1.52773222568173,-1.16423416613739,-1.29923985666627,-1.06284581110457,-0.974546443120552,1225.32129575355,0.532606286970714,0.21905789987394,2815,0.50958904109589
"Road",2018,4,46932.4800781267,2.3,600.42666626,241.466666666667,10.1,-3.9,3.1,422.666666666667,77.8439969384523,26.2944340889387,-0.481367752572294,-0.523109089787812,-0.585474707878749,-0.953298041610094,-1.32577685759064,-1.66659690906904,-1.59387639272845,-1.58606536810886,-1.43984530140588,-1.14237864676428,-1.28509501884132,-1.07692607761285,1380.981332398,0.76286247605122,0.340195809384553,2815,0.50958904109589
"Road",2018,5,50847.7935987871,0.290322580645161,658.787094609677,182.58064516129,17.3064516129032,0.725806451612903,9.01612903225806,469.677419354839,127.122660994172,69.0224687464502,-1.70947100122548,-1.308330661245,-1.24594539819211,-1.29677942103988,-1.49642218216842,-1.71346869354183,-1.94780055935258,-1.85522413372598,-1.83551066945927,-1.69044301979988,-1.45189908721558,-1.58630140880718,1515.21031760226,1.14849694858473,0.678819529229893,2815,0.50958904109589
"Road",2018,6,52784.6404947633,0.666666666666667,592.746662396667,71.2,22.7,4.7,13.7,500,157.431479753436,96.7050982610253,-1.09271387528668,-1.5881197449966,-1.39365540212688,-1.35153545488574,-1.38967267331556,-1.53373053242231,-1.70208276149908,-1.84828565748296,-1.80056949792151,-1.7664386720582,-1.68900591057828,-1.50571893772355,1363.31732351233,1.56663997196392,1.06663997196392,2815,0.50958904109589
"Road",2018,7,51929.1872479839,1.70967741935484,488.154835364516,0,25.3870967741935,7.59677419354839,16.491935483871,458.064516129032,171.153497900851,114.274966391323,-1.20910542052638,-1.41383385029599,-1.63596955919858,-1.48125539222329,-1.47527532470011,-1.5126049543189,-1.61254949250983,-1.72569117498076,-1.84044406871032,-1.84397577942642,-1.83754793082503,-1.75043579245395,1122.75612133839,1.87502273304555,1.41695821691651,2815,0.50958904109589
"Road",2018,8,48495.4838709677,1.2258064516129,454.296772129032,0,23,6.09677419354839,14.5483870967742,589.677419354839,141.384833312783,97.1332492115237,-0.867681396897682,-1.25860813273991,-1.43293659932988,-1.62079349367947,-1.50913490968483,-1.50762419136534,-1.54266158891852,-1.62670038448037,-1.71096747540208,-1.79699521419005,-1.79621030390461,-1.80244828959961,1044.88257589677,1.6552494897231,1.06557207036826,2815,0.50958904109589
"Road",2018,9,43983.3600260433,1.13333333333333,428.159998576667,0,20.0833333333333,3.45,11.7666666666667,677.333333333333,102.404258147683,72.05333682746,-1.21694882528574,-1.39710586680315,-1.52221866090889,-1.65807272042633,-1.75933262370793,-1.63844070547268,-1.62830530426832,-1.65714694848047,-1.72872087170439,-1.7955565160569,-1.8690533082993,-1.87645037662919,984.767996726334,1.38012308481475,0.702789751481417,2815,0.50958904109589
"Road",2018,10,39320.3612651161,2.67741935483871,302.55483886129,0,10.241935483871,-2.09677419354839,4.07258064516129,541.935483870968,50.6315263852714,28.468901367006,1.17545184809879,0.0431733965981546,-0.586489182218335,-1.07065575958778,-1.34267566797121,-1.58784409218482,-1.4901430471498,-1.4950536355215,-1.52204161508114,-1.60507573138974,-1.68052487168011,-1.76779104178444,695.876129380967,0.817037301623884,0.275101817752916,2815,0.50958904109589
"Road",2018,11,35412.4798177133,2.6,288.53333359,17.0666666666667,2.26666666666667,-10.65,-4.19166666666667,282.666666666667,23.1528028093607,0,0.833681648734265,1.42167537249776,0.397426853778749,-0.150330437901186,-0.800288436402102,-1.1697769293748,-1.51018842898865,-1.41430015951889,-1.42001322418875,-1.44636586687216,-1.53821815811992,-1.6232307063377,663.626667257,0.448061436668667,0.165394770002,2815,0.50958904109589
"Road",2018,12,33592.31953128,1.53333333333333,282.666665646667,82.5333333333333,-1.71666666666667,-15.3666666666667,-8.54166666666667,194.666666666667,14.163252097525,0,-0.0605130670061466,0.629872880217783,1.31881212342812,0.300556047383457,-0.212211705806809,-0.80029086704393,-1.1461673941171,-1.50379765455191,-1.41642029447239,-1.42189427700235,-1.44897665529455,-1.53961141165821,650.133330987334,0.321087978198275,0.126421311531608,2815,0.50958904109589
"Road",2019,1,34615.741809471,2.80645161290323,322.78709806129,189.032258064516,-1.67741935483871,-15.3387096774194,-8.50806451612903,194.838709677419,15.6804546355043,0,0.105928669874056,0.0502175163544514,0.522358671655689,1.18399998328504,0.201515592575359,-0.284090684962486,-0.810853292497521,-1.09189351779546,-1.44608561548119,-1.37691941268344,-1.38839808144138,-1.42075558459399,742.410325540967,0.321930782976505,0.127092073299086,2815,0.50958904109589
"Road",2019,2,37904.9143415179,3.64285714285714,391.657142639286,275.142857142857,-2.03571428571429,-15.0535714285714,-8.54464285714286,207.142857142857,18.5935027013342,0,1.29059024833813,0.914755670009624,0.712984800883547,0.985404835814959,1.34191789972144,0.569415980907687,0.136755448146622,-0.491597880763211,-0.843822948080214,-1.29052792743602,-1.24045075242508,-1.25776063096174,900.811428070358,0.321013424570051,0.113870567427194,2815,0.50958904109589
"Road",2019,3,42274.6838457677,5.38709677419355,509.625806745161,352.258064516129,3.7258064516129,-9.01612903225806,-2.64516129032258,323.870967741935,44.4471109764266,0,0.995222839270322,1.28713560135628,1.07755932890622,1.02411745240906,1.22498927594927,1.44407463103758,0.911684595566946,0.499467626449623,-0.138993561227956,-0.494663136204558,-1.01788895676242,-1.00955730458533,1172.13935551387,0.502949085284588,0.179078117542653,2815,0.50958904109589
"Road",2019,4,46932.4800781267,2.46666666666667,597.97333374,360,9.38333333333333,-3.46666666666667,2.95833333333333,488,74.0728181976278,25.3276623310911,0.0248164203453246,0.641424094073167,0.910085172796268,0.827684223211439,0.817026826571715,0.968839562488298,1.14812757712204,0.759001880472614,0.455239382728432,-0.0970938072642404,-0.410170443113302,-0.911076639178795,1375.338667602,0.755242708642169,0.267242708642169,2815,0.50958904109589
"Road",2019,5,50847.7935987871,2.64516129032258,624.412898896774,312.903225806452,11.1774193548387,-1.88709677419355,4.64516129032258,534.193548387097,94.4486100839523,40.5819844048079,1.51508893675882,1.07217115203148,1.192791278859,1.31068933820193,1.23293606359423,1.28881554029604,1.39915386804192,1.49815901054794,1.26016649366897,1.01824662300983,0.497718771493681,0.154981084295752,1436.14966746258,0.85049891434785,0.316305365960752,2815,0.50958904109589
"Road",2019,6,52784.6404947633,0.833333333333333,657.386664836667,227.733333333333,18.8333333333333,3.25,11.0416666666667,628,134.120543512838,81.3620693830777,1.24336098614647,1.78642976080139,1.32588641877471,1.36957742263545,1.45916164188748,1.39128153344351,1.4190846171022,1.48621758305872,1.5764121673364,1.39653189952422,1.22458689460056,0.787164901845238,1511.98932912433,1.31539356386411,0.687393563864114,2815,0.50958904109589
"Road",2019,7,51929.1872479839,0.67741935483871,580.129030290323,85.5483870967742,23.741935483871,6.85483870967742,15.2983870967742,774.193548387097,160.948226988788,107.602641299727,-0.292627878701204,0.705886813882542,1.29035144428572,1.03586255567923,1.16905847900717,1.29719130306971,1.24409071438338,1.26433546638142,1.32763786484557,1.43408121251255,1.25102949105982,1.06775612939876,1334.29676966774,1.73721896644214,0.963025418055039,2815,0.50958904109589
"Road",2019,8,48495.4838709677,1,475.870974629032,0,23.4677419354839,6.64516129032258,15.0564516129032,652.903225806452,143.262447000723,99.8404793470074,-1.17490888511919,-0.794331599477678,0.0562037123701006,0.795633780596089,0.630942098070755,0.832243721433123,0.997557203041479,0.957610815671208,0.971623699999325,1.05964171463143,1.20405579490438,0.972269919446051,1094.50324164677,1.71039620915254,1.05749298334609,2815,0.50958904109589
"Road",2019,9,43983.3600260433,0.466666666666667,427.946666463333,0,20.4333333333333,3.53333333333333,11.9833333333333,501.333333333333,103.978287304257,73.1139253117976,-1.55786211415841,-1.80636340039671,-1.24377935374135,-0.409516975849285,0.300708344052097,0.229446527154435,0.444190282276758,0.622345588154488,0.599984086401801,0.608240709290881,0.708142266286641,0.871090537713763,984.277332865666,1.40000398166642,0.898670648333085,2815,0.50958904109589
"Road",2019,10,39320.3612651161,1.09677419354839,366.451612903226,7.09677419354839,10,-6.7258064516129,1.63709677419355,294.193548387097,52.385494920417,13.721519883342,0.619599577071118,-0.703662049103219,-1.35625944202972,-0.981905203514442,-0.213133023162645,0.420928072002102,0.327808994336199,0.545695966059783,0.713681744076286,0.689780297424269,0.693412879573782,0.788268113189042,842.83870967742,0.687358295247303,0.393164746860206,2815,0.50958904109589
"Road",2019,11,35412.4798177133,1.06666666666667,301.440000913333,28,5.95,-8.23333333333333,-1.14166666666667,290.666666666667,29.6991562413295,0,-0.92187970292169,-0.218284854579353,-1.03682333517617,-1.66166556937568,-1.23436556062592,-0.355875613279562,0.270639406283505,0.200088388956141,0.413628526317631,0.581447073812454,0.564460093366829,0.568439253237584,693.312002100666,0.561953302935695,0.271286636269028,2815,0.50958904109589
"Road",2019,12,33592.31953128,3.1,272.32000224,98.8,-1.23333333333333,-14.2166666666667,-7.725,218.666666666667,15.0314890660893,0,0.175226872630601,-0.711845088581486,-0.181491301995571,-0.909277226001156,-1.4391803122534,-1.15522789533233,-0.34349828553806,0.287417818594156,0.219502761610745,0.428961856954664,0.59731850126698,0.579744283393863,626.336005152,0.342137664259753,0.123470997593086,2815,0.50958904109589
